psm_id	modification	site	position
PSM812_2_10027	Carbamidomethyl	C	19
PSM812_2_10032	Carbamidomethyl	C	6
PSM812_2_10033	Carbamidomethyl	C	6
PSM812_2_10034	Carbamidomethyl	C	6
PSM812_2_10035	Carbamidomethyl	C	6
PSM812_2_10036	Carbamidomethyl	C	6
PSM812_2_10037	Carbamidomethyl	C	5
PSM812_2_10045	Carbamidomethyl	C	7
PSM812_2_10046	Carbamidomethyl	C	7
PSM812_2_10047	Carbamidomethyl	C	7
PSM812_2_10048	Carbamidomethyl	C	7
PSM812_2_10049	Carbamidomethyl	C	15
PSM812_2_10054	Carbamidomethyl	C	4
PSM812_2_10055	Carbamidomethyl	C	4
PSM812_2_10056	Carbamidomethyl	C	4
PSM812_2_10058	Carbamidomethyl	C	10
PSM812_2_10059	Carbamidomethyl	C	10
PSM812_2_10060	Carbamidomethyl	C	10
PSM812_2_10061	Carbamidomethyl	C	10
PSM812_2_10062	Carbamidomethyl	C	10
PSM812_2_10063	Carbamidomethyl	C	10
PSM812_2_10064	Carbamidomethyl	C	10
PSM812_2_10075	Carbamidomethyl	C	8
PSM812_2_10076	Carbamidomethyl	C	8
PSM812_2_10082	Carbamidomethyl	C	11
PSM812_2_10083	Carbamidomethyl	C	11
PSM812_2_10084	Carbamidomethyl	C	11
PSM812_2_10087	Carbamidomethyl	C	11
PSM812_2_10088	Carbamidomethyl	C	11
PSM812_2_10089	Carbamidomethyl	C	11
PSM812_2_10090	Carbamidomethyl	C	11
PSM812_2_101	Carbamidomethyl	C	1
PSM812_2_10117	Carbamidomethyl	C	6
PSM812_2_10118	Carbamidomethyl	C	6
PSM812_2_10119	Carbamidomethyl	C	6
PSM812_2_10120	Carbamidomethyl	C	12
PSM812_2_10120	Carbamidomethyl	C	13
PSM812_2_10121	Carbamidomethyl	C	12
PSM812_2_10121	Carbamidomethyl	C	13
PSM812_2_10122	Carbamidomethyl	C	17
PSM812_2_10123	Carbamidomethyl	C	17
PSM812_2_10124	Carbamidomethyl	C	12
PSM812_2_10125	Carbamidomethyl	C	12
PSM812_2_10126	Carbamidomethyl	C	12
PSM812_2_10127	Carbamidomethyl	C	12
PSM812_2_1013	Carbamidomethyl	C	27
PSM812_2_1014	Carbamidomethyl	C	27
PSM812_2_1015	Carbamidomethyl	C	27
PSM812_2_1016	Carbamidomethyl	C	27
PSM812_2_10162	Carbamidomethyl	C	5
PSM812_2_10163	Carbamidomethyl	C	5
PSM812_2_10164	Carbamidomethyl	C	5
PSM812_2_10165	Carbamidomethyl	C	5
PSM812_2_10166	Carbamidomethyl	C	5
PSM812_2_1017	Carbamidomethyl	C	27
PSM812_2_10177	Carbamidomethyl	C	16
PSM812_2_10178	Carbamidomethyl	C	16
PSM812_2_1018	Carbamidomethyl	C	27
PSM812_2_10181	Carbamidomethyl	C	1
PSM812_2_10182	Carbamidomethyl	C	1
PSM812_2_10183	Carbamidomethyl	C	1
PSM812_2_10184	Carbamidomethyl	C	1
PSM812_2_1019	Carbamidomethyl	C	27
PSM812_2_10192	Carbamidomethyl	C	6
PSM812_2_10193	Carbamidomethyl	C	6
PSM812_2_10194	Carbamidomethyl	C	6
PSM812_2_102	Carbamidomethyl	C	1
PSM812_2_1020	Carbamidomethyl	C	27
PSM812_2_1021	Carbamidomethyl	C	27
PSM812_2_1022	Carbamidomethyl	C	27
PSM812_2_1023	Carbamidomethyl	C	27
PSM812_2_1024	Carbamidomethyl	C	27
PSM812_2_10243	Carbamidomethyl	C	6
PSM812_2_10244	Carbamidomethyl	C	6
PSM812_2_10245	Carbamidomethyl	C	6
PSM812_2_10246	Carbamidomethyl	C	6
PSM812_2_10247	Carbamidomethyl	C	6
PSM812_2_10248	Carbamidomethyl	C	6
PSM812_2_10249	Carbamidomethyl	C	6
PSM812_2_1025	Carbamidomethyl	C	27
PSM812_2_10250	Carbamidomethyl	C	6
PSM812_2_10251	Carbamidomethyl	C	6
PSM812_2_10252	Carbamidomethyl	C	6
PSM812_2_10253	Carbamidomethyl	C	6
PSM812_2_10254	Carbamidomethyl	C	9
PSM812_2_10255	Carbamidomethyl	C	9
PSM812_2_10256	Carbamidomethyl	C	9
PSM812_2_10257	Carbamidomethyl	C	9
PSM812_2_10258	Carbamidomethyl	C	9
PSM812_2_1026	Carbamidomethyl	C	27
PSM812_2_10269	Carbamidomethyl	C	3
PSM812_2_1027	Carbamidomethyl	C	27
PSM812_2_10270	Carbamidomethyl	C	3
PSM812_2_10271	Carbamidomethyl	C	3
PSM812_2_10272	Carbamidomethyl	C	3
PSM812_2_10273	Carbamidomethyl	C	8
PSM812_2_10274	Carbamidomethyl	C	8
PSM812_2_1028	Carbamidomethyl	C	27
PSM812_2_10288	Carbamidomethyl	C	16
PSM812_2_10289	Carbamidomethyl	C	16
PSM812_2_1029	Carbamidomethyl	C	27
PSM812_2_103	Carbamidomethyl	C	1
PSM812_2_1030	Carbamidomethyl	C	27
PSM812_2_1031	Carbamidomethyl	C	27
PSM812_2_1032	Carbamidomethyl	C	27
PSM812_2_1033	Carbamidomethyl	C	27
PSM812_2_1034	Carbamidomethyl	C	27
PSM812_2_10341	Carbamidomethyl	C	16
PSM812_2_10342	Carbamidomethyl	C	16
PSM812_2_10343	Carbamidomethyl	C	13
PSM812_2_10343	Carbamidomethyl	C	15
PSM812_2_10344	Carbamidomethyl	C	13
PSM812_2_10344	Carbamidomethyl	C	15
PSM812_2_10345	Carbamidomethyl	C	13
PSM812_2_10345	Carbamidomethyl	C	15
PSM812_2_10346	Carbamidomethyl	C	13
PSM812_2_10346	Carbamidomethyl	C	15
PSM812_2_10347	Carbamidomethyl	C	13
PSM812_2_10347	Carbamidomethyl	C	15
PSM812_2_10348	Carbamidomethyl	C	12
PSM812_2_1035	Carbamidomethyl	C	27
PSM812_2_10353	Carbamidomethyl	C	13
PSM812_2_10353	Carbamidomethyl	C	15
PSM812_2_10354	Carbamidomethyl	C	13
PSM812_2_10354	Carbamidomethyl	C	15
PSM812_2_10355	Carbamidomethyl	C	13
PSM812_2_10355	Carbamidomethyl	C	15
PSM812_2_10356	Carbamidomethyl	C	13
PSM812_2_10356	Carbamidomethyl	C	15
PSM812_2_1036	Carbamidomethyl	C	27
PSM812_2_1037	Carbamidomethyl	C	27
PSM812_2_1038	Carbamidomethyl	C	27
PSM812_2_10381	Carbamidomethyl	C	4
PSM812_2_10381	Carbamidomethyl	C	21
PSM812_2_10382	Carbamidomethyl	C	4
PSM812_2_10382	Carbamidomethyl	C	21
PSM812_2_10383	Carbamidomethyl	C	4
PSM812_2_10383	Carbamidomethyl	C	21
PSM812_2_10384	Carbamidomethyl	C	4
PSM812_2_10384	Carbamidomethyl	C	21
PSM812_2_10385	Carbamidomethyl	C	4
PSM812_2_10385	Carbamidomethyl	C	21
PSM812_2_10388	Carbamidomethyl	C	11
PSM812_2_10389	Carbamidomethyl	C	11
PSM812_2_1039	Carbamidomethyl	C	27
PSM812_2_10390	Carbamidomethyl	C	11
PSM812_2_10391	Carbamidomethyl	C	11
PSM812_2_10392	Carbamidomethyl	C	11
PSM812_2_10393	Carbamidomethyl	C	10
PSM812_2_10394	Carbamidomethyl	C	10
PSM812_2_10395	Carbamidomethyl	C	10
PSM812_2_10396	Carbamidomethyl	C	10
PSM812_2_10397	Carbamidomethyl	C	10
PSM812_2_104	Carbamidomethyl	C	1
PSM812_2_1040	Carbamidomethyl	C	27
PSM812_2_10402	Carbamidomethyl	C	17
PSM812_2_1041	Carbamidomethyl	C	27
PSM812_2_10415	Carbamidomethyl	C	7
PSM812_2_10416	Carbamidomethyl	C	7
PSM812_2_10417	Carbamidomethyl	C	7
PSM812_2_10418	Carbamidomethyl	C	7
PSM812_2_10419	Carbamidomethyl	C	7
PSM812_2_1042	Carbamidomethyl	C	27
PSM812_2_10420	Carbamidomethyl	C	7
PSM812_2_10425	Carbamidomethyl	C	19
PSM812_2_10426	Carbamidomethyl	C	19
PSM812_2_10427	Carbamidomethyl	C	19
PSM812_2_10428	Carbamidomethyl	C	19
PSM812_2_10429	Carbamidomethyl	C	19
PSM812_2_10433	Carbamidomethyl	C	6
PSM812_2_10433	Carbamidomethyl	C	7
PSM812_2_10434	Carbamidomethyl	C	6
PSM812_2_10434	Carbamidomethyl	C	7
PSM812_2_10435	Carbamidomethyl	C	6
PSM812_2_10435	Carbamidomethyl	C	7
PSM812_2_10436	Carbamidomethyl	C	6
PSM812_2_10436	Carbamidomethyl	C	7
PSM812_2_10437	Carbamidomethyl	C	6
PSM812_2_10437	Carbamidomethyl	C	7
PSM812_2_10438	Carbamidomethyl	C	6
PSM812_2_10438	Carbamidomethyl	C	7
PSM812_2_10439	Carbamidomethyl	C	6
PSM812_2_10439	Carbamidomethyl	C	7
PSM812_2_10440	Carbamidomethyl	C	6
PSM812_2_10440	Carbamidomethyl	C	7
PSM812_2_10441	Carbamidomethyl	C	6
PSM812_2_10441	Carbamidomethyl	C	7
PSM812_2_10442	Carbamidomethyl	C	6
PSM812_2_10442	Carbamidomethyl	C	7
PSM812_2_10443	Carbamidomethyl	C	21
PSM812_2_10444	Carbamidomethyl	C	21
PSM812_2_10446	Carbamidomethyl	C	4
PSM812_2_10447	Carbamidomethyl	C	4
PSM812_2_10448	Carbamidomethyl	C	4
PSM812_2_10451	Carbamidomethyl	C	8
PSM812_2_1047	Carbamidomethyl	C	14
PSM812_2_1047	Carbamidomethyl	C	18
PSM812_2_1048	Carbamidomethyl	C	14
PSM812_2_1048	Carbamidomethyl	C	18
PSM812_2_10482	Carbamidomethyl	C	13
PSM812_2_10483	Carbamidomethyl	C	13
PSM812_2_10484	Carbamidomethyl	C	13
PSM812_2_10485	Carbamidomethyl	C	13
PSM812_2_1049	Carbamidomethyl	C	14
PSM812_2_1049	Carbamidomethyl	C	18
PSM812_2_105	Carbamidomethyl	C	1
PSM812_2_1050	Carbamidomethyl	C	14
PSM812_2_1050	Carbamidomethyl	C	18
PSM812_2_1051	Acetyl	N-term	
PSM812_2_10514	Carbamidomethyl	C	20
PSM812_2_10515	Carbamidomethyl	C	20
PSM812_2_10516	Carbamidomethyl	C	20
PSM812_2_1052	Acetyl	N-term	
PSM812_2_1053	Acetyl	N-term	
PSM812_2_10531	Carbamidomethyl	C	23
PSM812_2_10532	Carbamidomethyl	C	23
PSM812_2_10537	Carbamidomethyl	C	12
PSM812_2_10537	Carbamidomethyl	C	16
PSM812_2_1054	Acetyl	N-term	
PSM812_2_1055	Carbamidomethyl	C	5
PSM812_2_1056	Carbamidomethyl	C	5
PSM812_2_10567	Carbamidomethyl	C	9
PSM812_2_1057	Carbamidomethyl	C	5
PSM812_2_10574	Carbamidomethyl	C	14
PSM812_2_10575	Carbamidomethyl	C	14
PSM812_2_10576	Carbamidomethyl	C	21
PSM812_2_10577	Carbamidomethyl	C	21
PSM812_2_10578	Carbamidomethyl	C	21
PSM812_2_10579	Carbamidomethyl	C	21
PSM812_2_1058	Carbamidomethyl	C	5
PSM812_2_10580	Carbamidomethyl	C	21
PSM812_2_10581	Carbamidomethyl	C	21
PSM812_2_1059	Carbamidomethyl	C	5
PSM812_2_10592	Ammonia-loss	N-term	
PSM812_2_10592	Carbamidomethyl	C	1
PSM812_2_10592	Carbamidomethyl	C	20
PSM812_2_10593	Ammonia-loss	N-term	
PSM812_2_10593	Carbamidomethyl	C	1
PSM812_2_10593	Carbamidomethyl	C	20
PSM812_2_10594	Ammonia-loss	N-term	
PSM812_2_10594	Carbamidomethyl	C	1
PSM812_2_10594	Carbamidomethyl	C	20
PSM812_2_10595	Ammonia-loss	N-term	
PSM812_2_10595	Carbamidomethyl	C	1
PSM812_2_10595	Carbamidomethyl	C	20
PSM812_2_10596	Gln->pyro-Glu	N-term	
PSM812_2_10597	Acetyl	N-term	
PSM812_2_10597	Carbamidomethyl	C	18
PSM812_2_10598	Acetyl	N-term	
PSM812_2_10598	Carbamidomethyl	C	18
PSM812_2_10599	Acetyl	N-term	
PSM812_2_10599	Carbamidomethyl	C	18
PSM812_2_106	Carbamidomethyl	C	1
PSM812_2_1060	Carbamidomethyl	C	5
PSM812_2_10600	Ammonia-loss	N-term	
PSM812_2_10600	Carbamidomethyl	C	1
PSM812_2_10601	Ammonia-loss	N-term	
PSM812_2_10601	Carbamidomethyl	C	1
PSM812_2_10602	Ammonia-loss	N-term	
PSM812_2_10602	Carbamidomethyl	C	1
PSM812_2_10603	Ammonia-loss	N-term	
PSM812_2_10603	Carbamidomethyl	C	1
PSM812_2_10604	Ammonia-loss	N-term	
PSM812_2_10604	Carbamidomethyl	C	1
PSM812_2_10605	Ammonia-loss	N-term	
PSM812_2_10605	Carbamidomethyl	C	1
PSM812_2_10606	Acetyl	N-term	
PSM812_2_10606	Carbamidomethyl	C	12
PSM812_2_10607	Acetyl	N-term	
PSM812_2_10607	Carbamidomethyl	C	12
PSM812_2_10608	Acetyl	N-term	
PSM812_2_10608	Carbamidomethyl	C	12
PSM812_2_10609	Acetyl	N-term	
PSM812_2_10609	Carbamidomethyl	C	12
PSM812_2_1061	Carbamidomethyl	C	5
PSM812_2_10610	Acetyl	N-term	
PSM812_2_10610	Carbamidomethyl	C	12
PSM812_2_10611	Acetyl	N-term	
PSM812_2_10611	Carbamidomethyl	C	12
PSM812_2_10612	Acetyl	N-term	
PSM812_2_10612	Carbamidomethyl	C	12
PSM812_2_10613	Acetyl	N-term	
PSM812_2_10614	Acetyl	N-term	
PSM812_2_10615	Acetyl	N-term	
PSM812_2_1062	Carbamidomethyl	C	5
PSM812_2_1063	Carbamidomethyl	C	5
PSM812_2_1064	Carbamidomethyl	C	5
PSM812_2_10654	Carbamidomethyl	C	12
PSM812_2_10655	Carbamidomethyl	C	12
PSM812_2_10656	Carbamidomethyl	C	9
PSM812_2_10657	Carbamidomethyl	C	9
PSM812_2_10658	Carbamidomethyl	C	9
PSM812_2_10659	Carbamidomethyl	C	9
PSM812_2_10660	Carbamidomethyl	C	9
PSM812_2_10661	Carbamidomethyl	C	9
PSM812_2_10662	Carbamidomethyl	C	9
PSM812_2_10663	Carbamidomethyl	C	9
PSM812_2_10664	Carbamidomethyl	C	9
PSM812_2_10665	Carbamidomethyl	C	9
PSM812_2_10666	Carbamidomethyl	C	9
PSM812_2_10667	Carbamidomethyl	C	9
PSM812_2_10668	Carbamidomethyl	C	9
PSM812_2_10684	Carbamidomethyl	C	19
PSM812_2_10685	Carbamidomethyl	C	19
PSM812_2_10686	Carbamidomethyl	C	19
PSM812_2_10694	Carbamidomethyl	C	5
PSM812_2_10695	Carbamidomethyl	C	5
PSM812_2_10696	Carbamidomethyl	C	28
PSM812_2_10697	Carbamidomethyl	C	28
PSM812_2_10698	Carbamidomethyl	C	28
PSM812_2_10699	Carbamidomethyl	C	28
PSM812_2_107	Carbamidomethyl	C	1
PSM812_2_10700	Carbamidomethyl	C	28
PSM812_2_10701	Carbamidomethyl	C	28
PSM812_2_10702	Carbamidomethyl	C	32
PSM812_2_10703	Carbamidomethyl	C	32
PSM812_2_10704	Carbamidomethyl	C	32
PSM812_2_10706	Carbamidomethyl	C	5
PSM812_2_10707	Carbamidomethyl	C	5
PSM812_2_10708	Carbamidomethyl	C	5
PSM812_2_10709	Carbamidomethyl	C	5
PSM812_2_10710	Carbamidomethyl	C	5
PSM812_2_10711	Carbamidomethyl	C	5
PSM812_2_10712	Carbamidomethyl	C	5
PSM812_2_10718	Carbamidomethyl	C	9
PSM812_2_10719	Carbamidomethyl	C	5
PSM812_2_10719	Carbamidomethyl	C	20
PSM812_2_10720	Carbamidomethyl	C	5
PSM812_2_10720	Carbamidomethyl	C	20
PSM812_2_10721	Carbamidomethyl	C	5
PSM812_2_10721	Carbamidomethyl	C	20
PSM812_2_10722	Carbamidomethyl	C	19
PSM812_2_10723	Carbamidomethyl	C	19
PSM812_2_10724	Carbamidomethyl	C	19
PSM812_2_10725	Carbamidomethyl	C	19
PSM812_2_10751	Carbamidomethyl	C	3
PSM812_2_10752	Carbamidomethyl	C	3
PSM812_2_10753	Carbamidomethyl	C	3
PSM812_2_10779	Carbamidomethyl	C	19
PSM812_2_10780	Carbamidomethyl	C	19
PSM812_2_10781	Carbamidomethyl	C	19
PSM812_2_10782	Carbamidomethyl	C	19
PSM812_2_10783	Carbamidomethyl	C	19
PSM812_2_10784	Carbamidomethyl	C	19
PSM812_2_10785	Carbamidomethyl	C	19
PSM812_2_10790	Carbamidomethyl	C	21
PSM812_2_10791	Carbamidomethyl	C	21
PSM812_2_108	Carbamidomethyl	C	1
PSM812_2_10807	Carbamidomethyl	C	9
PSM812_2_10808	Carbamidomethyl	C	9
PSM812_2_10809	Carbamidomethyl	C	9
PSM812_2_10810	Carbamidomethyl	C	9
PSM812_2_10811	Carbamidomethyl	C	9
PSM812_2_10812	Carbamidomethyl	C	9
PSM812_2_10817	Carbamidomethyl	C	5
PSM812_2_10818	Carbamidomethyl	C	5
PSM812_2_10819	Carbamidomethyl	C	5
PSM812_2_10820	Carbamidomethyl	C	5
PSM812_2_10821	Carbamidomethyl	C	18
PSM812_2_10822	Carbamidomethyl	C	8
PSM812_2_10823	Carbamidomethyl	C	8
PSM812_2_10824	Carbamidomethyl	C	8
PSM812_2_10825	Carbamidomethyl	C	8
PSM812_2_10841	Carbamidomethyl	C	22
PSM812_2_10842	Carbamidomethyl	C	22
PSM812_2_10843	Carbamidomethyl	C	22
PSM812_2_1086	Carbamidomethyl	C	3
PSM812_2_1086	Carbamidomethyl	C	9
PSM812_2_10869	Carbamidomethyl	C	45
PSM812_2_10869	Carbamidomethyl	C	48
PSM812_2_1087	Carbamidomethyl	C	3
PSM812_2_1087	Carbamidomethyl	C	9
PSM812_2_10870	Carbamidomethyl	C	45
PSM812_2_10870	Carbamidomethyl	C	48
PSM812_2_10871	Carbamidomethyl	C	45
PSM812_2_10871	Carbamidomethyl	C	48
PSM812_2_10872	Carbamidomethyl	C	45
PSM812_2_10872	Carbamidomethyl	C	48
PSM812_2_10873	Carbamidomethyl	C	45
PSM812_2_10873	Carbamidomethyl	C	48
PSM812_2_10874	Carbamidomethyl	C	45
PSM812_2_10874	Carbamidomethyl	C	48
PSM812_2_10875	Carbamidomethyl	C	45
PSM812_2_10875	Carbamidomethyl	C	48
PSM812_2_10876	Carbamidomethyl	C	45
PSM812_2_10876	Carbamidomethyl	C	48
PSM812_2_10877	Carbamidomethyl	C	45
PSM812_2_10877	Carbamidomethyl	C	48
PSM812_2_10878	Carbamidomethyl	C	45
PSM812_2_10878	Carbamidomethyl	C	48
PSM812_2_10879	Carbamidomethyl	C	45
PSM812_2_10879	Carbamidomethyl	C	48
PSM812_2_1088	Carbamidomethyl	C	3
PSM812_2_1088	Carbamidomethyl	C	9
PSM812_2_10880	Carbamidomethyl	C	45
PSM812_2_10880	Carbamidomethyl	C	48
PSM812_2_10881	Carbamidomethyl	C	45
PSM812_2_10881	Carbamidomethyl	C	48
PSM812_2_10882	Carbamidomethyl	C	45
PSM812_2_10882	Carbamidomethyl	C	48
PSM812_2_10883	Carbamidomethyl	C	45
PSM812_2_10883	Carbamidomethyl	C	48
PSM812_2_10884	Carbamidomethyl	C	45
PSM812_2_10884	Carbamidomethyl	C	48
PSM812_2_10885	Carbamidomethyl	C	45
PSM812_2_10885	Carbamidomethyl	C	48
PSM812_2_10886	Carbamidomethyl	C	45
PSM812_2_10886	Carbamidomethyl	C	48
PSM812_2_10887	Carbamidomethyl	C	45
PSM812_2_10887	Carbamidomethyl	C	48
PSM812_2_10888	Carbamidomethyl	C	45
PSM812_2_10888	Carbamidomethyl	C	48
PSM812_2_10889	Carbamidomethyl	C	45
PSM812_2_10889	Carbamidomethyl	C	48
PSM812_2_1089	Carbamidomethyl	C	3
PSM812_2_1089	Carbamidomethyl	C	9
PSM812_2_10890	Carbamidomethyl	C	45
PSM812_2_10890	Carbamidomethyl	C	48
PSM812_2_10891	Carbamidomethyl	C	45
PSM812_2_10891	Carbamidomethyl	C	48
PSM812_2_10892	Carbamidomethyl	C	45
PSM812_2_10892	Carbamidomethyl	C	48
PSM812_2_10893	Carbamidomethyl	C	45
PSM812_2_10893	Carbamidomethyl	C	48
PSM812_2_10894	Carbamidomethyl	C	45
PSM812_2_10894	Carbamidomethyl	C	48
PSM812_2_10895	Carbamidomethyl	C	45
PSM812_2_10895	Carbamidomethyl	C	48
PSM812_2_109	Ammonia-loss	N-term	
PSM812_2_109	Carbamidomethyl	C	1
PSM812_2_1090	Carbamidomethyl	C	3
PSM812_2_1090	Carbamidomethyl	C	9
PSM812_2_1091	Carbamidomethyl	C	3
PSM812_2_1091	Carbamidomethyl	C	9
PSM812_2_10919	Carbamidomethyl	C	29
PSM812_2_1092	Carbamidomethyl	C	3
PSM812_2_1092	Carbamidomethyl	C	9
PSM812_2_10920	Carbamidomethyl	C	29
PSM812_2_10921	Carbamidomethyl	C	29
PSM812_2_10922	Carbamidomethyl	C	29
PSM812_2_1093	Carbamidomethyl	C	3
PSM812_2_1093	Carbamidomethyl	C	9
PSM812_2_1094	Carbamidomethyl	C	3
PSM812_2_1094	Carbamidomethyl	C	9
PSM812_2_10942	Gln->pyro-Glu	N-term	
PSM812_2_10943	Gln->pyro-Glu	N-term	
PSM812_2_10944	Gln->pyro-Glu	N-term	
PSM812_2_10945	Gln->pyro-Glu	N-term	
PSM812_2_10946	Gln->pyro-Glu	N-term	
PSM812_2_10947	Gln->pyro-Glu	N-term	
PSM812_2_10948	Gln->pyro-Glu	N-term	
PSM812_2_10949	Gln->pyro-Glu	N-term	
PSM812_2_1095	Carbamidomethyl	C	3
PSM812_2_1095	Carbamidomethyl	C	9
PSM812_2_10950	Gln->pyro-Glu	N-term	
PSM812_2_10951	Gln->pyro-Glu	N-term	
PSM812_2_10952	Acetyl	N-term	
PSM812_2_10953	Acetyl	N-term	
PSM812_2_10954	Acetyl	N-term	
PSM812_2_10955	Acetyl	N-term	
PSM812_2_10956	Acetyl	N-term	
PSM812_2_10957	Acetyl	N-term	
PSM812_2_10958	Acetyl	N-term	
PSM812_2_1096	Carbamidomethyl	C	3
PSM812_2_1096	Carbamidomethyl	C	9
PSM812_2_10964	Ammonia-loss	N-term	
PSM812_2_10964	Carbamidomethyl	C	1
PSM812_2_10965	Ammonia-loss	N-term	
PSM812_2_10965	Carbamidomethyl	C	1
PSM812_2_10969	Acetyl	N-term	
PSM812_2_1097	Carbamidomethyl	C	3
PSM812_2_1097	Carbamidomethyl	C	9
PSM812_2_10970	Acetyl	N-term	
PSM812_2_10971	Acetyl	N-term	
PSM812_2_10972	Acetyl	N-term	
PSM812_2_10973	Acetyl	N-term	
PSM812_2_10974	Acetyl	N-term	
PSM812_2_10975	Carbamidomethyl	C	13
PSM812_2_10976	Carbamidomethyl	C	13
PSM812_2_1098	Carbamidomethyl	C	3
PSM812_2_1098	Carbamidomethyl	C	9
PSM812_2_10982	Carbamidomethyl	C	23
PSM812_2_10983	Carbamidomethyl	C	23
PSM812_2_10984	Carbamidomethyl	C	23
PSM812_2_10985	Carbamidomethyl	C	23
PSM812_2_1099	Carbamidomethyl	C	3
PSM812_2_1099	Carbamidomethyl	C	9
PSM812_2_10995	Carbamidomethyl	C	13
PSM812_2_10996	Carbamidomethyl	C	13
PSM812_2_10997	Carbamidomethyl	C	13
PSM812_2_10998	Carbamidomethyl	C	13
PSM812_2_10999	Carbamidomethyl	C	13
PSM812_2_110	Ammonia-loss	N-term	
PSM812_2_110	Carbamidomethyl	C	1
PSM812_2_11000	Carbamidomethyl	C	13
PSM812_2_11001	Carbamidomethyl	C	13
PSM812_2_11002	Carbamidomethyl	C	4
PSM812_2_11003	Carbamidomethyl	C	4
PSM812_2_11004	Carbamidomethyl	C	4
PSM812_2_11005	Carbamidomethyl	C	4
PSM812_2_11019	Carbamidomethyl	C	2
PSM812_2_11020	Carbamidomethyl	C	19
PSM812_2_11023	Carbamidomethyl	C	30
PSM812_2_11023	Carbamidomethyl	C	55
PSM812_2_11030	Carbamidomethyl	C	9
PSM812_2_11031	Carbamidomethyl	C	9
PSM812_2_11032	Carbamidomethyl	C	9
PSM812_2_11033	Carbamidomethyl	C	9
PSM812_2_11034	Carbamidomethyl	C	9
PSM812_2_11035	Carbamidomethyl	C	9
PSM812_2_11038	Carbamidomethyl	C	2
PSM812_2_11038	Carbamidomethyl	C	6
PSM812_2_11039	Carbamidomethyl	C	2
PSM812_2_11039	Carbamidomethyl	C	6
PSM812_2_11061	Carbamidomethyl	C	24
PSM812_2_11062	Carbamidomethyl	C	26
PSM812_2_11062	Carbamidomethyl	C	29
PSM812_2_11063	Carbamidomethyl	C	26
PSM812_2_11063	Carbamidomethyl	C	29
PSM812_2_11068	Acetyl	N-term	
PSM812_2_11072	Ammonia-loss	N-term	
PSM812_2_11072	Carbamidomethyl	C	1
PSM812_2_11072	Carbamidomethyl	C	12
PSM812_2_11073	Ammonia-loss	N-term	
PSM812_2_11073	Carbamidomethyl	C	1
PSM812_2_11073	Carbamidomethyl	C	12
PSM812_2_11074	Acetyl	N-term	
PSM812_2_11075	Acetyl	N-term	
PSM812_2_11077	Carbamidomethyl	C	11
PSM812_2_11078	Carbamidomethyl	C	11
PSM812_2_11088	Carbamidomethyl	C	5
PSM812_2_11091	Carbamidomethyl	C	2
PSM812_2_11092	Carbamidomethyl	C	2
PSM812_2_111	Ammonia-loss	N-term	
PSM812_2_111	Carbamidomethyl	C	1
PSM812_2_11111	Gln->pyro-Glu	N-term	
PSM812_2_11112	Gln->pyro-Glu	N-term	
PSM812_2_11118	Carbamidomethyl	C	2
PSM812_2_11119	Carbamidomethyl	C	2
PSM812_2_11124	Carbamidomethyl	C	11
PSM812_2_11125	Carbamidomethyl	C	11
PSM812_2_11134	Carbamidomethyl	C	12
PSM812_2_11135	Carbamidomethyl	C	12
PSM812_2_11136	Carbamidomethyl	C	12
PSM812_2_11137	Carbamidomethyl	C	12
PSM812_2_11138	Carbamidomethyl	C	12
PSM812_2_11139	Carbamidomethyl	C	12
PSM812_2_11140	Carbamidomethyl	C	15
PSM812_2_11141	Carbamidomethyl	C	15
PSM812_2_11162	Carbamidomethyl	C	6
PSM812_2_11163	Carbamidomethyl	C	6
PSM812_2_11164	Carbamidomethyl	C	6
PSM812_2_11165	Carbamidomethyl	C	6
PSM812_2_11166	Carbamidomethyl	C	6
PSM812_2_11167	Carbamidomethyl	C	6
PSM812_2_11168	Carbamidomethyl	C	6
PSM812_2_11169	Carbamidomethyl	C	6
PSM812_2_11193	Carbamidomethyl	C	12
PSM812_2_11194	Carbamidomethyl	C	12
PSM812_2_11195	Carbamidomethyl	C	12
PSM812_2_11196	Carbamidomethyl	C	12
PSM812_2_112	Ammonia-loss	N-term	
PSM812_2_112	Carbamidomethyl	C	1
PSM812_2_11215	Carbamidomethyl	C	3
PSM812_2_11215	Carbamidomethyl	C	5
PSM812_2_11215	Carbamidomethyl	C	17
PSM812_2_11216	Carbamidomethyl	C	3
PSM812_2_11216	Carbamidomethyl	C	5
PSM812_2_11216	Carbamidomethyl	C	17
PSM812_2_11217	Carbamidomethyl	C	3
PSM812_2_11223	Carbamidomethyl	C	4
PSM812_2_11224	Carbamidomethyl	C	4
PSM812_2_11225	Carbamidomethyl	C	4
PSM812_2_11226	Carbamidomethyl	C	4
PSM812_2_11227	Carbamidomethyl	C	4
PSM812_2_11232	Carbamidomethyl	C	3
PSM812_2_11232	Carbamidomethyl	C	9
PSM812_2_11233	Carbamidomethyl	C	3
PSM812_2_11233	Carbamidomethyl	C	9
PSM812_2_11249	Carbamidomethyl	C	14
PSM812_2_11275	Carbamidomethyl	C	8
PSM812_2_11275	Carbamidomethyl	C	13
PSM812_2_11276	Carbamidomethyl	C	8
PSM812_2_11276	Carbamidomethyl	C	13
PSM812_2_11277	Carbamidomethyl	C	8
PSM812_2_11277	Carbamidomethyl	C	13
PSM812_2_11278	Carbamidomethyl	C	8
PSM812_2_11278	Carbamidomethyl	C	13
PSM812_2_11279	Carbamidomethyl	C	8
PSM812_2_11279	Carbamidomethyl	C	13
PSM812_2_11280	Carbamidomethyl	C	8
PSM812_2_11280	Carbamidomethyl	C	13
PSM812_2_11281	Carbamidomethyl	C	8
PSM812_2_11281	Carbamidomethyl	C	13
PSM812_2_113	Ammonia-loss	N-term	
PSM812_2_113	Carbamidomethyl	C	1
PSM812_2_11302	Carbamidomethyl	C	16
PSM812_2_11303	Carbamidomethyl	C	16
PSM812_2_11304	Carbamidomethyl	C	16
PSM812_2_11305	Carbamidomethyl	C	16
PSM812_2_11306	Carbamidomethyl	C	16
PSM812_2_11307	Carbamidomethyl	C	19
PSM812_2_11308	Carbamidomethyl	C	19
PSM812_2_11309	Carbamidomethyl	C	19
PSM812_2_11314	Carbamidomethyl	C	15
PSM812_2_11374	Carbamidomethyl	C	16
PSM812_2_11375	Carbamidomethyl	C	16
PSM812_2_11376	Carbamidomethyl	C	16
PSM812_2_11377	Carbamidomethyl	C	16
PSM812_2_11378	Carbamidomethyl	C	16
PSM812_2_11379	Carbamidomethyl	C	16
PSM812_2_11380	Carbamidomethyl	C	16
PSM812_2_11381	Carbamidomethyl	C	16
PSM812_2_11382	Carbamidomethyl	C	21
PSM812_2_1139	Carbamidomethyl	C	7
PSM812_2_11394	Carbamidomethyl	C	16
PSM812_2_11395	Carbamidomethyl	C	16
PSM812_2_11396	Carbamidomethyl	C	16
PSM812_2_11397	Carbamidomethyl	C	2
PSM812_2_11397	Carbamidomethyl	C	7
PSM812_2_11398	Carbamidomethyl	C	2
PSM812_2_11398	Carbamidomethyl	C	7
PSM812_2_11399	Carbamidomethyl	C	2
PSM812_2_11399	Carbamidomethyl	C	7
PSM812_2_114	Ammonia-loss	N-term	
PSM812_2_114	Carbamidomethyl	C	1
PSM812_2_1140	Carbamidomethyl	C	7
PSM812_2_11400	Carbamidomethyl	C	2
PSM812_2_11400	Carbamidomethyl	C	7
PSM812_2_11401	Carbamidomethyl	C	17
PSM812_2_11402	Carbamidomethyl	C	15
PSM812_2_11403	Carbamidomethyl	C	15
PSM812_2_11404	Carbamidomethyl	C	15
PSM812_2_11405	Carbamidomethyl	C	2
PSM812_2_1141	Carbamidomethyl	C	7
PSM812_2_1142	Carbamidomethyl	C	7
PSM812_2_1143	Carbamidomethyl	C	7
PSM812_2_11438	Acetyl	N-term	
PSM812_2_11439	Acetyl	N-term	
PSM812_2_1144	Carbamidomethyl	C	7
PSM812_2_11440	Acetyl	N-term	
PSM812_2_11441	Gln->pyro-Glu	N-term	
PSM812_2_11442	Acetyl	N-term	
PSM812_2_11443	Acetyl	N-term	
PSM812_2_11444	Acetyl	N-term	
PSM812_2_11445	Acetyl	N-term	
PSM812_2_11446	Acetyl	N-term	
PSM812_2_11447	Acetyl	N-term	
PSM812_2_11448	Acetyl	N-term	
PSM812_2_1145	Carbamidomethyl	C	7
PSM812_2_11458	Carbamidomethyl	C	8
PSM812_2_11459	Carbamidomethyl	C	8
PSM812_2_1146	Carbamidomethyl	C	7
PSM812_2_11460	Carbamidomethyl	C	10
PSM812_2_11460	Carbamidomethyl	C	20
PSM812_2_11461	Carbamidomethyl	C	10
PSM812_2_11461	Carbamidomethyl	C	20
PSM812_2_1147	Carbamidomethyl	C	7
PSM812_2_11475	Carbamidomethyl	C	2
PSM812_2_11475	Carbamidomethyl	C	6
PSM812_2_11476	Carbamidomethyl	C	2
PSM812_2_11476	Carbamidomethyl	C	6
PSM812_2_11477	Carbamidomethyl	C	2
PSM812_2_11477	Carbamidomethyl	C	6
PSM812_2_11478	Carbamidomethyl	C	2
PSM812_2_11478	Carbamidomethyl	C	6
PSM812_2_11479	Carbamidomethyl	C	2
PSM812_2_11479	Carbamidomethyl	C	6
PSM812_2_1148	Carbamidomethyl	C	7
PSM812_2_11489	Carbamidomethyl	C	17
PSM812_2_1149	Carbamidomethyl	C	7
PSM812_2_115	Ammonia-loss	N-term	
PSM812_2_115	Carbamidomethyl	C	1
PSM812_2_1150	Carbamidomethyl	C	7
PSM812_2_11502	Carbamidomethyl	C	12
PSM812_2_11503	Carbamidomethyl	C	12
PSM812_2_11504	Carbamidomethyl	C	12
PSM812_2_11505	Carbamidomethyl	C	12
PSM812_2_11506	Carbamidomethyl	C	12
PSM812_2_11507	Carbamidomethyl	C	1
PSM812_2_11508	Carbamidomethyl	C	1
PSM812_2_11509	Carbamidomethyl	C	1
PSM812_2_1151	Carbamidomethyl	C	7
PSM812_2_1152	Carbamidomethyl	C	2
PSM812_2_1153	Carbamidomethyl	C	2
PSM812_2_1154	Carbamidomethyl	C	2
PSM812_2_1155	Carbamidomethyl	C	2
PSM812_2_1156	Carbamidomethyl	C	2
PSM812_2_1157	Carbamidomethyl	C	2
PSM812_2_11575	Carbamidomethyl	C	21
PSM812_2_11576	Carbamidomethyl	C	21
PSM812_2_1158	Carbamidomethyl	C	2
PSM812_2_1159	Carbamidomethyl	C	2
PSM812_2_11590	Carbamidomethyl	C	2
PSM812_2_11591	Carbamidomethyl	C	2
PSM812_2_11592	Carbamidomethyl	C	2
PSM812_2_11593	Carbamidomethyl	C	2
PSM812_2_11594	Carbamidomethyl	C	2
PSM812_2_11595	Carbamidomethyl	C	2
PSM812_2_11596	Carbamidomethyl	C	2
PSM812_2_11598	Carbamidomethyl	C	10
PSM812_2_11598	Carbamidomethyl	C	17
PSM812_2_11599	Carbamidomethyl	C	10
PSM812_2_11599	Carbamidomethyl	C	17
PSM812_2_116	Ammonia-loss	N-term	
PSM812_2_116	Carbamidomethyl	C	1
PSM812_2_1160	Carbamidomethyl	C	2
PSM812_2_11600	Carbamidomethyl	C	10
PSM812_2_11600	Carbamidomethyl	C	17
PSM812_2_11601	Carbamidomethyl	C	10
PSM812_2_11601	Carbamidomethyl	C	17
PSM812_2_11602	Carbamidomethyl	C	10
PSM812_2_11602	Carbamidomethyl	C	17
PSM812_2_11603	Carbamidomethyl	C	10
PSM812_2_11603	Carbamidomethyl	C	17
PSM812_2_11604	Carbamidomethyl	C	10
PSM812_2_11604	Carbamidomethyl	C	17
PSM812_2_11605	Carbamidomethyl	C	10
PSM812_2_11605	Carbamidomethyl	C	17
PSM812_2_11606	Carbamidomethyl	C	10
PSM812_2_11606	Carbamidomethyl	C	17
PSM812_2_11607	Carbamidomethyl	C	10
PSM812_2_11607	Carbamidomethyl	C	17
PSM812_2_11608	Carbamidomethyl	C	10
PSM812_2_11608	Carbamidomethyl	C	17
PSM812_2_1161	Carbamidomethyl	C	2
PSM812_2_11617	Carbamidomethyl	C	3
PSM812_2_11618	Carbamidomethyl	C	3
PSM812_2_11619	Carbamidomethyl	C	3
PSM812_2_1162	Carbamidomethyl	C	2
PSM812_2_11620	Carbamidomethyl	C	10
PSM812_2_11621	Carbamidomethyl	C	10
PSM812_2_11622	Carbamidomethyl	C	10
PSM812_2_11623	Carbamidomethyl	C	12
PSM812_2_11624	Carbamidomethyl	C	12
PSM812_2_1163	Carbamidomethyl	C	2
PSM812_2_1164	Carbamidomethyl	C	2
PSM812_2_1165	Carbamidomethyl	C	2
PSM812_2_1166	Carbamidomethyl	C	2
PSM812_2_1167	Carbamidomethyl	C	2
PSM812_2_1168	Carbamidomethyl	C	2
PSM812_2_117	Ammonia-loss	N-term	
PSM812_2_117	Carbamidomethyl	C	1
PSM812_2_11714	Carbamidomethyl	C	19
PSM812_2_11715	Carbamidomethyl	C	19
PSM812_2_11716	Carbamidomethyl	C	19
PSM812_2_11717	Carbamidomethyl	C	19
PSM812_2_11718	Carbamidomethyl	C	8
PSM812_2_11719	Carbamidomethyl	C	8
PSM812_2_11720	Carbamidomethyl	C	6
PSM812_2_11721	Carbamidomethyl	C	6
PSM812_2_11722	Carbamidomethyl	C	6
PSM812_2_11723	Carbamidomethyl	C	6
PSM812_2_11724	Carbamidomethyl	C	6
PSM812_2_11725	Carbamidomethyl	C	6
PSM812_2_11726	Carbamidomethyl	C	11
PSM812_2_11727	Carbamidomethyl	C	11
PSM812_2_11728	Carbamidomethyl	C	11
PSM812_2_11731	Carbamidomethyl	C	5
PSM812_2_11732	Carbamidomethyl	C	5
PSM812_2_11733	Carbamidomethyl	C	5
PSM812_2_11734	Carbamidomethyl	C	5
PSM812_2_11735	Carbamidomethyl	C	5
PSM812_2_11736	Carbamidomethyl	C	5
PSM812_2_11737	Carbamidomethyl	C	5
PSM812_2_11738	Carbamidomethyl	C	5
PSM812_2_11739	Carbamidomethyl	C	5
PSM812_2_1174	Carbamidomethyl	C	15
PSM812_2_11740	Carbamidomethyl	C	5
PSM812_2_11741	Carbamidomethyl	C	13
PSM812_2_11742	Carbamidomethyl	C	13
PSM812_2_11743	Carbamidomethyl	C	13
PSM812_2_11744	Carbamidomethyl	C	13
PSM812_2_11745	Carbamidomethyl	C	13
PSM812_2_11746	Carbamidomethyl	C	2
PSM812_2_11747	Carbamidomethyl	C	2
PSM812_2_11748	Carbamidomethyl	C	2
PSM812_2_1175	Carbamidomethyl	C	15
PSM812_2_11755	Carbamidomethyl	C	4
PSM812_2_11755	Carbamidomethyl	C	15
PSM812_2_11756	Carbamidomethyl	C	4
PSM812_2_11756	Carbamidomethyl	C	15
PSM812_2_11757	Carbamidomethyl	C	4
PSM812_2_11757	Carbamidomethyl	C	15
PSM812_2_1176	Carbamidomethyl	C	15
PSM812_2_1177	Carbamidomethyl	C	15
PSM812_2_11771	Carbamidomethyl	C	1
PSM812_2_11772	Carbamidomethyl	C	9
PSM812_2_11772	Carbamidomethyl	C	19
PSM812_2_11773	Carbamidomethyl	C	9
PSM812_2_11773	Carbamidomethyl	C	19
PSM812_2_1178	Carbamidomethyl	C	15
PSM812_2_11782	Carbamidomethyl	C	13
PSM812_2_11783	Carbamidomethyl	C	13
PSM812_2_11784	Carbamidomethyl	C	13
PSM812_2_11785	Carbamidomethyl	C	13
PSM812_2_11786	Carbamidomethyl	C	10
PSM812_2_11787	Carbamidomethyl	C	10
PSM812_2_1179	Carbamidomethyl	C	15
PSM812_2_11790	Carbamidomethyl	C	2
PSM812_2_11791	Carbamidomethyl	C	2
PSM812_2_1180	Carbamidomethyl	C	15
PSM812_2_11802	Carbamidomethyl	C	33
PSM812_2_11802	Carbamidomethyl	C	36
PSM812_2_11803	Carbamidomethyl	C	33
PSM812_2_11803	Carbamidomethyl	C	36
PSM812_2_1181	Carbamidomethyl	C	15
PSM812_2_1182	Carbamidomethyl	C	15
PSM812_2_1185	Carbamidomethyl	C	7
PSM812_2_1186	Carbamidomethyl	C	7
PSM812_2_11871	Carbamidomethyl	C	2
PSM812_2_11871	Carbamidomethyl	C	10
PSM812_2_11872	Carbamidomethyl	C	2
PSM812_2_11872	Carbamidomethyl	C	10
PSM812_2_11878	Carbamidomethyl	C	9
PSM812_2_11884	Carbamidomethyl	C	1
PSM812_2_11885	Carbamidomethyl	C	1
PSM812_2_11886	Carbamidomethyl	C	1
PSM812_2_11887	Carbamidomethyl	C	1
PSM812_2_11898	Carbamidomethyl	C	6
PSM812_2_11899	Carbamidomethyl	C	6
PSM812_2_11899	Carbamidomethyl	C	7
PSM812_2_119	Carbamidomethyl	C	4
PSM812_2_119	Carbamidomethyl	C	16
PSM812_2_11900	Carbamidomethyl	C	6
PSM812_2_11900	Carbamidomethyl	C	7
PSM812_2_11901	Carbamidomethyl	C	6
PSM812_2_11901	Carbamidomethyl	C	7
PSM812_2_11902	Carbamidomethyl	C	6
PSM812_2_11902	Carbamidomethyl	C	7
PSM812_2_11903	Carbamidomethyl	C	6
PSM812_2_11903	Carbamidomethyl	C	7
PSM812_2_11904	Carbamidomethyl	C	6
PSM812_2_11904	Carbamidomethyl	C	7
PSM812_2_11905	Carbamidomethyl	C	6
PSM812_2_11905	Carbamidomethyl	C	7
PSM812_2_11906	Carbamidomethyl	C	6
PSM812_2_11906	Carbamidomethyl	C	7
PSM812_2_11907	Carbamidomethyl	C	6
PSM812_2_11907	Carbamidomethyl	C	7
PSM812_2_11908	Carbamidomethyl	C	6
PSM812_2_11908	Carbamidomethyl	C	7
PSM812_2_11909	Carbamidomethyl	C	6
PSM812_2_11909	Carbamidomethyl	C	7
PSM812_2_11910	Carbamidomethyl	C	6
PSM812_2_11910	Carbamidomethyl	C	7
PSM812_2_11926	Carbamidomethyl	C	21
PSM812_2_11948	Carbamidomethyl	C	4
PSM812_2_11968	Carbamidomethyl	C	20
PSM812_2_11969	Carbamidomethyl	C	20
PSM812_2_11970	Carbamidomethyl	C	20
PSM812_2_11971	Carbamidomethyl	C	20
PSM812_2_11972	Carbamidomethyl	C	20
PSM812_2_11973	Carbamidomethyl	C	20
PSM812_2_11974	Carbamidomethyl	C	20
PSM812_2_11975	Carbamidomethyl	C	20
PSM812_2_11980	Carbamidomethyl	C	15
PSM812_2_11980	Carbamidomethyl	C	21
PSM812_2_11981	Carbamidomethyl	C	15
PSM812_2_11981	Carbamidomethyl	C	21
PSM812_2_11982	Carbamidomethyl	C	15
PSM812_2_120	Carbamidomethyl	C	4
PSM812_2_120	Carbamidomethyl	C	16
PSM812_2_12007	Carbamidomethyl	C	12
PSM812_2_12007	Carbamidomethyl	C	13
PSM812_2_12008	Carbamidomethyl	C	12
PSM812_2_12008	Carbamidomethyl	C	13
PSM812_2_12009	Carbamidomethyl	C	12
PSM812_2_12009	Carbamidomethyl	C	13
PSM812_2_1201	Carbamidomethyl	C	33
PSM812_2_1201	Carbamidomethyl	C	40
PSM812_2_12010	Carbamidomethyl	C	12
PSM812_2_12010	Carbamidomethyl	C	13
PSM812_2_12011	Carbamidomethyl	C	9
PSM812_2_12011	Carbamidomethyl	C	11
PSM812_2_1202	Carbamidomethyl	C	33
PSM812_2_1202	Carbamidomethyl	C	40
PSM812_2_12021	Carbamidomethyl	C	14
PSM812_2_12021	Carbamidomethyl	C	17
PSM812_2_12022	Carbamidomethyl	C	14
PSM812_2_12022	Carbamidomethyl	C	17
PSM812_2_1203	Carbamidomethyl	C	33
PSM812_2_1203	Carbamidomethyl	C	40
PSM812_2_1204	Carbamidomethyl	C	33
PSM812_2_1204	Carbamidomethyl	C	40
PSM812_2_12040	Carbamidomethyl	C	16
PSM812_2_12041	Carbamidomethyl	C	16
PSM812_2_12042	Carbamidomethyl	C	16
PSM812_2_12043	Carbamidomethyl	C	3
PSM812_2_12043	Carbamidomethyl	C	11
PSM812_2_12044	Carbamidomethyl	C	3
PSM812_2_12044	Carbamidomethyl	C	11
PSM812_2_12045	Carbamidomethyl	C	3
PSM812_2_12045	Carbamidomethyl	C	11
PSM812_2_12046	Carbamidomethyl	C	3
PSM812_2_12046	Carbamidomethyl	C	11
PSM812_2_1205	Carbamidomethyl	C	33
PSM812_2_1205	Carbamidomethyl	C	40
PSM812_2_1206	Carbamidomethyl	C	33
PSM812_2_1206	Carbamidomethyl	C	40
PSM812_2_12063	Carbamidomethyl	C	5
PSM812_2_12064	Carbamidomethyl	C	5
PSM812_2_12065	Carbamidomethyl	C	5
PSM812_2_12066	Carbamidomethyl	C	5
PSM812_2_12067	Carbamidomethyl	C	5
PSM812_2_12068	Carbamidomethyl	C	5
PSM812_2_12069	Carbamidomethyl	C	5
PSM812_2_1207	Carbamidomethyl	C	33
PSM812_2_1207	Carbamidomethyl	C	40
PSM812_2_12070	Carbamidomethyl	C	5
PSM812_2_12071	Carbamidomethyl	C	5
PSM812_2_12072	Carbamidomethyl	C	5
PSM812_2_12073	Carbamidomethyl	C	5
PSM812_2_1208	Carbamidomethyl	C	33
PSM812_2_1208	Carbamidomethyl	C	40
PSM812_2_1209	Carbamidomethyl	C	33
PSM812_2_1209	Carbamidomethyl	C	40
PSM812_2_121	Carbamidomethyl	C	4
PSM812_2_121	Carbamidomethyl	C	16
PSM812_2_1210	Carbamidomethyl	C	33
PSM812_2_1210	Carbamidomethyl	C	40
PSM812_2_1211	Carbamidomethyl	C	33
PSM812_2_1211	Carbamidomethyl	C	40
PSM812_2_1212	Carbamidomethyl	C	33
PSM812_2_1212	Carbamidomethyl	C	40
PSM812_2_12122	Carbamidomethyl	C	19
PSM812_2_12123	Carbamidomethyl	C	19
PSM812_2_12124	Carbamidomethyl	C	19
PSM812_2_12125	Carbamidomethyl	C	18
PSM812_2_12126	Carbamidomethyl	C	18
PSM812_2_12129	Carbamidomethyl	C	16
PSM812_2_1213	Carbamidomethyl	C	33
PSM812_2_1213	Carbamidomethyl	C	40
PSM812_2_12130	Carbamidomethyl	C	16
PSM812_2_12131	Carbamidomethyl	C	16
PSM812_2_12132	Carbamidomethyl	C	16
PSM812_2_12133	Carbamidomethyl	C	16
PSM812_2_12134	Carbamidomethyl	C	16
PSM812_2_12135	Carbamidomethyl	C	16
PSM812_2_12136	Carbamidomethyl	C	16
PSM812_2_12137	Carbamidomethyl	C	16
PSM812_2_12138	Carbamidomethyl	C	16
PSM812_2_12139	Carbamidomethyl	C	16
PSM812_2_1214	Carbamidomethyl	C	33
PSM812_2_1214	Carbamidomethyl	C	40
PSM812_2_12140	Carbamidomethyl	C	21
PSM812_2_12141	Carbamidomethyl	C	21
PSM812_2_12149	Carbamidomethyl	C	17
PSM812_2_1215	Carbamidomethyl	C	33
PSM812_2_1215	Carbamidomethyl	C	40
PSM812_2_12150	Carbamidomethyl	C	17
PSM812_2_12151	Gln->pyro-Glu	N-term	
PSM812_2_12152	Gln->pyro-Glu	N-term	
PSM812_2_12153	Gln->pyro-Glu	N-term	
PSM812_2_12154	Gln->pyro-Glu	N-term	
PSM812_2_12155	Carbamidomethyl	C	26
PSM812_2_1216	Carbamidomethyl	C	33
PSM812_2_1216	Carbamidomethyl	C	40
PSM812_2_12163	Acetyl	N-term	
PSM812_2_12163	Oxidation	M	15
PSM812_2_12163	Carbamidomethyl	C	16
PSM812_2_12164	Acetyl	N-term	
PSM812_2_12164	Oxidation	M	15
PSM812_2_12164	Carbamidomethyl	C	16
PSM812_2_12165	Acetyl	N-term	
PSM812_2_12165	Oxidation	M	15
PSM812_2_12165	Carbamidomethyl	C	16
PSM812_2_12166	Acetyl	N-term	
PSM812_2_12166	Oxidation	M	15
PSM812_2_12166	Carbamidomethyl	C	16
PSM812_2_12167	Acetyl	N-term	
PSM812_2_12168	Ammonia-loss	N-term	
PSM812_2_12168	Carbamidomethyl	C	1
PSM812_2_12169	Ammonia-loss	N-term	
PSM812_2_12169	Carbamidomethyl	C	1
PSM812_2_1217	Carbamidomethyl	C	33
PSM812_2_1217	Carbamidomethyl	C	40
PSM812_2_12170	Ammonia-loss	N-term	
PSM812_2_12170	Carbamidomethyl	C	1
PSM812_2_12171	Acetyl	N-term	
PSM812_2_12172	Acetyl	N-term	
PSM812_2_12173	Acetyl	N-term	
PSM812_2_1218	Carbamidomethyl	C	10
PSM812_2_1218	Carbamidomethyl	C	27
PSM812_2_12181	Acetyl	N-term	
PSM812_2_12181	Carbamidomethyl	C	3
PSM812_2_12181	Carbamidomethyl	C	13
PSM812_2_12182	Acetyl	N-term	
PSM812_2_12182	Carbamidomethyl	C	3
PSM812_2_12182	Carbamidomethyl	C	13
PSM812_2_1219	Carbamidomethyl	C	10
PSM812_2_1219	Carbamidomethyl	C	27
PSM812_2_12195	Acetyl	N-term	
PSM812_2_12196	Acetyl	N-term	
PSM812_2_12197	Acetyl	N-term	
PSM812_2_12198	Acetyl	N-term	
PSM812_2_12199	Acetyl	N-term	
PSM812_2_122	Carbamidomethyl	C	4
PSM812_2_122	Carbamidomethyl	C	16
PSM812_2_1220	Carbamidomethyl	C	10
PSM812_2_1220	Carbamidomethyl	C	27
PSM812_2_12200	Gln->pyro-Glu	N-term	
PSM812_2_12201	Gln->pyro-Glu	N-term	
PSM812_2_12202	Gln->pyro-Glu	N-term	
PSM812_2_12203	Ammonia-loss	N-term	
PSM812_2_12203	Carbamidomethyl	C	1
PSM812_2_12203	Carbamidomethyl	C	4
PSM812_2_12203	Carbamidomethyl	C	17
PSM812_2_12203	Carbamidomethyl	C	26
PSM812_2_12204	Acetyl	N-term	
PSM812_2_12205	Acetyl	N-term	
PSM812_2_12206	Acetyl	N-term	
PSM812_2_12207	Acetyl	N-term	
PSM812_2_12208	Acetyl	N-term	
PSM812_2_12209	Acetyl	N-term	
PSM812_2_1221	Carbamidomethyl	C	10
PSM812_2_1221	Carbamidomethyl	C	27
PSM812_2_1222	Carbamidomethyl	C	10
PSM812_2_1222	Carbamidomethyl	C	27
PSM812_2_1223	Carbamidomethyl	C	10
PSM812_2_1223	Carbamidomethyl	C	27
PSM812_2_12231	Carbamidomethyl	C	11
PSM812_2_12232	Carbamidomethyl	C	11
PSM812_2_12233	Carbamidomethyl	C	11
PSM812_2_12243	Carbamidomethyl	C	2
PSM812_2_12244	Carbamidomethyl	C	2
PSM812_2_12247	Carbamidomethyl	C	5
PSM812_2_12248	Carbamidomethyl	C	5
PSM812_2_12249	Carbamidomethyl	C	5
PSM812_2_12250	Carbamidomethyl	C	5
PSM812_2_12251	Carbamidomethyl	C	5
PSM812_2_12252	Carbamidomethyl	C	5
PSM812_2_12253	Carbamidomethyl	C	5
PSM812_2_1228	Ammonia-loss	N-term	
PSM812_2_1228	Carbamidomethyl	C	1
PSM812_2_1229	Ammonia-loss	N-term	
PSM812_2_1229	Carbamidomethyl	C	1
PSM812_2_12293	Carbamidomethyl	C	12
PSM812_2_12294	Carbamidomethyl	C	12
PSM812_2_123	Carbamidomethyl	C	4
PSM812_2_123	Carbamidomethyl	C	16
PSM812_2_1230	Ammonia-loss	N-term	
PSM812_2_1230	Carbamidomethyl	C	1
PSM812_2_1231	Ammonia-loss	N-term	
PSM812_2_1231	Carbamidomethyl	C	1
PSM812_2_1232	Ammonia-loss	N-term	
PSM812_2_1232	Carbamidomethyl	C	1
PSM812_2_12332	Carbamidomethyl	C	8
PSM812_2_12333	Carbamidomethyl	C	8
PSM812_2_12334	Carbamidomethyl	C	8
PSM812_2_12350	Oxidation	M	1
PSM812_2_12350	Carbamidomethyl	C	3
PSM812_2_12350	Carbamidomethyl	C	16
PSM812_2_12351	Oxidation	M	1
PSM812_2_12351	Carbamidomethyl	C	3
PSM812_2_12351	Carbamidomethyl	C	16
PSM812_2_12352	Oxidation	M	1
PSM812_2_12352	Carbamidomethyl	C	3
PSM812_2_12352	Carbamidomethyl	C	16
PSM812_2_12353	Oxidation	M	1
PSM812_2_12353	Carbamidomethyl	C	3
PSM812_2_12353	Carbamidomethyl	C	16
PSM812_2_12354	Oxidation	M	1
PSM812_2_12354	Carbamidomethyl	C	3
PSM812_2_12354	Carbamidomethyl	C	16
PSM812_2_12371	Carbamidomethyl	C	5
PSM812_2_12371	Carbamidomethyl	C	12
PSM812_2_12371	Carbamidomethyl	C	13
PSM812_2_12372	Carbamidomethyl	C	5
PSM812_2_12372	Carbamidomethyl	C	12
PSM812_2_12372	Carbamidomethyl	C	13
PSM812_2_12373	Carbamidomethyl	C	5
PSM812_2_12373	Carbamidomethyl	C	12
PSM812_2_12373	Carbamidomethyl	C	13
PSM812_2_12374	Carbamidomethyl	C	5
PSM812_2_12374	Carbamidomethyl	C	12
PSM812_2_12374	Carbamidomethyl	C	13
PSM812_2_12375	Carbamidomethyl	C	5
PSM812_2_12375	Carbamidomethyl	C	12
PSM812_2_12375	Carbamidomethyl	C	13
PSM812_2_12376	Carbamidomethyl	C	5
PSM812_2_12376	Carbamidomethyl	C	12
PSM812_2_12376	Carbamidomethyl	C	13
PSM812_2_12377	Carbamidomethyl	C	5
PSM812_2_12377	Carbamidomethyl	C	12
PSM812_2_12377	Carbamidomethyl	C	13
PSM812_2_12394	Carbamidomethyl	C	29
PSM812_2_12395	Carbamidomethyl	C	29
PSM812_2_12396	Carbamidomethyl	C	29
PSM812_2_124	Carbamidomethyl	C	4
PSM812_2_124	Carbamidomethyl	C	16
PSM812_2_12429	Carbamidomethyl	C	13
PSM812_2_12429	Carbamidomethyl	C	14
PSM812_2_12430	Carbamidomethyl	C	13
PSM812_2_12430	Carbamidomethyl	C	14
PSM812_2_12431	Carbamidomethyl	C	13
PSM812_2_12431	Carbamidomethyl	C	14
PSM812_2_12432	Carbamidomethyl	C	13
PSM812_2_12432	Carbamidomethyl	C	14
PSM812_2_12433	Carbamidomethyl	C	13
PSM812_2_12433	Carbamidomethyl	C	14
PSM812_2_12434	Carbamidomethyl	C	13
PSM812_2_12434	Carbamidomethyl	C	14
PSM812_2_12435	Carbamidomethyl	C	13
PSM812_2_12435	Carbamidomethyl	C	14
PSM812_2_12436	Carbamidomethyl	C	13
PSM812_2_12436	Carbamidomethyl	C	14
PSM812_2_12437	Carbamidomethyl	C	13
PSM812_2_12437	Carbamidomethyl	C	14
PSM812_2_12438	Carbamidomethyl	C	13
PSM812_2_12438	Carbamidomethyl	C	14
PSM812_2_12439	Carbamidomethyl	C	13
PSM812_2_12439	Carbamidomethyl	C	14
PSM812_2_12440	Carbamidomethyl	C	13
PSM812_2_12440	Carbamidomethyl	C	14
PSM812_2_12486	Carbamidomethyl	C	6
PSM812_2_12486	Carbamidomethyl	C	10
PSM812_2_12487	Carbamidomethyl	C	6
PSM812_2_12487	Carbamidomethyl	C	10
PSM812_2_12488	Carbamidomethyl	C	6
PSM812_2_12488	Carbamidomethyl	C	10
PSM812_2_12489	Carbamidomethyl	C	6
PSM812_2_12489	Carbamidomethyl	C	10
PSM812_2_12490	Carbamidomethyl	C	6
PSM812_2_12490	Carbamidomethyl	C	10
PSM812_2_125	Carbamidomethyl	C	4
PSM812_2_125	Carbamidomethyl	C	16
PSM812_2_12509	Carbamidomethyl	C	1
PSM812_2_12510	Carbamidomethyl	C	15
PSM812_2_12511	Carbamidomethyl	C	15
PSM812_2_12512	Carbamidomethyl	C	15
PSM812_2_12513	Carbamidomethyl	C	15
PSM812_2_12514	Carbamidomethyl	C	15
PSM812_2_12515	Carbamidomethyl	C	15
PSM812_2_12538	Carbamidomethyl	C	3
PSM812_2_12539	Carbamidomethyl	C	3
PSM812_2_12557	Ammonia-loss	N-term	
PSM812_2_12557	Carbamidomethyl	C	1
PSM812_2_12558	Ammonia-loss	N-term	
PSM812_2_12558	Carbamidomethyl	C	1
PSM812_2_12559	Ammonia-loss	N-term	
PSM812_2_12559	Carbamidomethyl	C	1
PSM812_2_12560	Gln->pyro-Glu	N-term	
PSM812_2_12561	Carbamidomethyl	C	10
PSM812_2_12562	Carbamidomethyl	C	10
PSM812_2_12563	Carbamidomethyl	C	10
PSM812_2_12577	Carbamidomethyl	C	7
PSM812_2_12578	Carbamidomethyl	C	7
PSM812_2_12579	Carbamidomethyl	C	7
PSM812_2_12580	Carbamidomethyl	C	7
PSM812_2_12581	Carbamidomethyl	C	7
PSM812_2_12582	Carbamidomethyl	C	7
PSM812_2_12583	Carbamidomethyl	C	7
PSM812_2_12584	Carbamidomethyl	C	7
PSM812_2_12585	Carbamidomethyl	C	7
PSM812_2_12586	Carbamidomethyl	C	7
PSM812_2_12587	Carbamidomethyl	C	7
PSM812_2_12588	Acetyl	N-term	
PSM812_2_12589	Acetyl	N-term	
PSM812_2_12590	Acetyl	N-term	
PSM812_2_12591	Acetyl	N-term	
PSM812_2_12592	Acetyl	N-term	
PSM812_2_12593	Acetyl	N-term	
PSM812_2_12594	Gln->pyro-Glu	N-term	
PSM812_2_12595	Gln->pyro-Glu	N-term	
PSM812_2_12596	Gln->pyro-Glu	N-term	
PSM812_2_126	Carbamidomethyl	C	4
PSM812_2_126	Carbamidomethyl	C	16
PSM812_2_12609	Carbamidomethyl	C	13
PSM812_2_12610	Carbamidomethyl	C	13
PSM812_2_12611	Carbamidomethyl	C	13
PSM812_2_12612	Carbamidomethyl	C	13
PSM812_2_12613	Carbamidomethyl	C	13
PSM812_2_12614	Carbamidomethyl	C	13
PSM812_2_12615	Carbamidomethyl	C	13
PSM812_2_12616	Carbamidomethyl	C	13
PSM812_2_12617	Carbamidomethyl	C	13
PSM812_2_12618	Carbamidomethyl	C	13
PSM812_2_12619	Carbamidomethyl	C	13
PSM812_2_12620	Carbamidomethyl	C	13
PSM812_2_12621	Carbamidomethyl	C	13
PSM812_2_12622	Gln->pyro-Glu	N-term	
PSM812_2_12623	Gln->pyro-Glu	N-term	
PSM812_2_12624	Gln->pyro-Glu	N-term	
PSM812_2_12625	Gln->pyro-Glu	N-term	
PSM812_2_12626	Gln->pyro-Glu	N-term	
PSM812_2_12627	Gln->pyro-Glu	N-term	
PSM812_2_12628	Gln->pyro-Glu	N-term	
PSM812_2_12629	Gln->pyro-Glu	N-term	
PSM812_2_1263	Carbamidomethyl	C	21
PSM812_2_12630	Gln->pyro-Glu	N-term	
PSM812_2_12631	Gln->pyro-Glu	N-term	
PSM812_2_12632	Gln->pyro-Glu	N-term	
PSM812_2_12633	Gln->pyro-Glu	N-term	
PSM812_2_12634	Gln->pyro-Glu	N-term	
PSM812_2_1264	Carbamidomethyl	C	21
PSM812_2_12642	Carbamidomethyl	C	31
PSM812_2_12643	Carbamidomethyl	C	31
PSM812_2_12644	Carbamidomethyl	C	31
PSM812_2_12645	Carbamidomethyl	C	31
PSM812_2_1265	Carbamidomethyl	C	21
PSM812_2_1266	Carbamidomethyl	C	21
PSM812_2_12669	Carbamidomethyl	C	8
PSM812_2_12669	Carbamidomethyl	C	22
PSM812_2_1267	Carbamidomethyl	C	21
PSM812_2_12670	Carbamidomethyl	C	8
PSM812_2_12670	Carbamidomethyl	C	22
PSM812_2_12671	Carbamidomethyl	C	8
PSM812_2_12671	Carbamidomethyl	C	22
PSM812_2_12672	Carbamidomethyl	C	23
PSM812_2_12672	Carbamidomethyl	C	40
PSM812_2_12673	Carbamidomethyl	C	23
PSM812_2_12673	Carbamidomethyl	C	40
PSM812_2_1268	Carbamidomethyl	C	21
PSM812_2_1269	Carbamidomethyl	C	21
PSM812_2_127	Carbamidomethyl	C	4
PSM812_2_127	Carbamidomethyl	C	16
PSM812_2_1270	Carbamidomethyl	C	21
PSM812_2_1271	Carbamidomethyl	C	21
PSM812_2_12712	Carbamidomethyl	C	24
PSM812_2_12713	Carbamidomethyl	C	24
PSM812_2_12714	Carbamidomethyl	C	24
PSM812_2_12715	Carbamidomethyl	C	24
PSM812_2_1272	Carbamidomethyl	C	21
PSM812_2_12726	Carbamidomethyl	C	6
PSM812_2_12727	Carbamidomethyl	C	6
PSM812_2_12729	Carbamidomethyl	C	15
PSM812_2_1273	Carbamidomethyl	C	21
PSM812_2_12730	Carbamidomethyl	C	15
PSM812_2_12731	Carbamidomethyl	C	15
PSM812_2_12739	Carbamidomethyl	C	8
PSM812_2_12739	Carbamidomethyl	C	24
PSM812_2_1274	Carbamidomethyl	C	21
PSM812_2_1275	Carbamidomethyl	C	21
PSM812_2_1276	Carbamidomethyl	C	21
PSM812_2_12765	Carbamidomethyl	C	1
PSM812_2_12766	Carbamidomethyl	C	1
PSM812_2_12767	Carbamidomethyl	C	1
PSM812_2_12768	Gln->pyro-Glu	N-term	
PSM812_2_1277	Carbamidomethyl	C	21
PSM812_2_12777	Carbamidomethyl	C	5
PSM812_2_12781	Carbamidomethyl	C	3
PSM812_2_12781	Carbamidomethyl	C	10
PSM812_2_128	Carbamidomethyl	C	4
PSM812_2_128	Carbamidomethyl	C	16
PSM812_2_12801	Carbamidomethyl	C	15
PSM812_2_12802	Carbamidomethyl	C	1
PSM812_2_12803	Carbamidomethyl	C	1
PSM812_2_12804	Carbamidomethyl	C	1
PSM812_2_12805	Carbamidomethyl	C	1
PSM812_2_12806	Carbamidomethyl	C	1
PSM812_2_12807	Carbamidomethyl	C	1
PSM812_2_12808	Carbamidomethyl	C	1
PSM812_2_12809	Carbamidomethyl	C	1
PSM812_2_12810	Carbamidomethyl	C	1
PSM812_2_12811	Carbamidomethyl	C	3
PSM812_2_12812	Carbamidomethyl	C	3
PSM812_2_12822	Carbamidomethyl	C	3
PSM812_2_12822	Carbamidomethyl	C	10
PSM812_2_12844	Carbamidomethyl	C	5
PSM812_2_12844	Carbamidomethyl	C	13
PSM812_2_12845	Carbamidomethyl	C	24
PSM812_2_12846	Carbamidomethyl	C	24
PSM812_2_12864	Carbamidomethyl	C	14
PSM812_2_12865	Carbamidomethyl	C	14
PSM812_2_12866	Carbamidomethyl	C	10
PSM812_2_12867	Carbamidomethyl	C	10
PSM812_2_12868	Carbamidomethyl	C	10
PSM812_2_12874	Carbamidomethyl	C	10
PSM812_2_12875	Carbamidomethyl	C	10
PSM812_2_12876	Carbamidomethyl	C	10
PSM812_2_12881	Carbamidomethyl	C	3
PSM812_2_12881	Carbamidomethyl	C	12
PSM812_2_12882	Carbamidomethyl	C	3
PSM812_2_12882	Carbamidomethyl	C	12
PSM812_2_12883	Carbamidomethyl	C	3
PSM812_2_12883	Carbamidomethyl	C	12
PSM812_2_12884	Carbamidomethyl	C	9
PSM812_2_12884	Carbamidomethyl	C	13
PSM812_2_12885	Carbamidomethyl	C	9
PSM812_2_12885	Carbamidomethyl	C	13
PSM812_2_12886	Carbamidomethyl	C	8
PSM812_2_12887	Carbamidomethyl	C	8
PSM812_2_12891	Carbamidomethyl	C	11
PSM812_2_12892	Carbamidomethyl	C	11
PSM812_2_12893	Carbamidomethyl	C	11
PSM812_2_12894	Carbamidomethyl	C	11
PSM812_2_12897	Carbamidomethyl	C	2
PSM812_2_12898	Carbamidomethyl	C	2
PSM812_2_12899	Carbamidomethyl	C	10
PSM812_2_129	Carbamidomethyl	C	4
PSM812_2_129	Carbamidomethyl	C	16
PSM812_2_12900	Carbamidomethyl	C	10
PSM812_2_12901	Carbamidomethyl	C	10
PSM812_2_12902	Carbamidomethyl	C	10
PSM812_2_12903	Carbamidomethyl	C	10
PSM812_2_12904	Carbamidomethyl	C	11
PSM812_2_12905	Carbamidomethyl	C	11
PSM812_2_12906	Carbamidomethyl	C	11
PSM812_2_12907	Carbamidomethyl	C	11
PSM812_2_12908	Carbamidomethyl	C	11
PSM812_2_12909	Carbamidomethyl	C	11
PSM812_2_12914	Carbamidomethyl	C	4
PSM812_2_12914	Carbamidomethyl	C	5
PSM812_2_12914	Carbamidomethyl	C	14
PSM812_2_12915	Carbamidomethyl	C	4
PSM812_2_12915	Carbamidomethyl	C	5
PSM812_2_12915	Carbamidomethyl	C	14
PSM812_2_12916	Carbamidomethyl	C	8
PSM812_2_12917	Carbamidomethyl	C	8
PSM812_2_12918	Carbamidomethyl	C	8
PSM812_2_12919	Carbamidomethyl	C	15
PSM812_2_12920	Carbamidomethyl	C	15
PSM812_2_12921	Carbamidomethyl	C	15
PSM812_2_12940	Carbamidomethyl	C	4
PSM812_2_12941	Carbamidomethyl	C	4
PSM812_2_12959	Carbamidomethyl	C	12
PSM812_2_12960	Carbamidomethyl	C	12
PSM812_2_12961	Carbamidomethyl	C	3
PSM812_2_12961	Carbamidomethyl	C	6
PSM812_2_12961	Carbamidomethyl	C	8
PSM812_2_12961	Carbamidomethyl	C	15
PSM812_2_12973	Carbamidomethyl	C	14
PSM812_2_12974	Carbamidomethyl	C	14
PSM812_2_12975	Carbamidomethyl	C	14
PSM812_2_12976	Carbamidomethyl	C	14
PSM812_2_12990	Carbamidomethyl	C	6
PSM812_2_12990	Carbamidomethyl	C	7
PSM812_2_12991	Carbamidomethyl	C	6
PSM812_2_12991	Carbamidomethyl	C	7
PSM812_2_12992	Carbamidomethyl	C	6
PSM812_2_12992	Carbamidomethyl	C	7
PSM812_2_130	Carbamidomethyl	C	4
PSM812_2_130	Carbamidomethyl	C	16
PSM812_2_13018	Carbamidomethyl	C	10
PSM812_2_13019	Carbamidomethyl	C	10
PSM812_2_13020	Carbamidomethyl	C	10
PSM812_2_13021	Carbamidomethyl	C	10
PSM812_2_13036	Carbamidomethyl	C	9
PSM812_2_13037	Carbamidomethyl	C	9
PSM812_2_13038	Carbamidomethyl	C	9
PSM812_2_13039	Carbamidomethyl	C	11
PSM812_2_13039	Carbamidomethyl	C	16
PSM812_2_13040	Carbamidomethyl	C	11
PSM812_2_13040	Carbamidomethyl	C	16
PSM812_2_13041	Carbamidomethyl	C	11
PSM812_2_13041	Carbamidomethyl	C	16
PSM812_2_13055	Carbamidomethyl	C	10
PSM812_2_13056	Carbamidomethyl	C	10
PSM812_2_13057	Carbamidomethyl	C	10
PSM812_2_13058	Carbamidomethyl	C	10
PSM812_2_13059	Carbamidomethyl	C	10
PSM812_2_13060	Carbamidomethyl	C	10
PSM812_2_13069	Carbamidomethyl	C	2
PSM812_2_13070	Carbamidomethyl	C	2
PSM812_2_13071	Carbamidomethyl	C	2
PSM812_2_13075	Carbamidomethyl	C	1
PSM812_2_13075	Carbamidomethyl	C	7
PSM812_2_13076	Carbamidomethyl	C	1
PSM812_2_13076	Carbamidomethyl	C	7
PSM812_2_13077	Carbamidomethyl	C	1
PSM812_2_13077	Carbamidomethyl	C	7
PSM812_2_13082	Carbamidomethyl	C	11
PSM812_2_13082	Carbamidomethyl	C	18
PSM812_2_13083	Carbamidomethyl	C	11
PSM812_2_13083	Carbamidomethyl	C	18
PSM812_2_13084	Carbamidomethyl	C	11
PSM812_2_13084	Carbamidomethyl	C	18
PSM812_2_13092	Carbamidomethyl	C	5
PSM812_2_13092	Carbamidomethyl	C	8
PSM812_2_13093	Carbamidomethyl	C	5
PSM812_2_13093	Carbamidomethyl	C	8
PSM812_2_13094	Carbamidomethyl	C	5
PSM812_2_13094	Carbamidomethyl	C	8
PSM812_2_13095	Carbamidomethyl	C	5
PSM812_2_13096	Carbamidomethyl	C	5
PSM812_2_13097	Carbamidomethyl	C	5
PSM812_2_13098	Carbamidomethyl	C	5
PSM812_2_13099	Carbamidomethyl	C	5
PSM812_2_131	Carbamidomethyl	C	4
PSM812_2_131	Carbamidomethyl	C	16
PSM812_2_13151	Carbamidomethyl	C	14
PSM812_2_13152	Carbamidomethyl	C	14
PSM812_2_13153	Carbamidomethyl	C	14
PSM812_2_13160	Carbamidomethyl	C	15
PSM812_2_13161	Carbamidomethyl	C	15
PSM812_2_132	Carbamidomethyl	C	4
PSM812_2_132	Carbamidomethyl	C	16
PSM812_2_13208	Carbamidomethyl	C	12
PSM812_2_13208	Carbamidomethyl	C	13
PSM812_2_13209	Carbamidomethyl	C	12
PSM812_2_13209	Carbamidomethyl	C	13
PSM812_2_13210	Carbamidomethyl	C	12
PSM812_2_13210	Carbamidomethyl	C	13
PSM812_2_13211	Carbamidomethyl	C	12
PSM812_2_13211	Carbamidomethyl	C	13
PSM812_2_13212	Carbamidomethyl	C	12
PSM812_2_13212	Carbamidomethyl	C	13
PSM812_2_13213	Carbamidomethyl	C	12
PSM812_2_13213	Carbamidomethyl	C	13
PSM812_2_13251	Acetyl	N-term	
PSM812_2_13252	Acetyl	N-term	
PSM812_2_13253	Acetyl	N-term	
PSM812_2_13254	Acetyl	N-term	
PSM812_2_13255	Acetyl	N-term	
PSM812_2_13256	Acetyl	N-term	
PSM812_2_13257	Acetyl	N-term	
PSM812_2_13258	Acetyl	N-term	
PSM812_2_13259	Acetyl	N-term	
PSM812_2_13260	Acetyl	N-term	
PSM812_2_13261	Acetyl	N-term	
PSM812_2_13262	Acetyl	N-term	
PSM812_2_13288	Carbamidomethyl	C	15
PSM812_2_13289	Carbamidomethyl	C	15
PSM812_2_133	Carbamidomethyl	C	4
PSM812_2_133	Carbamidomethyl	C	16
PSM812_2_13309	Carbamidomethyl	C	2
PSM812_2_13310	Carbamidomethyl	C	2
PSM812_2_13311	Carbamidomethyl	C	2
PSM812_2_13312	Carbamidomethyl	C	2
PSM812_2_13313	Carbamidomethyl	C	2
PSM812_2_13314	Carbamidomethyl	C	2
PSM812_2_13341	Carbamidomethyl	C	3
PSM812_2_13342	Carbamidomethyl	C	3
PSM812_2_13343	Carbamidomethyl	C	3
PSM812_2_13344	Carbamidomethyl	C	3
PSM812_2_13345	Carbamidomethyl	C	3
PSM812_2_134	Carbamidomethyl	C	4
PSM812_2_134	Carbamidomethyl	C	16
PSM812_2_13409	Carbamidomethyl	C	7
PSM812_2_135	Carbamidomethyl	C	4
PSM812_2_135	Carbamidomethyl	C	16
PSM812_2_13506	Carbamidomethyl	C	6
PSM812_2_13506	Carbamidomethyl	C	12
PSM812_2_13507	Carbamidomethyl	C	6
PSM812_2_13507	Carbamidomethyl	C	12
PSM812_2_13508	Carbamidomethyl	C	6
PSM812_2_13508	Carbamidomethyl	C	12
PSM812_2_13509	Carbamidomethyl	C	6
PSM812_2_13509	Carbamidomethyl	C	12
PSM812_2_13510	Carbamidomethyl	C	6
PSM812_2_13510	Carbamidomethyl	C	12
PSM812_2_13511	Carbamidomethyl	C	6
PSM812_2_13511	Carbamidomethyl	C	12
PSM812_2_13512	Carbamidomethyl	C	6
PSM812_2_13512	Carbamidomethyl	C	12
PSM812_2_13513	Carbamidomethyl	C	6
PSM812_2_13513	Carbamidomethyl	C	12
PSM812_2_13514	Carbamidomethyl	C	6
PSM812_2_13514	Carbamidomethyl	C	12
PSM812_2_13515	Carbamidomethyl	C	1
PSM812_2_13515	Carbamidomethyl	C	4
PSM812_2_13515	Carbamidomethyl	C	17
PSM812_2_13515	Carbamidomethyl	C	26
PSM812_2_13540	Carbamidomethyl	C	11
PSM812_2_13551	Carbamidomethyl	C	1
PSM812_2_13552	Carbamidomethyl	C	1
PSM812_2_13553	Carbamidomethyl	C	4
PSM812_2_13554	Carbamidomethyl	C	4
PSM812_2_13559	Carbamidomethyl	C	10
PSM812_2_13560	Carbamidomethyl	C	10
PSM812_2_13561	Carbamidomethyl	C	10
PSM812_2_13562	Carbamidomethyl	C	10
PSM812_2_13563	Carbamidomethyl	C	10
PSM812_2_13564	Carbamidomethyl	C	10
PSM812_2_13565	Carbamidomethyl	C	10
PSM812_2_13566	Carbamidomethyl	C	10
PSM812_2_13567	Carbamidomethyl	C	10
PSM812_2_13568	Carbamidomethyl	C	10
PSM812_2_13577	Carbamidomethyl	C	10
PSM812_2_13578	Carbamidomethyl	C	10
PSM812_2_13593	Carbamidomethyl	C	16
PSM812_2_13594	Carbamidomethyl	C	16
PSM812_2_13595	Carbamidomethyl	C	16
PSM812_2_13596	Carbamidomethyl	C	17
PSM812_2_136	Carbamidomethyl	C	4
PSM812_2_136	Carbamidomethyl	C	16
PSM812_2_13604	Carbamidomethyl	C	6
PSM812_2_13604	Carbamidomethyl	C	7
PSM812_2_13604	Carbamidomethyl	C	13
PSM812_2_13605	Carbamidomethyl	C	3
PSM812_2_13611	Carbamidomethyl	C	7
PSM812_2_13612	Carbamidomethyl	C	7
PSM812_2_13613	Carbamidomethyl	C	7
PSM812_2_13615	Carbamidomethyl	C	5
PSM812_2_13616	Carbamidomethyl	C	5
PSM812_2_13617	Carbamidomethyl	C	5
PSM812_2_13618	Carbamidomethyl	C	5
PSM812_2_13619	Carbamidomethyl	C	5
PSM812_2_13620	Carbamidomethyl	C	5
PSM812_2_13632	Carbamidomethyl	C	5
PSM812_2_13633	Carbamidomethyl	C	5
PSM812_2_13653	Carbamidomethyl	C	7
PSM812_2_13654	Carbamidomethyl	C	7
PSM812_2_13655	Carbamidomethyl	C	7
PSM812_2_13656	Carbamidomethyl	C	7
PSM812_2_13665	Carbamidomethyl	C	17
PSM812_2_13667	Carbamidomethyl	C	9
PSM812_2_13668	Carbamidomethyl	C	9
PSM812_2_13669	Carbamidomethyl	C	9
PSM812_2_13670	Carbamidomethyl	C	9
PSM812_2_13680	Carbamidomethyl	C	9
PSM812_2_13681	Carbamidomethyl	C	9
PSM812_2_13682	Carbamidomethyl	C	9
PSM812_2_13683	Carbamidomethyl	C	9
PSM812_2_13684	Carbamidomethyl	C	9
PSM812_2_13685	Carbamidomethyl	C	9
PSM812_2_13686	Carbamidomethyl	C	9
PSM812_2_13687	Carbamidomethyl	C	9
PSM812_2_13688	Carbamidomethyl	C	9
PSM812_2_13689	Carbamidomethyl	C	9
PSM812_2_13690	Carbamidomethyl	C	9
PSM812_2_13691	Carbamidomethyl	C	2
PSM812_2_13692	Carbamidomethyl	C	2
PSM812_2_13693	Carbamidomethyl	C	3
PSM812_2_13694	Carbamidomethyl	C	3
PSM812_2_13695	Carbamidomethyl	C	3
PSM812_2_13696	Carbamidomethyl	C	3
PSM812_2_13697	Carbamidomethyl	C	3
PSM812_2_13698	Carbamidomethyl	C	3
PSM812_2_13699	Carbamidomethyl	C	3
PSM812_2_137	Carbamidomethyl	C	4
PSM812_2_137	Carbamidomethyl	C	16
PSM812_2_13700	Carbamidomethyl	C	3
PSM812_2_13701	Carbamidomethyl	C	3
PSM812_2_13702	Carbamidomethyl	C	3
PSM812_2_13703	Carbamidomethyl	C	5
PSM812_2_13703	Carbamidomethyl	C	11
PSM812_2_13704	Carbamidomethyl	C	5
PSM812_2_13704	Carbamidomethyl	C	11
PSM812_2_13705	Carbamidomethyl	C	5
PSM812_2_13705	Carbamidomethyl	C	11
PSM812_2_1372	Carbamidomethyl	C	3
PSM812_2_1372	Carbamidomethyl	C	15
PSM812_2_13720	Carbamidomethyl	C	16
PSM812_2_13721	Carbamidomethyl	C	16
PSM812_2_1373	Carbamidomethyl	C	3
PSM812_2_1373	Carbamidomethyl	C	15
PSM812_2_1374	Carbamidomethyl	C	3
PSM812_2_1374	Carbamidomethyl	C	15
PSM812_2_1375	Carbamidomethyl	C	3
PSM812_2_1375	Carbamidomethyl	C	15
PSM812_2_1376	Carbamidomethyl	C	3
PSM812_2_1376	Carbamidomethyl	C	15
PSM812_2_1377	Carbamidomethyl	C	3
PSM812_2_1377	Carbamidomethyl	C	15
PSM812_2_13777	Carbamidomethyl	C	3
PSM812_2_13777	Carbamidomethyl	C	11
PSM812_2_13778	Carbamidomethyl	C	3
PSM812_2_13778	Carbamidomethyl	C	11
PSM812_2_13779	Carbamidomethyl	C	3
PSM812_2_13779	Carbamidomethyl	C	11
PSM812_2_1378	Carbamidomethyl	C	3
PSM812_2_1378	Carbamidomethyl	C	15
PSM812_2_13783	Carbamidomethyl	C	14
PSM812_2_13784	Carbamidomethyl	C	14
PSM812_2_13785	Carbamidomethyl	C	14
PSM812_2_13786	Carbamidomethyl	C	14
PSM812_2_13787	Carbamidomethyl	C	14
PSM812_2_13788	Carbamidomethyl	C	14
PSM812_2_13789	Carbamidomethyl	C	14
PSM812_2_1379	Carbamidomethyl	C	3
PSM812_2_1379	Carbamidomethyl	C	15
PSM812_2_13790	Carbamidomethyl	C	14
PSM812_2_13791	Carbamidomethyl	C	14
PSM812_2_13792	Carbamidomethyl	C	14
PSM812_2_13793	Carbamidomethyl	C	14
PSM812_2_13794	Carbamidomethyl	C	14
PSM812_2_13795	Carbamidomethyl	C	14
PSM812_2_13796	Carbamidomethyl	C	14
PSM812_2_13797	Carbamidomethyl	C	14
PSM812_2_13798	Carbamidomethyl	C	14
PSM812_2_13799	Carbamidomethyl	C	14
PSM812_2_138	Carbamidomethyl	C	4
PSM812_2_138	Carbamidomethyl	C	16
PSM812_2_1380	Carbamidomethyl	C	3
PSM812_2_1380	Carbamidomethyl	C	15
PSM812_2_13800	Carbamidomethyl	C	14
PSM812_2_13801	Carbamidomethyl	C	14
PSM812_2_13802	Carbamidomethyl	C	14
PSM812_2_13803	Carbamidomethyl	C	14
PSM812_2_13804	Carbamidomethyl	C	14
PSM812_2_13805	Carbamidomethyl	C	14
PSM812_2_13806	Carbamidomethyl	C	14
PSM812_2_13807	Carbamidomethyl	C	14
PSM812_2_13808	Carbamidomethyl	C	14
PSM812_2_13809	Carbamidomethyl	C	14
PSM812_2_1381	Carbamidomethyl	C	3
PSM812_2_1381	Carbamidomethyl	C	15
PSM812_2_13810	Carbamidomethyl	C	14
PSM812_2_13811	Carbamidomethyl	C	14
PSM812_2_13812	Carbamidomethyl	C	14
PSM812_2_13813	Carbamidomethyl	C	14
PSM812_2_13814	Carbamidomethyl	C	14
PSM812_2_13815	Carbamidomethyl	C	14
PSM812_2_13816	Carbamidomethyl	C	14
PSM812_2_13817	Carbamidomethyl	C	14
PSM812_2_13818	Carbamidomethyl	C	14
PSM812_2_13819	Carbamidomethyl	C	14
PSM812_2_1382	Carbamidomethyl	C	3
PSM812_2_1382	Carbamidomethyl	C	15
PSM812_2_13820	Carbamidomethyl	C	14
PSM812_2_13821	Carbamidomethyl	C	14
PSM812_2_13822	Carbamidomethyl	C	14
PSM812_2_13823	Carbamidomethyl	C	14
PSM812_2_13824	Carbamidomethyl	C	14
PSM812_2_13825	Carbamidomethyl	C	14
PSM812_2_13826	Carbamidomethyl	C	14
PSM812_2_13827	Carbamidomethyl	C	14
PSM812_2_13828	Carbamidomethyl	C	14
PSM812_2_13829	Carbamidomethyl	C	14
PSM812_2_1383	Carbamidomethyl	C	3
PSM812_2_1383	Carbamidomethyl	C	15
PSM812_2_13830	Carbamidomethyl	C	14
PSM812_2_13831	Carbamidomethyl	C	14
PSM812_2_13832	Carbamidomethyl	C	14
PSM812_2_13833	Carbamidomethyl	C	14
PSM812_2_13834	Carbamidomethyl	C	14
PSM812_2_13835	Carbamidomethyl	C	14
PSM812_2_13836	Carbamidomethyl	C	14
PSM812_2_13837	Carbamidomethyl	C	14
PSM812_2_13838	Carbamidomethyl	C	14
PSM812_2_13839	Carbamidomethyl	C	14
PSM812_2_1384	Carbamidomethyl	C	3
PSM812_2_1384	Carbamidomethyl	C	15
PSM812_2_13840	Carbamidomethyl	C	14
PSM812_2_13841	Carbamidomethyl	C	14
PSM812_2_13842	Carbamidomethyl	C	14
PSM812_2_13843	Carbamidomethyl	C	14
PSM812_2_13844	Carbamidomethyl	C	14
PSM812_2_13845	Carbamidomethyl	C	14
PSM812_2_13846	Carbamidomethyl	C	14
PSM812_2_13847	Carbamidomethyl	C	14
PSM812_2_13848	Carbamidomethyl	C	14
PSM812_2_13849	Carbamidomethyl	C	14
PSM812_2_1385	Carbamidomethyl	C	3
PSM812_2_1385	Carbamidomethyl	C	15
PSM812_2_13850	Carbamidomethyl	C	14
PSM812_2_13851	Carbamidomethyl	C	14
PSM812_2_13852	Carbamidomethyl	C	14
PSM812_2_13853	Carbamidomethyl	C	14
PSM812_2_13854	Carbamidomethyl	C	14
PSM812_2_13855	Carbamidomethyl	C	14
PSM812_2_13856	Carbamidomethyl	C	14
PSM812_2_13857	Carbamidomethyl	C	14
PSM812_2_13858	Carbamidomethyl	C	14
PSM812_2_13859	Carbamidomethyl	C	14
PSM812_2_1386	Carbamidomethyl	C	3
PSM812_2_1386	Carbamidomethyl	C	15
PSM812_2_13860	Carbamidomethyl	C	14
PSM812_2_13861	Carbamidomethyl	C	14
PSM812_2_13862	Carbamidomethyl	C	14
PSM812_2_13863	Carbamidomethyl	C	14
PSM812_2_13864	Carbamidomethyl	C	14
PSM812_2_13865	Carbamidomethyl	C	14
PSM812_2_13866	Carbamidomethyl	C	14
PSM812_2_13867	Carbamidomethyl	C	14
PSM812_2_13868	Carbamidomethyl	C	14
PSM812_2_13869	Carbamidomethyl	C	14
PSM812_2_13870	Carbamidomethyl	C	14
PSM812_2_13871	Carbamidomethyl	C	14
PSM812_2_13872	Carbamidomethyl	C	14
PSM812_2_13873	Carbamidomethyl	C	14
PSM812_2_13874	Carbamidomethyl	C	14
PSM812_2_13875	Carbamidomethyl	C	12
PSM812_2_13876	Carbamidomethyl	C	12
PSM812_2_13877	Carbamidomethyl	C	12
PSM812_2_13878	Carbamidomethyl	C	5
PSM812_2_13878	Carbamidomethyl	C	7
PSM812_2_13879	Carbamidomethyl	C	5
PSM812_2_13879	Carbamidomethyl	C	7
PSM812_2_13880	Carbamidomethyl	C	5
PSM812_2_13880	Carbamidomethyl	C	7
PSM812_2_13881	Carbamidomethyl	C	5
PSM812_2_13881	Carbamidomethyl	C	7
PSM812_2_13882	Carbamidomethyl	C	3
PSM812_2_13883	Carbamidomethyl	C	3
PSM812_2_13884	Carbamidomethyl	C	3
PSM812_2_13885	Carbamidomethyl	C	3
PSM812_2_13886	Carbamidomethyl	C	3
PSM812_2_139	Carbamidomethyl	C	4
PSM812_2_139	Carbamidomethyl	C	16
PSM812_2_13911	Carbamidomethyl	C	12
PSM812_2_13912	Carbamidomethyl	C	12
PSM812_2_13913	Carbamidomethyl	C	12
PSM812_2_13914	Carbamidomethyl	C	12
PSM812_2_13915	Carbamidomethyl	C	12
PSM812_2_13916	Carbamidomethyl	C	12
PSM812_2_13917	Carbamidomethyl	C	12
PSM812_2_13922	Carbamidomethyl	C	7
PSM812_2_13923	Carbamidomethyl	C	7
PSM812_2_13924	Carbamidomethyl	C	7
PSM812_2_13925	Carbamidomethyl	C	7
PSM812_2_13926	Carbamidomethyl	C	7
PSM812_2_13927	Carbamidomethyl	C	7
PSM812_2_13928	Carbamidomethyl	C	1
PSM812_2_13928	Carbamidomethyl	C	9
PSM812_2_13934	Carbamidomethyl	C	9
PSM812_2_13935	Carbamidomethyl	C	9
PSM812_2_13936	Carbamidomethyl	C	9
PSM812_2_13937	Carbamidomethyl	C	1
PSM812_2_13937	Carbamidomethyl	C	7
PSM812_2_13938	Carbamidomethyl	C	1
PSM812_2_13938	Carbamidomethyl	C	7
PSM812_2_13939	Carbamidomethyl	C	1
PSM812_2_13939	Carbamidomethyl	C	7
PSM812_2_13940	Carbamidomethyl	C	1
PSM812_2_13940	Carbamidomethyl	C	7
PSM812_2_1395	Carbamidomethyl	C	6
PSM812_2_13951	Carbamidomethyl	C	38
PSM812_2_13952	Carbamidomethyl	C	38
PSM812_2_13953	Carbamidomethyl	C	38
PSM812_2_13954	Carbamidomethyl	C	38
PSM812_2_13955	Carbamidomethyl	C	38
PSM812_2_1396	Carbamidomethyl	C	6
PSM812_2_13964	Carbamidomethyl	C	13
PSM812_2_13965	Carbamidomethyl	C	13
PSM812_2_13966	Carbamidomethyl	C	13
PSM812_2_13967	Carbamidomethyl	C	13
PSM812_2_1397	Carbamidomethyl	C	6
PSM812_2_13970	Carbamidomethyl	C	23
PSM812_2_13971	Carbamidomethyl	C	23
PSM812_2_13972	Carbamidomethyl	C	23
PSM812_2_13973	Carbamidomethyl	C	23
PSM812_2_13974	Carbamidomethyl	C	23
PSM812_2_13975	Carbamidomethyl	C	23
PSM812_2_13976	Carbamidomethyl	C	23
PSM812_2_1398	Carbamidomethyl	C	6
PSM812_2_13989	Carbamidomethyl	C	3
PSM812_2_1399	Carbamidomethyl	C	6
PSM812_2_13995	Carbamidomethyl	C	17
PSM812_2_13996	Carbamidomethyl	C	17
PSM812_2_13997	Carbamidomethyl	C	17
PSM812_2_13998	Carbamidomethyl	C	17
PSM812_2_13999	Carbamidomethyl	C	17
PSM812_2_140	Carbamidomethyl	C	34
PSM812_2_140	Carbamidomethyl	C	37
PSM812_2_1400	Carbamidomethyl	C	6
PSM812_2_14003	Carbamidomethyl	C	2
PSM812_2_14003	Carbamidomethyl	C	10
PSM812_2_14004	Carbamidomethyl	C	2
PSM812_2_14004	Carbamidomethyl	C	10
PSM812_2_14026	Carbamidomethyl	C	9
PSM812_2_14026	Carbamidomethyl	C	14
PSM812_2_14027	Carbamidomethyl	C	9
PSM812_2_14027	Carbamidomethyl	C	14
PSM812_2_14028	Carbamidomethyl	C	9
PSM812_2_14028	Carbamidomethyl	C	14
PSM812_2_14035	Carbamidomethyl	C	8
PSM812_2_14041	Carbamidomethyl	C	7
PSM812_2_14044	Carbamidomethyl	C	13
PSM812_2_14053	Carbamidomethyl	C	17
PSM812_2_14054	Carbamidomethyl	C	17
PSM812_2_14055	Carbamidomethyl	C	17
PSM812_2_14056	Carbamidomethyl	C	17
PSM812_2_14057	Carbamidomethyl	C	17
PSM812_2_14058	Carbamidomethyl	C	17
PSM812_2_14067	Carbamidomethyl	C	23
PSM812_2_14068	Carbamidomethyl	C	23
PSM812_2_14069	Carbamidomethyl	C	23
PSM812_2_14070	Carbamidomethyl	C	23
PSM812_2_14071	Carbamidomethyl	C	23
PSM812_2_14072	Carbamidomethyl	C	8
PSM812_2_14078	Carbamidomethyl	C	13
PSM812_2_14079	Carbamidomethyl	C	13
PSM812_2_141	Carbamidomethyl	C	34
PSM812_2_141	Carbamidomethyl	C	37
PSM812_2_14103	Carbamidomethyl	C	12
PSM812_2_14104	Carbamidomethyl	C	12
PSM812_2_14110	Carbamidomethyl	C	14
PSM812_2_14111	Carbamidomethyl	C	14
PSM812_2_14112	Carbamidomethyl	C	14
PSM812_2_14113	Carbamidomethyl	C	14
PSM812_2_14123	Carbamidomethyl	C	13
PSM812_2_14124	Carbamidomethyl	C	13
PSM812_2_14125	Carbamidomethyl	C	13
PSM812_2_14137	Carbamidomethyl	C	1
PSM812_2_14183	Carbamidomethyl	C	14
PSM812_2_14184	Carbamidomethyl	C	14
PSM812_2_14185	Carbamidomethyl	C	14
PSM812_2_14186	Carbamidomethyl	C	14
PSM812_2_14187	Carbamidomethyl	C	14
PSM812_2_14188	Carbamidomethyl	C	14
PSM812_2_14189	Carbamidomethyl	C	14
PSM812_2_14190	Carbamidomethyl	C	14
PSM812_2_14191	Carbamidomethyl	C	14
PSM812_2_14192	Carbamidomethyl	C	14
PSM812_2_14193	Carbamidomethyl	C	14
PSM812_2_14194	Carbamidomethyl	C	14
PSM812_2_14195	Carbamidomethyl	C	5
PSM812_2_14195	Carbamidomethyl	C	6
PSM812_2_14196	Carbamidomethyl	C	5
PSM812_2_14196	Carbamidomethyl	C	6
PSM812_2_14197	Carbamidomethyl	C	5
PSM812_2_14197	Carbamidomethyl	C	6
PSM812_2_142	Carbamidomethyl	C	34
PSM812_2_142	Carbamidomethyl	C	37
PSM812_2_14215	Gln->pyro-Glu	N-term	
PSM812_2_14218	Acetyl	N-term	
PSM812_2_14219	Carbamidomethyl	C	28
PSM812_2_14220	Carbamidomethyl	C	28
PSM812_2_14221	Carbamidomethyl	C	28
PSM812_2_14222	Acetyl	N-term	
PSM812_2_14223	Acetyl	N-term	
PSM812_2_14229	Gln->pyro-Glu	N-term	
PSM812_2_14230	Gln->pyro-Glu	N-term	
PSM812_2_14231	Acetyl	N-term	
PSM812_2_14232	Acetyl	N-term	
PSM812_2_14247	Carbamidomethyl	C	13
PSM812_2_14248	Carbamidomethyl	C	15
PSM812_2_14249	Carbamidomethyl	C	15
PSM812_2_14250	Carbamidomethyl	C	15
PSM812_2_14251	Carbamidomethyl	C	15
PSM812_2_14252	Carbamidomethyl	C	15
PSM812_2_14253	Carbamidomethyl	C	4
PSM812_2_14254	Carbamidomethyl	C	4
PSM812_2_14255	Carbamidomethyl	C	4
PSM812_2_14260	Carbamidomethyl	C	2
PSM812_2_14264	Carbamidomethyl	C	18
PSM812_2_14265	Carbamidomethyl	C	18
PSM812_2_14283	Carbamidomethyl	C	15
PSM812_2_14284	Carbamidomethyl	C	15
PSM812_2_14285	Carbamidomethyl	C	15
PSM812_2_14286	Carbamidomethyl	C	15
PSM812_2_14287	Carbamidomethyl	C	15
PSM812_2_14288	Carbamidomethyl	C	31
PSM812_2_14289	Carbamidomethyl	C	31
PSM812_2_14290	Carbamidomethyl	C	31
PSM812_2_143	Carbamidomethyl	C	34
PSM812_2_143	Carbamidomethyl	C	37
PSM812_2_14324	Carbamidomethyl	C	4
PSM812_2_14325	Carbamidomethyl	C	4
PSM812_2_14326	Carbamidomethyl	C	4
PSM812_2_14327	Carbamidomethyl	C	4
PSM812_2_14328	Carbamidomethyl	C	4
PSM812_2_14359	Carbamidomethyl	C	8
PSM812_2_14362	Carbamidomethyl	C	2
PSM812_2_14362	Carbamidomethyl	C	14
PSM812_2_14363	Carbamidomethyl	C	2
PSM812_2_14363	Carbamidomethyl	C	14
PSM812_2_14364	Carbamidomethyl	C	2
PSM812_2_14364	Carbamidomethyl	C	14
PSM812_2_14365	Carbamidomethyl	C	2
PSM812_2_14365	Carbamidomethyl	C	14
PSM812_2_14366	Carbamidomethyl	C	2
PSM812_2_14366	Carbamidomethyl	C	14
PSM812_2_14367	Carbamidomethyl	C	2
PSM812_2_14367	Carbamidomethyl	C	14
PSM812_2_14368	Carbamidomethyl	C	2
PSM812_2_14368	Carbamidomethyl	C	14
PSM812_2_14369	Carbamidomethyl	C	2
PSM812_2_14369	Carbamidomethyl	C	14
PSM812_2_14370	Carbamidomethyl	C	2
PSM812_2_14370	Carbamidomethyl	C	14
PSM812_2_14371	Carbamidomethyl	C	2
PSM812_2_14371	Carbamidomethyl	C	14
PSM812_2_14372	Carbamidomethyl	C	2
PSM812_2_14372	Carbamidomethyl	C	14
PSM812_2_14373	Carbamidomethyl	C	2
PSM812_2_14373	Carbamidomethyl	C	14
PSM812_2_14374	Carbamidomethyl	C	2
PSM812_2_14374	Carbamidomethyl	C	14
PSM812_2_14387	Carbamidomethyl	C	6
PSM812_2_14388	Carbamidomethyl	C	6
PSM812_2_14389	Carbamidomethyl	C	6
PSM812_2_14390	Carbamidomethyl	C	6
PSM812_2_14391	Carbamidomethyl	C	9
PSM812_2_14392	Carbamidomethyl	C	9
PSM812_2_14393	Carbamidomethyl	C	9
PSM812_2_14394	Carbamidomethyl	C	9
PSM812_2_14395	Carbamidomethyl	C	9
PSM812_2_14396	Carbamidomethyl	C	9
PSM812_2_14397	Carbamidomethyl	C	9
PSM812_2_144	Carbamidomethyl	C	34
PSM812_2_144	Carbamidomethyl	C	37
PSM812_2_1442	Carbamidomethyl	C	3
PSM812_2_1442	Oxidation	M	12
PSM812_2_1443	Carbamidomethyl	C	3
PSM812_2_1443	Oxidation	M	12
PSM812_2_1444	Carbamidomethyl	C	3
PSM812_2_1444	Oxidation	M	12
PSM812_2_1445	Carbamidomethyl	C	3
PSM812_2_1445	Oxidation	M	12
PSM812_2_1446	Carbamidomethyl	C	3
PSM812_2_1446	Oxidation	M	12
PSM812_2_1447	Carbamidomethyl	C	3
PSM812_2_1447	Oxidation	M	12
PSM812_2_1448	Carbamidomethyl	C	3
PSM812_2_1448	Oxidation	M	12
PSM812_2_14484	Carbamidomethyl	C	23
PSM812_2_14485	Carbamidomethyl	C	23
PSM812_2_14486	Carbamidomethyl	C	23
PSM812_2_14487	Carbamidomethyl	C	23
PSM812_2_14488	Carbamidomethyl	C	23
PSM812_2_14489	Carbamidomethyl	C	23
PSM812_2_1449	Carbamidomethyl	C	3
PSM812_2_1449	Oxidation	M	12
PSM812_2_145	Carbamidomethyl	C	34
PSM812_2_145	Carbamidomethyl	C	37
PSM812_2_1450	Carbamidomethyl	C	3
PSM812_2_1450	Oxidation	M	12
PSM812_2_1451	Carbamidomethyl	C	3
PSM812_2_1451	Oxidation	M	12
PSM812_2_14511	Carbamidomethyl	C	21
PSM812_2_14512	Carbamidomethyl	C	21
PSM812_2_14513	Carbamidomethyl	C	21
PSM812_2_14514	Carbamidomethyl	C	21
PSM812_2_14515	Carbamidomethyl	C	21
PSM812_2_14516	Carbamidomethyl	C	12
PSM812_2_14517	Carbamidomethyl	C	12
PSM812_2_14521	Carbamidomethyl	C	11
PSM812_2_14522	Carbamidomethyl	C	11
PSM812_2_14523	Carbamidomethyl	C	11
PSM812_2_14524	Carbamidomethyl	C	11
PSM812_2_14545	Gln->pyro-Glu	N-term	
PSM812_2_14545	Carbamidomethyl	C	22
PSM812_2_14546	Gln->pyro-Glu	N-term	
PSM812_2_14546	Carbamidomethyl	C	22
PSM812_2_14547	Gln->pyro-Glu	N-term	
PSM812_2_14547	Carbamidomethyl	C	22
PSM812_2_14548	Ammonia-loss	N-term	
PSM812_2_14548	Carbamidomethyl	C	1
PSM812_2_14549	Acetyl	N-term	
PSM812_2_14550	Acetyl	N-term	
PSM812_2_14563	Carbamidomethyl	C	5
PSM812_2_14564	Carbamidomethyl	C	5
PSM812_2_14565	Carbamidomethyl	C	5
PSM812_2_14566	Carbamidomethyl	C	5
PSM812_2_14567	Carbamidomethyl	C	5
PSM812_2_14570	Ammonia-loss	N-term	
PSM812_2_14570	Carbamidomethyl	C	1
PSM812_2_14571	Ammonia-loss	N-term	
PSM812_2_14571	Carbamidomethyl	C	1
PSM812_2_14572	Ammonia-loss	N-term	
PSM812_2_14572	Carbamidomethyl	C	1
PSM812_2_14573	Ammonia-loss	N-term	
PSM812_2_14573	Carbamidomethyl	C	1
PSM812_2_14574	Ammonia-loss	N-term	
PSM812_2_14574	Carbamidomethyl	C	1
PSM812_2_14575	Ammonia-loss	N-term	
PSM812_2_14575	Carbamidomethyl	C	1
PSM812_2_14576	Ammonia-loss	N-term	
PSM812_2_14576	Carbamidomethyl	C	1
PSM812_2_14577	Ammonia-loss	N-term	
PSM812_2_14577	Carbamidomethyl	C	1
PSM812_2_14578	Ammonia-loss	N-term	
PSM812_2_14578	Carbamidomethyl	C	1
PSM812_2_14579	Ammonia-loss	N-term	
PSM812_2_14579	Carbamidomethyl	C	1
PSM812_2_14580	Ammonia-loss	N-term	
PSM812_2_14580	Carbamidomethyl	C	1
PSM812_2_14581	Ammonia-loss	N-term	
PSM812_2_14581	Carbamidomethyl	C	1
PSM812_2_14582	Ammonia-loss	N-term	
PSM812_2_14582	Carbamidomethyl	C	1
PSM812_2_14583	Ammonia-loss	N-term	
PSM812_2_14583	Carbamidomethyl	C	1
PSM812_2_14584	Ammonia-loss	N-term	
PSM812_2_14584	Carbamidomethyl	C	1
PSM812_2_14585	Ammonia-loss	N-term	
PSM812_2_14585	Carbamidomethyl	C	1
PSM812_2_146	Carbamidomethyl	C	34
PSM812_2_146	Carbamidomethyl	C	37
PSM812_2_14611	Carbamidomethyl	C	13
PSM812_2_14612	Carbamidomethyl	C	13
PSM812_2_14613	Carbamidomethyl	C	13
PSM812_2_14614	Carbamidomethyl	C	13
PSM812_2_14615	Carbamidomethyl	C	13
PSM812_2_14619	Carbamidomethyl	C	24
PSM812_2_14620	Carbamidomethyl	C	24
PSM812_2_14621	Carbamidomethyl	C	24
PSM812_2_14622	Carbamidomethyl	C	24
PSM812_2_14623	Carbamidomethyl	C	24
PSM812_2_14624	Carbamidomethyl	C	4
PSM812_2_14625	Carbamidomethyl	C	4
PSM812_2_14626	Carbamidomethyl	C	4
PSM812_2_14627	Carbamidomethyl	C	4
PSM812_2_14628	Carbamidomethyl	C	4
PSM812_2_14629	Carbamidomethyl	C	4
PSM812_2_14630	Carbamidomethyl	C	4
PSM812_2_14631	Carbamidomethyl	C	4
PSM812_2_14632	Carbamidomethyl	C	9
PSM812_2_14633	Carbamidomethyl	C	9
PSM812_2_14634	Carbamidomethyl	C	9
PSM812_2_14659	Carbamidomethyl	C	11
PSM812_2_14660	Carbamidomethyl	C	11
PSM812_2_14665	Carbamidomethyl	C	27
PSM812_2_14672	Carbamidomethyl	C	6
PSM812_2_14673	Carbamidomethyl	C	6
PSM812_2_14674	Carbamidomethyl	C	6
PSM812_2_14677	Carbamidomethyl	C	11
PSM812_2_14696	Carbamidomethyl	C	15
PSM812_2_147	Carbamidomethyl	C	34
PSM812_2_147	Carbamidomethyl	C	37
PSM812_2_14702	Carbamidomethyl	C	6
PSM812_2_14703	Carbamidomethyl	C	6
PSM812_2_14704	Carbamidomethyl	C	6
PSM812_2_14705	Carbamidomethyl	C	6
PSM812_2_14706	Carbamidomethyl	C	6
PSM812_2_14707	Carbamidomethyl	C	6
PSM812_2_14708	Carbamidomethyl	C	6
PSM812_2_14715	Gln->pyro-Glu	N-term	
PSM812_2_14716	Gln->pyro-Glu	N-term	
PSM812_2_14717	Gln->pyro-Glu	N-term	
PSM812_2_14718	Gln->pyro-Glu	N-term	
PSM812_2_14719	Gln->pyro-Glu	N-term	
PSM812_2_14728	Gln->pyro-Glu	N-term	
PSM812_2_14729	Gln->pyro-Glu	N-term	
PSM812_2_14730	Gln->pyro-Glu	N-term	
PSM812_2_14731	Gln->pyro-Glu	N-term	
PSM812_2_14735	Acetyl	N-term	
PSM812_2_14736	Acetyl	N-term	
PSM812_2_14737	Acetyl	N-term	
PSM812_2_14738	Acetyl	N-term	
PSM812_2_14742	Carbamidomethyl	C	11
PSM812_2_14743	Carbamidomethyl	C	11
PSM812_2_14744	Carbamidomethyl	C	11
PSM812_2_14744	Carbamidomethyl	C	15
PSM812_2_14745	Carbamidomethyl	C	11
PSM812_2_14745	Carbamidomethyl	C	15
PSM812_2_14746	Carbamidomethyl	C	15
PSM812_2_1475	Carbamidomethyl	C	5
PSM812_2_1475	Carbamidomethyl	C	7
PSM812_2_14757	Carbamidomethyl	C	11
PSM812_2_14758	Carbamidomethyl	C	11
PSM812_2_14759	Carbamidomethyl	C	11
PSM812_2_1476	Carbamidomethyl	C	5
PSM812_2_1476	Carbamidomethyl	C	7
PSM812_2_1477	Carbamidomethyl	C	5
PSM812_2_1477	Carbamidomethyl	C	7
PSM812_2_1478	Carbamidomethyl	C	5
PSM812_2_1478	Carbamidomethyl	C	7
PSM812_2_14780	Carbamidomethyl	C	2
PSM812_2_14781	Carbamidomethyl	C	2
PSM812_2_14782	Carbamidomethyl	C	2
PSM812_2_14783	Carbamidomethyl	C	2
PSM812_2_1479	Carbamidomethyl	C	5
PSM812_2_1479	Carbamidomethyl	C	7
PSM812_2_148	Carbamidomethyl	C	34
PSM812_2_148	Carbamidomethyl	C	37
PSM812_2_1480	Carbamidomethyl	C	5
PSM812_2_1480	Carbamidomethyl	C	7
PSM812_2_1481	Carbamidomethyl	C	5
PSM812_2_1481	Carbamidomethyl	C	7
PSM812_2_14811	Carbamidomethyl	C	5
PSM812_2_14811	Carbamidomethyl	C	6
PSM812_2_14811	Carbamidomethyl	C	13
PSM812_2_14812	Carbamidomethyl	C	5
PSM812_2_14812	Carbamidomethyl	C	6
PSM812_2_14812	Carbamidomethyl	C	13
PSM812_2_14813	Carbamidomethyl	C	5
PSM812_2_14813	Carbamidomethyl	C	6
PSM812_2_14813	Carbamidomethyl	C	13
PSM812_2_14814	Carbamidomethyl	C	5
PSM812_2_14814	Carbamidomethyl	C	6
PSM812_2_14814	Carbamidomethyl	C	13
PSM812_2_14815	Carbamidomethyl	C	5
PSM812_2_14815	Carbamidomethyl	C	6
PSM812_2_14815	Carbamidomethyl	C	13
PSM812_2_14816	Carbamidomethyl	C	5
PSM812_2_14816	Carbamidomethyl	C	6
PSM812_2_14816	Carbamidomethyl	C	13
PSM812_2_14817	Carbamidomethyl	C	5
PSM812_2_14817	Carbamidomethyl	C	6
PSM812_2_14817	Carbamidomethyl	C	13
PSM812_2_14818	Carbamidomethyl	C	5
PSM812_2_14818	Carbamidomethyl	C	6
PSM812_2_14818	Carbamidomethyl	C	13
PSM812_2_14819	Carbamidomethyl	C	5
PSM812_2_14819	Carbamidomethyl	C	6
PSM812_2_14819	Carbamidomethyl	C	13
PSM812_2_1482	Carbamidomethyl	C	5
PSM812_2_1482	Carbamidomethyl	C	7
PSM812_2_14820	Carbamidomethyl	C	5
PSM812_2_14820	Carbamidomethyl	C	6
PSM812_2_14820	Carbamidomethyl	C	13
PSM812_2_14821	Carbamidomethyl	C	5
PSM812_2_14821	Carbamidomethyl	C	6
PSM812_2_14821	Carbamidomethyl	C	13
PSM812_2_14822	Carbamidomethyl	C	5
PSM812_2_14822	Carbamidomethyl	C	6
PSM812_2_14822	Carbamidomethyl	C	13
PSM812_2_14829	Carbamidomethyl	C	3
PSM812_2_1483	Carbamidomethyl	C	5
PSM812_2_1483	Carbamidomethyl	C	7
PSM812_2_14830	Carbamidomethyl	C	3
PSM812_2_14831	Carbamidomethyl	C	3
PSM812_2_14836	Acetyl	N-term	
PSM812_2_14837	Carbamidomethyl	C	1
PSM812_2_14837	Carbamidomethyl	C	13
PSM812_2_14838	Carbamidomethyl	C	1
PSM812_2_14838	Carbamidomethyl	C	13
PSM812_2_14839	Carbamidomethyl	C	1
PSM812_2_14839	Carbamidomethyl	C	13
PSM812_2_1484	Carbamidomethyl	C	5
PSM812_2_1484	Carbamidomethyl	C	7
PSM812_2_1485	Carbamidomethyl	C	5
PSM812_2_1485	Carbamidomethyl	C	7
PSM812_2_1486	Carbamidomethyl	C	5
PSM812_2_1486	Carbamidomethyl	C	7
PSM812_2_14860	Carbamidomethyl	C	5
PSM812_2_14860	Carbamidomethyl	C	10
PSM812_2_14869	Carbamidomethyl	C	4
PSM812_2_14869	Carbamidomethyl	C	8
PSM812_2_1487	Carbamidomethyl	C	5
PSM812_2_1487	Carbamidomethyl	C	7
PSM812_2_14870	Carbamidomethyl	C	4
PSM812_2_14870	Carbamidomethyl	C	8
PSM812_2_14871	Carbamidomethyl	C	4
PSM812_2_14871	Carbamidomethyl	C	8
PSM812_2_14872	Carbamidomethyl	C	4
PSM812_2_14872	Carbamidomethyl	C	8
PSM812_2_1488	Carbamidomethyl	C	5
PSM812_2_1488	Carbamidomethyl	C	7
PSM812_2_14887	Carbamidomethyl	C	3
PSM812_2_14888	Carbamidomethyl	C	3
PSM812_2_14889	Carbamidomethyl	C	3
PSM812_2_1489	Carbamidomethyl	C	5
PSM812_2_1489	Carbamidomethyl	C	7
PSM812_2_14890	Carbamidomethyl	C	3
PSM812_2_14891	Carbamidomethyl	C	12
PSM812_2_14892	Carbamidomethyl	C	12
PSM812_2_14893	Carbamidomethyl	C	12
PSM812_2_14894	Carbamidomethyl	C	12
PSM812_2_14895	Carbamidomethyl	C	13
PSM812_2_149	Carbamidomethyl	C	34
PSM812_2_149	Carbamidomethyl	C	37
PSM812_2_1490	Carbamidomethyl	C	24
PSM812_2_1491	Carbamidomethyl	C	24
PSM812_2_1492	Carbamidomethyl	C	24
PSM812_2_14920	Carbamidomethyl	C	6
PSM812_2_14920	Carbamidomethyl	C	12
PSM812_2_14921	Carbamidomethyl	C	6
PSM812_2_14921	Carbamidomethyl	C	12
PSM812_2_14922	Carbamidomethyl	C	6
PSM812_2_14922	Carbamidomethyl	C	12
PSM812_2_14923	Carbamidomethyl	C	6
PSM812_2_14923	Carbamidomethyl	C	12
PSM812_2_14924	Carbamidomethyl	C	8
PSM812_2_14925	Carbamidomethyl	C	12
PSM812_2_1493	Carbamidomethyl	C	24
PSM812_2_14933	Carbamidomethyl	C	7
PSM812_2_14934	Carbamidomethyl	C	7
PSM812_2_1494	Carbamidomethyl	C	24
PSM812_2_14940	Carbamidomethyl	C	6
PSM812_2_14941	Carbamidomethyl	C	6
PSM812_2_14942	Carbamidomethyl	C	6
PSM812_2_14943	Carbamidomethyl	C	6
PSM812_2_14944	Carbamidomethyl	C	6
PSM812_2_1495	Carbamidomethyl	C	24
PSM812_2_1496	Carbamidomethyl	C	24
PSM812_2_14964	Carbamidomethyl	C	7
PSM812_2_1497	Carbamidomethyl	C	24
PSM812_2_14972	Carbamidomethyl	C	3
PSM812_2_14973	Carbamidomethyl	C	12
PSM812_2_14974	Carbamidomethyl	C	4
PSM812_2_14974	Carbamidomethyl	C	12
PSM812_2_14975	Carbamidomethyl	C	4
PSM812_2_14975	Carbamidomethyl	C	12
PSM812_2_14976	Carbamidomethyl	C	4
PSM812_2_14976	Carbamidomethyl	C	12
PSM812_2_14977	Carbamidomethyl	C	4
PSM812_2_14977	Carbamidomethyl	C	12
PSM812_2_14978	Carbamidomethyl	C	4
PSM812_2_14978	Carbamidomethyl	C	12
PSM812_2_14979	Carbamidomethyl	C	4
PSM812_2_14979	Carbamidomethyl	C	12
PSM812_2_1498	Carbamidomethyl	C	24
PSM812_2_14980	Carbamidomethyl	C	4
PSM812_2_14980	Carbamidomethyl	C	12
PSM812_2_14981	Carbamidomethyl	C	4
PSM812_2_14981	Carbamidomethyl	C	12
PSM812_2_14982	Carbamidomethyl	C	4
PSM812_2_14982	Carbamidomethyl	C	12
PSM812_2_14983	Carbamidomethyl	C	4
PSM812_2_14983	Carbamidomethyl	C	12
PSM812_2_14984	Carbamidomethyl	C	4
PSM812_2_14984	Carbamidomethyl	C	12
PSM812_2_14985	Carbamidomethyl	C	4
PSM812_2_14985	Carbamidomethyl	C	12
PSM812_2_14986	Carbamidomethyl	C	4
PSM812_2_14986	Carbamidomethyl	C	12
PSM812_2_14987	Carbamidomethyl	C	4
PSM812_2_14987	Carbamidomethyl	C	12
PSM812_2_14988	Carbamidomethyl	C	4
PSM812_2_14988	Carbamidomethyl	C	12
PSM812_2_14989	Carbamidomethyl	C	4
PSM812_2_14989	Carbamidomethyl	C	12
PSM812_2_1499	Carbamidomethyl	C	24
PSM812_2_14990	Carbamidomethyl	C	4
PSM812_2_14990	Carbamidomethyl	C	12
PSM812_2_14991	Carbamidomethyl	C	4
PSM812_2_14991	Carbamidomethyl	C	12
PSM812_2_14992	Carbamidomethyl	C	4
PSM812_2_14992	Carbamidomethyl	C	12
PSM812_2_14993	Carbamidomethyl	C	4
PSM812_2_14993	Carbamidomethyl	C	12
PSM812_2_14994	Carbamidomethyl	C	4
PSM812_2_14994	Carbamidomethyl	C	12
PSM812_2_14995	Carbamidomethyl	C	4
PSM812_2_14995	Carbamidomethyl	C	12
PSM812_2_14996	Carbamidomethyl	C	4
PSM812_2_14996	Carbamidomethyl	C	12
PSM812_2_14997	Carbamidomethyl	C	14
PSM812_2_14998	Carbamidomethyl	C	14
PSM812_2_14999	Carbamidomethyl	C	14
PSM812_2_150	Carbamidomethyl	C	34
PSM812_2_150	Carbamidomethyl	C	37
PSM812_2_1500	Carbamidomethyl	C	24
PSM812_2_15000	Carbamidomethyl	C	14
PSM812_2_15001	Carbamidomethyl	C	14
PSM812_2_15002	Carbamidomethyl	C	14
PSM812_2_15003	Carbamidomethyl	C	14
PSM812_2_15004	Carbamidomethyl	C	14
PSM812_2_15005	Carbamidomethyl	C	6
PSM812_2_15005	Carbamidomethyl	C	9
PSM812_2_1501	Carbamidomethyl	C	24
PSM812_2_15011	Carbamidomethyl	C	2
PSM812_2_15012	Carbamidomethyl	C	2
PSM812_2_15018	Carbamidomethyl	C	11
PSM812_2_15019	Carbamidomethyl	C	11
PSM812_2_1502	Carbamidomethyl	C	24
PSM812_2_15020	Carbamidomethyl	C	11
PSM812_2_15021	Carbamidomethyl	C	11
PSM812_2_15022	Carbamidomethyl	C	11
PSM812_2_1503	Carbamidomethyl	C	24
PSM812_2_15034	Carbamidomethyl	C	9
PSM812_2_15035	Carbamidomethyl	C	9
PSM812_2_15036	Carbamidomethyl	C	9
PSM812_2_15037	Carbamidomethyl	C	9
PSM812_2_15038	Carbamidomethyl	C	9
PSM812_2_1504	Carbamidomethyl	C	24
PSM812_2_15041	Carbamidomethyl	C	3
PSM812_2_15042	Carbamidomethyl	C	3
PSM812_2_15043	Carbamidomethyl	C	3
PSM812_2_15044	Carbamidomethyl	C	3
PSM812_2_15045	Carbamidomethyl	C	15
PSM812_2_15046	Carbamidomethyl	C	15
PSM812_2_1505	Carbamidomethyl	C	24
PSM812_2_15051	Carbamidomethyl	C	4
PSM812_2_15052	Carbamidomethyl	C	7
PSM812_2_15052	Carbamidomethyl	C	10
PSM812_2_15053	Carbamidomethyl	C	7
PSM812_2_15053	Carbamidomethyl	C	10
PSM812_2_1506	Carbamidomethyl	C	24
PSM812_2_15064	Carbamidomethyl	C	6
PSM812_2_15065	Carbamidomethyl	C	6
PSM812_2_15066	Carbamidomethyl	C	6
PSM812_2_15067	Carbamidomethyl	C	6
PSM812_2_15068	Carbamidomethyl	C	6
PSM812_2_15069	Carbamidomethyl	C	10
PSM812_2_15070	Carbamidomethyl	C	10
PSM812_2_15071	Carbamidomethyl	C	10
PSM812_2_15072	Carbamidomethyl	C	10
PSM812_2_15073	Carbamidomethyl	C	10
PSM812_2_15074	Carbamidomethyl	C	10
PSM812_2_15075	Carbamidomethyl	C	10
PSM812_2_15076	Carbamidomethyl	C	9
PSM812_2_15077	Carbamidomethyl	C	9
PSM812_2_15078	Carbamidomethyl	C	9
PSM812_2_15079	Carbamidomethyl	C	9
PSM812_2_15080	Carbamidomethyl	C	9
PSM812_2_15081	Carbamidomethyl	C	9
PSM812_2_15087	Carbamidomethyl	C	6
PSM812_2_15088	Carbamidomethyl	C	6
PSM812_2_15089	Carbamidomethyl	C	6
PSM812_2_15092	Carbamidomethyl	C	10
PSM812_2_15093	Carbamidomethyl	C	10
PSM812_2_15094	Carbamidomethyl	C	10
PSM812_2_15095	Carbamidomethyl	C	7
PSM812_2_15095	Carbamidomethyl	C	18
PSM812_2_15096	Carbamidomethyl	C	7
PSM812_2_15097	Carbamidomethyl	C	20
PSM812_2_151	Carbamidomethyl	C	34
PSM812_2_151	Carbamidomethyl	C	37
PSM812_2_1511	Carbamidomethyl	C	24
PSM812_2_15118	Carbamidomethyl	C	17
PSM812_2_15119	Carbamidomethyl	C	17
PSM812_2_1512	Carbamidomethyl	C	24
PSM812_2_15120	Carbamidomethyl	C	17
PSM812_2_15121	Carbamidomethyl	C	17
PSM812_2_1513	Carbamidomethyl	C	24
PSM812_2_1514	Carbamidomethyl	C	24
PSM812_2_15165	Carbamidomethyl	C	7
PSM812_2_15168	Carbamidomethyl	C	9
PSM812_2_15168	Carbamidomethyl	C	11
PSM812_2_15187	Carbamidomethyl	C	6
PSM812_2_15188	Carbamidomethyl	C	6
PSM812_2_15189	Carbamidomethyl	C	6
PSM812_2_15190	Carbamidomethyl	C	6
PSM812_2_15191	Carbamidomethyl	C	6
PSM812_2_15192	Carbamidomethyl	C	6
PSM812_2_15193	Carbamidomethyl	C	6
PSM812_2_15194	Carbamidomethyl	C	6
PSM812_2_15195	Carbamidomethyl	C	1
PSM812_2_15196	Carbamidomethyl	C	1
PSM812_2_15197	Carbamidomethyl	C	1
PSM812_2_15198	Carbamidomethyl	C	1
PSM812_2_15199	Carbamidomethyl	C	1
PSM812_2_152	Carbamidomethyl	C	34
PSM812_2_152	Carbamidomethyl	C	37
PSM812_2_15200	Carbamidomethyl	C	1
PSM812_2_15201	Carbamidomethyl	C	1
PSM812_2_15202	Carbamidomethyl	C	1
PSM812_2_15203	Carbamidomethyl	C	1
PSM812_2_15204	Carbamidomethyl	C	1
PSM812_2_15205	Carbamidomethyl	C	1
PSM812_2_15206	Carbamidomethyl	C	1
PSM812_2_15207	Carbamidomethyl	C	1
PSM812_2_15210	Carbamidomethyl	C	5
PSM812_2_15211	Carbamidomethyl	C	5
PSM812_2_15212	Carbamidomethyl	C	5
PSM812_2_15213	Carbamidomethyl	C	16
PSM812_2_15214	Carbamidomethyl	C	16
PSM812_2_15215	Carbamidomethyl	C	16
PSM812_2_15222	Carbamidomethyl	C	15
PSM812_2_15222	Carbamidomethyl	C	20
PSM812_2_15251	Carbamidomethyl	C	6
PSM812_2_15251	Carbamidomethyl	C	11
PSM812_2_15252	Carbamidomethyl	C	6
PSM812_2_15252	Carbamidomethyl	C	11
PSM812_2_15253	Carbamidomethyl	C	6
PSM812_2_15253	Carbamidomethyl	C	11
PSM812_2_15254	Carbamidomethyl	C	6
PSM812_2_15254	Carbamidomethyl	C	11
PSM812_2_15255	Carbamidomethyl	C	10
PSM812_2_15255	Carbamidomethyl	C	13
PSM812_2_15256	Carbamidomethyl	C	10
PSM812_2_15256	Carbamidomethyl	C	13
PSM812_2_15272	Carbamidomethyl	C	30
PSM812_2_15273	Carbamidomethyl	C	30
PSM812_2_15274	Carbamidomethyl	C	30
PSM812_2_15279	Ammonia-loss	N-term	
PSM812_2_15279	Carbamidomethyl	C	1
PSM812_2_15280	Ammonia-loss	N-term	
PSM812_2_15280	Carbamidomethyl	C	1
PSM812_2_15281	Ammonia-loss	N-term	
PSM812_2_15281	Carbamidomethyl	C	1
PSM812_2_15282	Carbamidomethyl	C	6
PSM812_2_15282	Carbamidomethyl	C	9
PSM812_2_15283	Carbamidomethyl	C	6
PSM812_2_15283	Carbamidomethyl	C	9
PSM812_2_15284	Carbamidomethyl	C	6
PSM812_2_15284	Carbamidomethyl	C	9
PSM812_2_15285	Carbamidomethyl	C	6
PSM812_2_15285	Carbamidomethyl	C	9
PSM812_2_15286	Carbamidomethyl	C	6
PSM812_2_15286	Carbamidomethyl	C	9
PSM812_2_15287	Ammonia-loss	N-term	
PSM812_2_15287	Carbamidomethyl	C	1
PSM812_2_15288	Gln->pyro-Glu	N-term	
PSM812_2_15289	Gln->pyro-Glu	N-term	
PSM812_2_15290	Gln->pyro-Glu	N-term	
PSM812_2_15291	Gln->pyro-Glu	N-term	
PSM812_2_15293	Acetyl	N-term	
PSM812_2_15294	Acetyl	N-term	
PSM812_2_15295	Acetyl	N-term	
PSM812_2_15296	Acetyl	N-term	
PSM812_2_15297	Acetyl	N-term	
PSM812_2_15298	Acetyl	N-term	
PSM812_2_15299	Acetyl	N-term	
PSM812_2_153	Carbamidomethyl	C	26
PSM812_2_15300	Acetyl	N-term	
PSM812_2_15301	Acetyl	N-term	
PSM812_2_15302	Acetyl	N-term	
PSM812_2_15303	Acetyl	N-term	
PSM812_2_15304	Acetyl	N-term	
PSM812_2_15305	Acetyl	N-term	
PSM812_2_15306	Acetyl	N-term	
PSM812_2_15307	Acetyl	N-term	
PSM812_2_15308	Acetyl	N-term	
PSM812_2_15309	Acetyl	N-term	
PSM812_2_15310	Acetyl	N-term	
PSM812_2_15311	Acetyl	N-term	
PSM812_2_15312	Acetyl	N-term	
PSM812_2_15313	Acetyl	N-term	
PSM812_2_15314	Acetyl	N-term	
PSM812_2_15315	Acetyl	N-term	
PSM812_2_15316	Acetyl	N-term	
PSM812_2_15317	Acetyl	N-term	
PSM812_2_15318	Acetyl	N-term	
PSM812_2_15319	Acetyl	N-term	
PSM812_2_15323	Acetyl	N-term	
PSM812_2_15324	Acetyl	N-term	
PSM812_2_15325	Acetyl	N-term	
PSM812_2_15328	Carbamidomethyl	C	3
PSM812_2_15329	Carbamidomethyl	C	3
PSM812_2_15330	Carbamidomethyl	C	8
PSM812_2_15330	Carbamidomethyl	C	21
PSM812_2_15335	Carbamidomethyl	C	12
PSM812_2_15335	Carbamidomethyl	C	13
PSM812_2_15336	Carbamidomethyl	C	12
PSM812_2_15336	Carbamidomethyl	C	13
PSM812_2_15337	Carbamidomethyl	C	12
PSM812_2_15337	Carbamidomethyl	C	13
PSM812_2_15371	Carbamidomethyl	C	8
PSM812_2_15371	Carbamidomethyl	C	13
PSM812_2_15372	Carbamidomethyl	C	8
PSM812_2_15372	Carbamidomethyl	C	13
PSM812_2_15373	Carbamidomethyl	C	8
PSM812_2_15373	Carbamidomethyl	C	13
PSM812_2_15374	Carbamidomethyl	C	8
PSM812_2_15374	Carbamidomethyl	C	13
PSM812_2_15375	Carbamidomethyl	C	8
PSM812_2_15375	Carbamidomethyl	C	13
PSM812_2_15376	Carbamidomethyl	C	8
PSM812_2_15376	Carbamidomethyl	C	13
PSM812_2_15401	Carbamidomethyl	C	11
PSM812_2_15402	Carbamidomethyl	C	11
PSM812_2_15403	Carbamidomethyl	C	11
PSM812_2_15404	Carbamidomethyl	C	11
PSM812_2_15433	Carbamidomethyl	C	3
PSM812_2_15433	Carbamidomethyl	C	11
PSM812_2_15434	Carbamidomethyl	C	3
PSM812_2_15434	Carbamidomethyl	C	11
PSM812_2_15435	Carbamidomethyl	C	3
PSM812_2_15435	Carbamidomethyl	C	11
PSM812_2_15439	Carbamidomethyl	C	2
PSM812_2_15440	Carbamidomethyl	C	9
PSM812_2_15440	Carbamidomethyl	C	21
PSM812_2_15441	Carbamidomethyl	C	9
PSM812_2_15441	Carbamidomethyl	C	21
PSM812_2_15442	Carbamidomethyl	C	9
PSM812_2_15442	Carbamidomethyl	C	21
PSM812_2_15453	Carbamidomethyl	C	7
PSM812_2_15454	Carbamidomethyl	C	7
PSM812_2_15455	Carbamidomethyl	C	7
PSM812_2_15467	Carbamidomethyl	C	8
PSM812_2_15467	Carbamidomethyl	C	11
PSM812_2_15467	Carbamidomethyl	C	16
PSM812_2_15468	Carbamidomethyl	C	8
PSM812_2_15468	Carbamidomethyl	C	11
PSM812_2_15468	Carbamidomethyl	C	16
PSM812_2_15469	Carbamidomethyl	C	8
PSM812_2_15469	Carbamidomethyl	C	11
PSM812_2_15469	Carbamidomethyl	C	16
PSM812_2_15470	Carbamidomethyl	C	8
PSM812_2_15470	Carbamidomethyl	C	11
PSM812_2_15470	Carbamidomethyl	C	16
PSM812_2_15471	Carbamidomethyl	C	8
PSM812_2_15471	Carbamidomethyl	C	11
PSM812_2_15471	Carbamidomethyl	C	16
PSM812_2_15472	Carbamidomethyl	C	8
PSM812_2_15472	Carbamidomethyl	C	11
PSM812_2_15472	Carbamidomethyl	C	16
PSM812_2_15473	Carbamidomethyl	C	8
PSM812_2_15473	Carbamidomethyl	C	11
PSM812_2_15473	Carbamidomethyl	C	16
PSM812_2_15474	Carbamidomethyl	C	8
PSM812_2_15474	Carbamidomethyl	C	11
PSM812_2_15474	Carbamidomethyl	C	16
PSM812_2_15475	Carbamidomethyl	C	3
PSM812_2_15475	Carbamidomethyl	C	4
PSM812_2_15476	Carbamidomethyl	C	3
PSM812_2_15476	Carbamidomethyl	C	4
PSM812_2_15477	Carbamidomethyl	C	16
PSM812_2_15478	Carbamidomethyl	C	16
PSM812_2_15479	Carbamidomethyl	C	16
PSM812_2_15480	Carbamidomethyl	C	16
PSM812_2_15493	Carbamidomethyl	C	12
PSM812_2_15494	Carbamidomethyl	C	12
PSM812_2_15495	Carbamidomethyl	C	12
PSM812_2_15496	Carbamidomethyl	C	12
PSM812_2_15497	Carbamidomethyl	C	12
PSM812_2_15498	Carbamidomethyl	C	12
PSM812_2_15499	Carbamidomethyl	C	12
PSM812_2_15503	Carbamidomethyl	C	9
PSM812_2_15504	Carbamidomethyl	C	9
PSM812_2_15505	Carbamidomethyl	C	9
PSM812_2_15529	Carbamidomethyl	C	5
PSM812_2_15562	Carbamidomethyl	C	14
PSM812_2_15562	Carbamidomethyl	C	16
PSM812_2_15563	Carbamidomethyl	C	14
PSM812_2_15563	Carbamidomethyl	C	16
PSM812_2_15564	Carbamidomethyl	C	6
PSM812_2_15565	Carbamidomethyl	C	6
PSM812_2_15566	Carbamidomethyl	C	6
PSM812_2_15567	Carbamidomethyl	C	6
PSM812_2_15568	Carbamidomethyl	C	6
PSM812_2_15569	Carbamidomethyl	C	6
PSM812_2_1559	Carbamidomethyl	C	8
PSM812_2_1560	Carbamidomethyl	C	8
PSM812_2_15605	Carbamidomethyl	C	1
PSM812_2_15609	Carbamidomethyl	C	3
PSM812_2_1561	Carbamidomethyl	C	8
PSM812_2_1562	Carbamidomethyl	C	8
PSM812_2_15626	Carbamidomethyl	C	4
PSM812_2_15627	Carbamidomethyl	C	4
PSM812_2_15628	Carbamidomethyl	C	4
PSM812_2_1563	Carbamidomethyl	C	8
PSM812_2_1564	Carbamidomethyl	C	8
PSM812_2_1565	Carbamidomethyl	C	8
PSM812_2_15655	Carbamidomethyl	C	13
PSM812_2_15656	Carbamidomethyl	C	13
PSM812_2_15657	Carbamidomethyl	C	13
PSM812_2_15658	Carbamidomethyl	C	13
PSM812_2_15659	Carbamidomethyl	C	13
PSM812_2_1566	Carbamidomethyl	C	8
PSM812_2_15667	Carbamidomethyl	C	4
PSM812_2_15667	Carbamidomethyl	C	13
PSM812_2_15668	Carbamidomethyl	C	4
PSM812_2_15668	Carbamidomethyl	C	13
PSM812_2_15728	Carbamidomethyl	C	5
PSM812_2_15728	Carbamidomethyl	C	24
PSM812_2_15748	Carbamidomethyl	C	13
PSM812_2_15749	Carbamidomethyl	C	13
PSM812_2_15750	Carbamidomethyl	C	13
PSM812_2_15751	Carbamidomethyl	C	13
PSM812_2_15752	Carbamidomethyl	C	13
PSM812_2_15753	Carbamidomethyl	C	13
PSM812_2_15754	Carbamidomethyl	C	13
PSM812_2_15755	Carbamidomethyl	C	13
PSM812_2_15776	Carbamidomethyl	C	7
PSM812_2_15777	Carbamidomethyl	C	7
PSM812_2_15778	Carbamidomethyl	C	19
PSM812_2_15779	Carbamidomethyl	C	25
PSM812_2_15786	Carbamidomethyl	C	25
PSM812_2_15787	Carbamidomethyl	C	25
PSM812_2_15788	Carbamidomethyl	C	25
PSM812_2_15789	Carbamidomethyl	C	3
PSM812_2_15790	Carbamidomethyl	C	3
PSM812_2_15791	Carbamidomethyl	C	3
PSM812_2_15792	Carbamidomethyl	C	3
PSM812_2_15814	Carbamidomethyl	C	17
PSM812_2_15815	Carbamidomethyl	C	17
PSM812_2_15818	Carbamidomethyl	C	17
PSM812_2_15833	Carbamidomethyl	C	13
PSM812_2_15834	Carbamidomethyl	C	13
PSM812_2_15835	Carbamidomethyl	C	13
PSM812_2_15836	Carbamidomethyl	C	22
PSM812_2_15837	Carbamidomethyl	C	22
PSM812_2_15838	Carbamidomethyl	C	22
PSM812_2_15898	Carbamidomethyl	C	8
PSM812_2_15899	Carbamidomethyl	C	8
PSM812_2_15900	Carbamidomethyl	C	8
PSM812_2_15901	Carbamidomethyl	C	8
PSM812_2_15902	Carbamidomethyl	C	8
PSM812_2_15903	Carbamidomethyl	C	2
PSM812_2_15904	Carbamidomethyl	C	2
PSM812_2_15912	Carbamidomethyl	C	16
PSM812_2_15931	Carbamidomethyl	C	11
PSM812_2_15932	Carbamidomethyl	C	11
PSM812_2_15933	Carbamidomethyl	C	11
PSM812_2_15934	Carbamidomethyl	C	11
PSM812_2_15935	Carbamidomethyl	C	11
PSM812_2_15936	Carbamidomethyl	C	11
PSM812_2_15937	Carbamidomethyl	C	11
PSM812_2_15938	Carbamidomethyl	C	11
PSM812_2_15939	Carbamidomethyl	C	11
PSM812_2_15940	Carbamidomethyl	C	11
PSM812_2_15941	Carbamidomethyl	C	11
PSM812_2_15942	Carbamidomethyl	C	12
PSM812_2_15943	Carbamidomethyl	C	12
PSM812_2_15944	Carbamidomethyl	C	12
PSM812_2_15945	Carbamidomethyl	C	12
PSM812_2_15956	Carbamidomethyl	C	7
PSM812_2_15957	Carbamidomethyl	C	7
PSM812_2_15958	Carbamidomethyl	C	7
PSM812_2_15959	Carbamidomethyl	C	7
PSM812_2_15960	Carbamidomethyl	C	7
PSM812_2_15964	Carbamidomethyl	C	2
PSM812_2_15965	Carbamidomethyl	C	2
PSM812_2_15966	Carbamidomethyl	C	2
PSM812_2_15967	Carbamidomethyl	C	2
PSM812_2_15968	Carbamidomethyl	C	17
PSM812_2_15969	Carbamidomethyl	C	17
PSM812_2_15970	Carbamidomethyl	C	17
PSM812_2_15971	Carbamidomethyl	C	17
PSM812_2_15978	Carbamidomethyl	C	2
PSM812_2_15979	Carbamidomethyl	C	2
PSM812_2_15980	Carbamidomethyl	C	2
PSM812_2_15993	Carbamidomethyl	C	9
PSM812_2_15994	Carbamidomethyl	C	9
PSM812_2_15995	Carbamidomethyl	C	3
PSM812_2_16029	Carbamidomethyl	C	7
PSM812_2_16030	Carbamidomethyl	C	7
PSM812_2_16031	Carbamidomethyl	C	7
PSM812_2_16062	Carbamidomethyl	C	15
PSM812_2_16063	Carbamidomethyl	C	15
PSM812_2_16064	Carbamidomethyl	C	15
PSM812_2_16065	Carbamidomethyl	C	15
PSM812_2_16066	Carbamidomethyl	C	15
PSM812_2_16067	Carbamidomethyl	C	15
PSM812_2_16068	Carbamidomethyl	C	2
PSM812_2_16068	Carbamidomethyl	C	12
PSM812_2_16068	Carbamidomethyl	C	20
PSM812_2_16072	Carbamidomethyl	C	2
PSM812_2_16073	Carbamidomethyl	C	2
PSM812_2_16074	Carbamidomethyl	C	2
PSM812_2_16075	Carbamidomethyl	C	2
PSM812_2_16086	Carbamidomethyl	C	17
PSM812_2_16097	Carbamidomethyl	C	1
PSM812_2_16097	Oxidation	M	13
PSM812_2_16097	Carbamidomethyl	C	16
PSM812_2_16098	Carbamidomethyl	C	1
PSM812_2_16098	Oxidation	M	13
PSM812_2_16098	Carbamidomethyl	C	16
PSM812_2_16099	Carbamidomethyl	C	1
PSM812_2_16099	Oxidation	M	13
PSM812_2_16099	Carbamidomethyl	C	16
PSM812_2_16100	Carbamidomethyl	C	1
PSM812_2_16100	Oxidation	M	13
PSM812_2_16100	Carbamidomethyl	C	16
PSM812_2_16112	Carbamidomethyl	C	2
PSM812_2_16113	Carbamidomethyl	C	2
PSM812_2_16114	Carbamidomethyl	C	2
PSM812_2_16115	Carbamidomethyl	C	2
PSM812_2_16116	Carbamidomethyl	C	2
PSM812_2_16130	Carbamidomethyl	C	10
PSM812_2_16131	Carbamidomethyl	C	10
PSM812_2_16132	Carbamidomethyl	C	10
PSM812_2_16133	Carbamidomethyl	C	10
PSM812_2_16134	Carbamidomethyl	C	7
PSM812_2_16135	Carbamidomethyl	C	7
PSM812_2_16136	Carbamidomethyl	C	7
PSM812_2_16139	Carbamidomethyl	C	8
PSM812_2_16140	Carbamidomethyl	C	8
PSM812_2_16141	Carbamidomethyl	C	8
PSM812_2_16142	Carbamidomethyl	C	8
PSM812_2_16143	Carbamidomethyl	C	8
PSM812_2_16150	Carbamidomethyl	C	8
PSM812_2_16151	Carbamidomethyl	C	8
PSM812_2_16152	Carbamidomethyl	C	8
PSM812_2_16153	Carbamidomethyl	C	8
PSM812_2_16154	Carbamidomethyl	C	8
PSM812_2_16155	Carbamidomethyl	C	8
PSM812_2_16156	Carbamidomethyl	C	8
PSM812_2_16157	Carbamidomethyl	C	6
PSM812_2_16158	Carbamidomethyl	C	6
PSM812_2_16177	Carbamidomethyl	C	23
PSM812_2_16178	Carbamidomethyl	C	23
PSM812_2_16179	Carbamidomethyl	C	23
PSM812_2_16198	Carbamidomethyl	C	7
PSM812_2_16199	Carbamidomethyl	C	7
PSM812_2_16200	Carbamidomethyl	C	5
PSM812_2_16201	Carbamidomethyl	C	5
PSM812_2_16202	Carbamidomethyl	C	5
PSM812_2_16203	Carbamidomethyl	C	25
PSM812_2_16204	Carbamidomethyl	C	25
PSM812_2_16205	Carbamidomethyl	C	5
PSM812_2_16206	Carbamidomethyl	C	5
PSM812_2_16207	Carbamidomethyl	C	5
PSM812_2_16208	Carbamidomethyl	C	5
PSM812_2_16209	Carbamidomethyl	C	6
PSM812_2_16209	Carbamidomethyl	C	12
PSM812_2_16210	Carbamidomethyl	C	6
PSM812_2_16210	Carbamidomethyl	C	12
PSM812_2_16211	Carbamidomethyl	C	6
PSM812_2_16211	Carbamidomethyl	C	12
PSM812_2_16212	Carbamidomethyl	C	6
PSM812_2_16212	Carbamidomethyl	C	12
PSM812_2_16215	Carbamidomethyl	C	15
PSM812_2_16240	Carbamidomethyl	C	3
PSM812_2_16241	Carbamidomethyl	C	3
PSM812_2_16242	Carbamidomethyl	C	3
PSM812_2_16245	Carbamidomethyl	C	8
PSM812_2_16245	Carbamidomethyl	C	22
PSM812_2_16254	Carbamidomethyl	C	10
PSM812_2_16255	Carbamidomethyl	C	10
PSM812_2_16256	Acetyl	N-term	
PSM812_2_16257	Acetyl	N-term	
PSM812_2_16258	Acetyl	N-term	
PSM812_2_16259	Carbamidomethyl	C	2
PSM812_2_16260	Gln->pyro-Glu	N-term	
PSM812_2_16261	Gln->pyro-Glu	N-term	
PSM812_2_16262	Gln->pyro-Glu	N-term	
PSM812_2_16263	Gln->pyro-Glu	N-term	
PSM812_2_16264	Gln->pyro-Glu	N-term	
PSM812_2_16265	Gln->pyro-Glu	N-term	
PSM812_2_16266	Gln->pyro-Glu	N-term	
PSM812_2_16267	Carbamidomethyl	C	10
PSM812_2_16268	Carbamidomethyl	C	10
PSM812_2_16269	Carbamidomethyl	C	10
PSM812_2_16270	Carbamidomethyl	C	10
PSM812_2_16271	Gln->pyro-Glu	N-term	
PSM812_2_16271	Carbamidomethyl	C	18
PSM812_2_16272	Gln->pyro-Glu	N-term	
PSM812_2_16272	Carbamidomethyl	C	18
PSM812_2_16273	Gln->pyro-Glu	N-term	
PSM812_2_16273	Carbamidomethyl	C	18
PSM812_2_16276	Carbamidomethyl	C	2
PSM812_2_16277	Carbamidomethyl	C	2
PSM812_2_16278	Carbamidomethyl	C	2
PSM812_2_16279	Acetyl	N-term	
PSM812_2_16280	Acetyl	N-term	
PSM812_2_16291	Acetyl	N-term	
PSM812_2_16292	Acetyl	N-term	
PSM812_2_16293	Acetyl	N-term	
PSM812_2_16294	Acetyl	N-term	
PSM812_2_16295	Acetyl	N-term	
PSM812_2_16296	Acetyl	N-term	
PSM812_2_16297	Acetyl	N-term	
PSM812_2_16298	Gln->pyro-Glu	N-term	
PSM812_2_16299	Gln->pyro-Glu	N-term	
PSM812_2_16300	Carbamidomethyl	C	3
PSM812_2_16301	Carbamidomethyl	C	3
PSM812_2_16302	Carbamidomethyl	C	3
PSM812_2_16303	Gln->pyro-Glu	N-term	
PSM812_2_16304	Gln->pyro-Glu	N-term	
PSM812_2_16305	Gln->pyro-Glu	N-term	
PSM812_2_16306	Gln->pyro-Glu	N-term	
PSM812_2_16307	Gln->pyro-Glu	N-term	
PSM812_2_16308	Gln->pyro-Glu	N-term	
PSM812_2_16309	Gln->pyro-Glu	N-term	
PSM812_2_16310	Gln->pyro-Glu	N-term	
PSM812_2_16311	Gln->pyro-Glu	N-term	
PSM812_2_16312	Gln->pyro-Glu	N-term	
PSM812_2_16313	Acetyl	N-term	
PSM812_2_16314	Acetyl	N-term	
PSM812_2_16315	Acetyl	N-term	
PSM812_2_16316	Acetyl	N-term	
PSM812_2_16317	Acetyl	N-term	
PSM812_2_16318	Acetyl	N-term	
PSM812_2_16323	Acetyl	N-term	
PSM812_2_16325	Carbamidomethyl	C	11
PSM812_2_16326	Carbamidomethyl	C	11
PSM812_2_16327	Carbamidomethyl	C	11
PSM812_2_16328	Carbamidomethyl	C	11
PSM812_2_16329	Carbamidomethyl	C	11
PSM812_2_16330	Carbamidomethyl	C	11
PSM812_2_16331	Carbamidomethyl	C	11
PSM812_2_16332	Carbamidomethyl	C	11
PSM812_2_16333	Carbamidomethyl	C	11
PSM812_2_16334	Carbamidomethyl	C	11
PSM812_2_16335	Carbamidomethyl	C	11
PSM812_2_16363	Carbamidomethyl	C	3
PSM812_2_16364	Carbamidomethyl	C	3
PSM812_2_16365	Carbamidomethyl	C	3
PSM812_2_16366	Carbamidomethyl	C	3
PSM812_2_1637	Carbamidomethyl	C	22
PSM812_2_16378	Carbamidomethyl	C	14
PSM812_2_16379	Carbamidomethyl	C	14
PSM812_2_1638	Carbamidomethyl	C	22
PSM812_2_16380	Carbamidomethyl	C	14
PSM812_2_16385	Carbamidomethyl	C	9
PSM812_2_16386	Carbamidomethyl	C	9
PSM812_2_1639	Carbamidomethyl	C	22
PSM812_2_1640	Carbamidomethyl	C	22
PSM812_2_1641	Carbamidomethyl	C	22
PSM812_2_16414	Carbamidomethyl	C	1
PSM812_2_16415	Carbamidomethyl	C	1
PSM812_2_16416	Carbamidomethyl	C	1
PSM812_2_1642	Carbamidomethyl	C	22
PSM812_2_1643	Carbamidomethyl	C	22
PSM812_2_16431	Carbamidomethyl	C	5
PSM812_2_16432	Carbamidomethyl	C	5
PSM812_2_16433	Carbamidomethyl	C	5
PSM812_2_16434	Carbamidomethyl	C	5
PSM812_2_16435	Carbamidomethyl	C	5
PSM812_2_1644	Carbamidomethyl	C	22
PSM812_2_1645	Carbamidomethyl	C	22
PSM812_2_16451	Carbamidomethyl	C	17
PSM812_2_16452	Carbamidomethyl	C	17
PSM812_2_16453	Carbamidomethyl	C	10
PSM812_2_16454	Carbamidomethyl	C	10
PSM812_2_16455	Carbamidomethyl	C	10
PSM812_2_16456	Carbamidomethyl	C	10
PSM812_2_16457	Carbamidomethyl	C	10
PSM812_2_16458	Carbamidomethyl	C	10
PSM812_2_16459	Carbamidomethyl	C	10
PSM812_2_1646	Carbamidomethyl	C	22
PSM812_2_1647	Carbamidomethyl	C	22
PSM812_2_16479	Carbamidomethyl	C	2
PSM812_2_16479	Carbamidomethyl	C	15
PSM812_2_1648	Carbamidomethyl	C	22
PSM812_2_16480	Carbamidomethyl	C	2
PSM812_2_16480	Carbamidomethyl	C	15
PSM812_2_16481	Carbamidomethyl	C	2
PSM812_2_16481	Carbamidomethyl	C	15
PSM812_2_16482	Carbamidomethyl	C	17
PSM812_2_16483	Carbamidomethyl	C	17
PSM812_2_16484	Carbamidomethyl	C	17
PSM812_2_16485	Carbamidomethyl	C	17
PSM812_2_16486	Carbamidomethyl	C	17
PSM812_2_16487	Carbamidomethyl	C	17
PSM812_2_16488	Carbamidomethyl	C	17
PSM812_2_16489	Carbamidomethyl	C	17
PSM812_2_16490	Carbamidomethyl	C	17
PSM812_2_16491	Carbamidomethyl	C	17
PSM812_2_16508	Carbamidomethyl	C	15
PSM812_2_16509	Carbamidomethyl	C	15
PSM812_2_16510	Carbamidomethyl	C	15
PSM812_2_16511	Carbamidomethyl	C	15
PSM812_2_16512	Carbamidomethyl	C	15
PSM812_2_16513	Carbamidomethyl	C	15
PSM812_2_16514	Carbamidomethyl	C	15
PSM812_2_16515	Carbamidomethyl	C	15
PSM812_2_16516	Carbamidomethyl	C	15
PSM812_2_16517	Carbamidomethyl	C	15
PSM812_2_16518	Carbamidomethyl	C	15
PSM812_2_16519	Carbamidomethyl	C	15
PSM812_2_16520	Carbamidomethyl	C	15
PSM812_2_16521	Carbamidomethyl	C	15
PSM812_2_1657	Acetyl	N-term	
PSM812_2_1657	Carbamidomethyl	C	33
PSM812_2_16579	Carbamidomethyl	C	19
PSM812_2_1658	Acetyl	N-term	
PSM812_2_1658	Carbamidomethyl	C	33
PSM812_2_16580	Carbamidomethyl	C	19
PSM812_2_16581	Carbamidomethyl	C	19
PSM812_2_16582	Carbamidomethyl	C	19
PSM812_2_16583	Carbamidomethyl	C	19
PSM812_2_1659	Acetyl	N-term	
PSM812_2_1659	Carbamidomethyl	C	33
PSM812_2_1660	Acetyl	N-term	
PSM812_2_1660	Carbamidomethyl	C	33
PSM812_2_16601	Carbamidomethyl	C	13
PSM812_2_16601	Carbamidomethyl	C	20
PSM812_2_16602	Carbamidomethyl	C	13
PSM812_2_16602	Carbamidomethyl	C	20
PSM812_2_16603	Carbamidomethyl	C	13
PSM812_2_16603	Carbamidomethyl	C	20
PSM812_2_1661	Acetyl	N-term	
PSM812_2_1661	Carbamidomethyl	C	33
PSM812_2_1662	Acetyl	N-term	
PSM812_2_1662	Carbamidomethyl	C	33
PSM812_2_16623	Carbamidomethyl	C	16
PSM812_2_16624	Carbamidomethyl	C	16
PSM812_2_16627	Carbamidomethyl	C	26
PSM812_2_16628	Carbamidomethyl	C	26
PSM812_2_16629	Carbamidomethyl	C	26
PSM812_2_1663	Acetyl	N-term	
PSM812_2_1663	Carbamidomethyl	C	33
PSM812_2_16630	Carbamidomethyl	C	26
PSM812_2_16631	Carbamidomethyl	C	26
PSM812_2_16632	Carbamidomethyl	C	26
PSM812_2_16633	Carbamidomethyl	C	26
PSM812_2_16634	Carbamidomethyl	C	26
PSM812_2_16637	Carbamidomethyl	C	23
PSM812_2_16638	Carbamidomethyl	C	23
PSM812_2_16639	Carbamidomethyl	C	23
PSM812_2_16640	Carbamidomethyl	C	23
PSM812_2_16641	Carbamidomethyl	C	23
PSM812_2_16642	Carbamidomethyl	C	23
PSM812_2_16646	Carbamidomethyl	C	20
PSM812_2_16647	Carbamidomethyl	C	20
PSM812_2_16648	Carbamidomethyl	C	10
PSM812_2_16649	Carbamidomethyl	C	10
PSM812_2_16650	Carbamidomethyl	C	10
PSM812_2_16651	Carbamidomethyl	C	10
PSM812_2_16652	Carbamidomethyl	C	10
PSM812_2_16653	Carbamidomethyl	C	10
PSM812_2_16654	Carbamidomethyl	C	10
PSM812_2_16655	Carbamidomethyl	C	10
PSM812_2_16656	Carbamidomethyl	C	10
PSM812_2_16657	Carbamidomethyl	C	26
PSM812_2_16658	Carbamidomethyl	C	26
PSM812_2_16659	Carbamidomethyl	C	26
PSM812_2_16660	Carbamidomethyl	C	26
PSM812_2_16661	Carbamidomethyl	C	26
PSM812_2_16662	Carbamidomethyl	C	26
PSM812_2_16663	Carbamidomethyl	C	26
PSM812_2_16664	Carbamidomethyl	C	26
PSM812_2_16665	Carbamidomethyl	C	26
PSM812_2_16666	Carbamidomethyl	C	26
PSM812_2_16667	Carbamidomethyl	C	26
PSM812_2_16668	Carbamidomethyl	C	26
PSM812_2_16669	Carbamidomethyl	C	26
PSM812_2_16670	Carbamidomethyl	C	26
PSM812_2_16671	Carbamidomethyl	C	26
PSM812_2_16672	Carbamidomethyl	C	26
PSM812_2_16673	Carbamidomethyl	C	26
PSM812_2_1668	Carbamidomethyl	C	10
PSM812_2_1669	Carbamidomethyl	C	10
PSM812_2_16695	Carbamidomethyl	C	17
PSM812_2_1670	Carbamidomethyl	C	10
PSM812_2_1671	Carbamidomethyl	C	10
PSM812_2_1672	Carbamidomethyl	C	10
PSM812_2_1673	Carbamidomethyl	C	10
PSM812_2_1674	Carbamidomethyl	C	10
PSM812_2_16740	Carbamidomethyl	C	5
PSM812_2_16741	Carbamidomethyl	C	5
PSM812_2_16742	Carbamidomethyl	C	5
PSM812_2_16743	Carbamidomethyl	C	5
PSM812_2_16744	Carbamidomethyl	C	5
PSM812_2_1675	Carbamidomethyl	C	10
PSM812_2_16753	Carbamidomethyl	C	6
PSM812_2_16754	Carbamidomethyl	C	6
PSM812_2_16755	Carbamidomethyl	C	6
PSM812_2_16756	Carbamidomethyl	C	5
PSM812_2_16757	Carbamidomethyl	C	5
PSM812_2_1676	Carbamidomethyl	C	10
PSM812_2_1677	Carbamidomethyl	C	10
PSM812_2_16772	Carbamidomethyl	C	21
PSM812_2_16773	Carbamidomethyl	C	21
PSM812_2_16774	Carbamidomethyl	C	21
PSM812_2_16775	Carbamidomethyl	C	21
PSM812_2_16776	Carbamidomethyl	C	21
PSM812_2_16777	Carbamidomethyl	C	5
PSM812_2_16777	Carbamidomethyl	C	11
PSM812_2_16778	Carbamidomethyl	C	5
PSM812_2_16778	Carbamidomethyl	C	11
PSM812_2_16779	Carbamidomethyl	C	5
PSM812_2_16779	Carbamidomethyl	C	11
PSM812_2_1678	Carbamidomethyl	C	10
PSM812_2_16780	Carbamidomethyl	C	5
PSM812_2_16780	Carbamidomethyl	C	11
PSM812_2_16781	Carbamidomethyl	C	5
PSM812_2_16782	Carbamidomethyl	C	5
PSM812_2_16783	Carbamidomethyl	C	5
PSM812_2_16784	Carbamidomethyl	C	5
PSM812_2_16785	Carbamidomethyl	C	5
PSM812_2_16786	Carbamidomethyl	C	5
PSM812_2_16787	Carbamidomethyl	C	5
PSM812_2_16788	Carbamidomethyl	C	5
PSM812_2_1679	Carbamidomethyl	C	10
PSM812_2_16792	Acetyl	N-term	
PSM812_2_16793	Acetyl	N-term	
PSM812_2_16794	Acetyl	N-term	
PSM812_2_16795	Acetyl	N-term	
PSM812_2_16796	Acetyl	N-term	
PSM812_2_16797	Acetyl	N-term	
PSM812_2_16798	Acetyl	N-term	
PSM812_2_16799	Acetyl	N-term	
PSM812_2_1680	Carbamidomethyl	C	10
PSM812_2_16800	Acetyl	N-term	
PSM812_2_16801	Acetyl	N-term	
PSM812_2_16802	Acetyl	N-term	
PSM812_2_1681	Carbamidomethyl	C	10
PSM812_2_16810	Acetyl	N-term	
PSM812_2_16811	Gln->pyro-Glu	N-term	
PSM812_2_16812	Gln->pyro-Glu	N-term	
PSM812_2_16813	Gln->pyro-Glu	N-term	
PSM812_2_16814	Gln->pyro-Glu	N-term	
PSM812_2_16815	Gln->pyro-Glu	N-term	
PSM812_2_16816	Gln->pyro-Glu	N-term	
PSM812_2_1682	Carbamidomethyl	C	10
PSM812_2_16826	Gln->pyro-Glu	N-term	
PSM812_2_1683	Carbamidomethyl	C	10
PSM812_2_16834	Gln->pyro-Glu	N-term	
PSM812_2_16835	Carbamidomethyl	C	15
PSM812_2_16836	Carbamidomethyl	C	15
PSM812_2_16837	Carbamidomethyl	C	15
PSM812_2_16838	Carbamidomethyl	C	15
PSM812_2_16839	Carbamidomethyl	C	15
PSM812_2_1684	Carbamidomethyl	C	10
PSM812_2_1685	Carbamidomethyl	C	10
PSM812_2_16852	Carbamidomethyl	C	21
PSM812_2_16853	Carbamidomethyl	C	21
PSM812_2_16854	Carbamidomethyl	C	21
PSM812_2_16855	Carbamidomethyl	C	21
PSM812_2_16856	Carbamidomethyl	C	21
PSM812_2_16857	Carbamidomethyl	C	21
PSM812_2_16858	Carbamidomethyl	C	21
PSM812_2_16859	Carbamidomethyl	C	21
PSM812_2_1686	Carbamidomethyl	C	10
PSM812_2_16860	Carbamidomethyl	C	21
PSM812_2_1687	Carbamidomethyl	C	10
PSM812_2_16875	Carbamidomethyl	C	6
PSM812_2_16876	Carbamidomethyl	C	6
PSM812_2_16877	Carbamidomethyl	C	22
PSM812_2_16899	Gln->pyro-Glu	N-term	
PSM812_2_16900	Ammonia-loss	N-term	
PSM812_2_16900	Carbamidomethyl	C	1
PSM812_2_16901	Ammonia-loss	N-term	
PSM812_2_16901	Carbamidomethyl	C	1
PSM812_2_16902	Ammonia-loss	N-term	
PSM812_2_16902	Carbamidomethyl	C	1
PSM812_2_16903	Ammonia-loss	N-term	
PSM812_2_16903	Carbamidomethyl	C	1
PSM812_2_16904	Gln->pyro-Glu	N-term	
PSM812_2_16904	Carbamidomethyl	C	28
PSM812_2_16905	Gln->pyro-Glu	N-term	
PSM812_2_16905	Carbamidomethyl	C	28
PSM812_2_16906	Gln->pyro-Glu	N-term	
PSM812_2_16906	Carbamidomethyl	C	28
PSM812_2_16907	Gln->pyro-Glu	N-term	
PSM812_2_16907	Carbamidomethyl	C	28
PSM812_2_16908	Glu->pyro-Glu	N-term	
PSM812_2_16909	Glu->pyro-Glu	N-term	
PSM812_2_16910	Gln->pyro-Glu	N-term	
PSM812_2_16911	Gln->pyro-Glu	N-term	
PSM812_2_16912	Gln->pyro-Glu	N-term	
PSM812_2_16913	Gln->pyro-Glu	N-term	
PSM812_2_16914	Gln->pyro-Glu	N-term	
PSM812_2_16923	Carbamidomethyl	C	11
PSM812_2_16924	Carbamidomethyl	C	11
PSM812_2_16925	Carbamidomethyl	C	11
PSM812_2_16966	Acetyl	N-term	
PSM812_2_16967	Acetyl	N-term	
PSM812_2_16968	Acetyl	N-term	
PSM812_2_16969	Acetyl	N-term	
PSM812_2_1697	Carbamidomethyl	C	16
PSM812_2_16970	Acetyl	N-term	
PSM812_2_16975	Carbamidomethyl	C	11
PSM812_2_16976	Carbamidomethyl	C	11
PSM812_2_1698	Carbamidomethyl	C	16
PSM812_2_16988	Carbamidomethyl	C	9
PSM812_2_16989	Carbamidomethyl	C	9
PSM812_2_1699	Carbamidomethyl	C	16
PSM812_2_16994	Carbamidomethyl	C	6
PSM812_2_16994	Carbamidomethyl	C	7
PSM812_2_16995	Carbamidomethyl	C	6
PSM812_2_16995	Carbamidomethyl	C	7
PSM812_2_16996	Carbamidomethyl	C	6
PSM812_2_16996	Carbamidomethyl	C	7
PSM812_2_16997	Carbamidomethyl	C	6
PSM812_2_16997	Carbamidomethyl	C	7
PSM812_2_16998	Carbamidomethyl	C	6
PSM812_2_16998	Carbamidomethyl	C	7
PSM812_2_16999	Carbamidomethyl	C	6
PSM812_2_16999	Carbamidomethyl	C	7
PSM812_2_1700	Carbamidomethyl	C	16
PSM812_2_17003	Carbamidomethyl	C	5
PSM812_2_17004	Carbamidomethyl	C	5
PSM812_2_17005	Carbamidomethyl	C	5
PSM812_2_17006	Carbamidomethyl	C	5
PSM812_2_1701	Carbamidomethyl	C	16
PSM812_2_1702	Carbamidomethyl	C	16
PSM812_2_17023	Carbamidomethyl	C	15
PSM812_2_17024	Carbamidomethyl	C	15
PSM812_2_17025	Carbamidomethyl	C	15
PSM812_2_17026	Carbamidomethyl	C	15
PSM812_2_1703	Carbamidomethyl	C	16
PSM812_2_17036	Carbamidomethyl	C	9
PSM812_2_17037	Carbamidomethyl	C	5
PSM812_2_17037	Carbamidomethyl	C	13
PSM812_2_17038	Carbamidomethyl	C	5
PSM812_2_17038	Carbamidomethyl	C	13
PSM812_2_1704	Carbamidomethyl	C	16
PSM812_2_1705	Carbamidomethyl	C	16
PSM812_2_17056	Carbamidomethyl	C	2
PSM812_2_17057	Carbamidomethyl	C	2
PSM812_2_17058	Carbamidomethyl	C	2
PSM812_2_17059	Carbamidomethyl	C	2
PSM812_2_1706	Carbamidomethyl	C	16
PSM812_2_17060	Carbamidomethyl	C	2
PSM812_2_17061	Carbamidomethyl	C	15
PSM812_2_17062	Carbamidomethyl	C	15
PSM812_2_17068	Carbamidomethyl	C	11
PSM812_2_17069	Carbamidomethyl	C	11
PSM812_2_1707	Carbamidomethyl	C	16
PSM812_2_17070	Carbamidomethyl	C	11
PSM812_2_1708	Carbamidomethyl	C	16
PSM812_2_1709	Carbamidomethyl	C	16
PSM812_2_17098	Carbamidomethyl	C	10
PSM812_2_17099	Carbamidomethyl	C	10
PSM812_2_1710	Carbamidomethyl	C	16
PSM812_2_17100	Carbamidomethyl	C	10
PSM812_2_1711	Carbamidomethyl	C	16
PSM812_2_17117	Carbamidomethyl	C	14
PSM812_2_17118	Carbamidomethyl	C	14
PSM812_2_17119	Carbamidomethyl	C	14
PSM812_2_1712	Carbamidomethyl	C	6
PSM812_2_17120	Carbamidomethyl	C	14
PSM812_2_17123	Carbamidomethyl	C	2
PSM812_2_17123	Carbamidomethyl	C	5
PSM812_2_1713	Carbamidomethyl	C	6
PSM812_2_17139	Carbamidomethyl	C	12
PSM812_2_1714	Carbamidomethyl	C	6
PSM812_2_17140	Carbamidomethyl	C	12
PSM812_2_17141	Carbamidomethyl	C	12
PSM812_2_17142	Carbamidomethyl	C	12
PSM812_2_17143	Carbamidomethyl	C	12
PSM812_2_17144	Carbamidomethyl	C	12
PSM812_2_17145	Carbamidomethyl	C	12
PSM812_2_17146	Carbamidomethyl	C	8
PSM812_2_1715	Carbamidomethyl	C	6
PSM812_2_1716	Carbamidomethyl	C	6
PSM812_2_1717	Carbamidomethyl	C	6
PSM812_2_17180	Carbamidomethyl	C	6
PSM812_2_17180	Carbamidomethyl	C	20
PSM812_2_17183	Carbamidomethyl	C	1
PSM812_2_17184	Carbamidomethyl	C	1
PSM812_2_17185	Carbamidomethyl	C	1
PSM812_2_17186	Carbamidomethyl	C	1
PSM812_2_17198	Carbamidomethyl	C	2
PSM812_2_17198	Carbamidomethyl	C	11
PSM812_2_17199	Carbamidomethyl	C	2
PSM812_2_17199	Carbamidomethyl	C	11
PSM812_2_172	Carbamidomethyl	C	32
PSM812_2_17200	Carbamidomethyl	C	1
PSM812_2_17200	Carbamidomethyl	C	4
PSM812_2_17200	Carbamidomethyl	C	14
PSM812_2_17201	Carbamidomethyl	C	1
PSM812_2_17201	Carbamidomethyl	C	4
PSM812_2_17201	Carbamidomethyl	C	14
PSM812_2_17202	Carbamidomethyl	C	1
PSM812_2_17202	Carbamidomethyl	C	4
PSM812_2_17202	Carbamidomethyl	C	14
PSM812_2_17203	Carbamidomethyl	C	1
PSM812_2_17203	Carbamidomethyl	C	4
PSM812_2_17203	Carbamidomethyl	C	14
PSM812_2_17204	Carbamidomethyl	C	1
PSM812_2_17204	Carbamidomethyl	C	4
PSM812_2_17204	Carbamidomethyl	C	14
PSM812_2_17205	Carbamidomethyl	C	1
PSM812_2_17205	Carbamidomethyl	C	4
PSM812_2_17205	Carbamidomethyl	C	14
PSM812_2_17209	Carbamidomethyl	C	7
PSM812_2_17210	Carbamidomethyl	C	7
PSM812_2_17249	Carbamidomethyl	C	10
PSM812_2_17250	Carbamidomethyl	C	10
PSM812_2_17251	Carbamidomethyl	C	10
PSM812_2_17254	Carbamidomethyl	C	7
PSM812_2_17254	Carbamidomethyl	C	16
PSM812_2_17255	Carbamidomethyl	C	7
PSM812_2_17255	Carbamidomethyl	C	16
PSM812_2_17261	Carbamidomethyl	C	1
PSM812_2_17262	Carbamidomethyl	C	1
PSM812_2_17272	Carbamidomethyl	C	7
PSM812_2_17273	Carbamidomethyl	C	7
PSM812_2_17274	Carbamidomethyl	C	7
PSM812_2_17275	Carbamidomethyl	C	7
PSM812_2_17289	Carbamidomethyl	C	7
PSM812_2_17289	Carbamidomethyl	C	9
PSM812_2_17290	Carbamidomethyl	C	7
PSM812_2_17290	Carbamidomethyl	C	9
PSM812_2_17291	Carbamidomethyl	C	7
PSM812_2_17291	Carbamidomethyl	C	9
PSM812_2_17292	Carbamidomethyl	C	7
PSM812_2_17292	Carbamidomethyl	C	9
PSM812_2_173	Carbamidomethyl	C	32
PSM812_2_17311	Carbamidomethyl	C	8
PSM812_2_17325	Carbamidomethyl	C	11
PSM812_2_17336	Carbamidomethyl	C	7
PSM812_2_17337	Carbamidomethyl	C	7
PSM812_2_17338	Carbamidomethyl	C	7
PSM812_2_17339	Carbamidomethyl	C	7
PSM812_2_17340	Carbamidomethyl	C	10
PSM812_2_17340	Carbamidomethyl	C	12
PSM812_2_17341	Carbamidomethyl	C	10
PSM812_2_17341	Carbamidomethyl	C	12
PSM812_2_17342	Carbamidomethyl	C	10
PSM812_2_17342	Carbamidomethyl	C	12
PSM812_2_17343	Carbamidomethyl	C	10
PSM812_2_17343	Carbamidomethyl	C	12
PSM812_2_17344	Carbamidomethyl	C	10
PSM812_2_17344	Carbamidomethyl	C	12
PSM812_2_17345	Carbamidomethyl	C	10
PSM812_2_17345	Carbamidomethyl	C	12
PSM812_2_17364	Carbamidomethyl	C	9
PSM812_2_17365	Carbamidomethyl	C	9
PSM812_2_17366	Carbamidomethyl	C	9
PSM812_2_17367	Carbamidomethyl	C	9
PSM812_2_17369	Carbamidomethyl	C	9
PSM812_2_17370	Carbamidomethyl	C	9
PSM812_2_17384	Carbamidomethyl	C	9
PSM812_2_17385	Carbamidomethyl	C	9
PSM812_2_17386	Carbamidomethyl	C	9
PSM812_2_17387	Carbamidomethyl	C	9
PSM812_2_17388	Carbamidomethyl	C	9
PSM812_2_17389	Carbamidomethyl	C	9
PSM812_2_17390	Carbamidomethyl	C	9
PSM812_2_17391	Carbamidomethyl	C	9
PSM812_2_174	Carbamidomethyl	C	32
PSM812_2_17442	Carbamidomethyl	C	3
PSM812_2_17443	Carbamidomethyl	C	3
PSM812_2_17450	Carbamidomethyl	C	9
PSM812_2_17451	Oxidation	M	5
PSM812_2_17456	Ammonia-loss	N-term	
PSM812_2_17456	Carbamidomethyl	C	1
PSM812_2_17457	Ammonia-loss	N-term	
PSM812_2_17457	Carbamidomethyl	C	1
PSM812_2_17458	Carbamidomethyl	C	10
PSM812_2_17459	Carbamidomethyl	C	10
PSM812_2_17460	Carbamidomethyl	C	10
PSM812_2_17461	Carbamidomethyl	C	10
PSM812_2_17462	Acetyl	N-term	
PSM812_2_17474	Acetyl	N-term	
PSM812_2_17475	Acetyl	N-term	
PSM812_2_17478	Carbamidomethyl	C	11
PSM812_2_17478	Carbamidomethyl	C	15
PSM812_2_17479	Carbamidomethyl	C	11
PSM812_2_17479	Carbamidomethyl	C	15
PSM812_2_17480	Carbamidomethyl	C	11
PSM812_2_17480	Carbamidomethyl	C	15
PSM812_2_17482	Acetyl	N-term	
PSM812_2_17483	Acetyl	N-term	
PSM812_2_17484	Carbamidomethyl	C	10
PSM812_2_17484	Carbamidomethyl	C	14
PSM812_2_1749	Acetyl	N-term	
PSM812_2_17494	Carbamidomethyl	C	7
PSM812_2_17495	Carbamidomethyl	C	7
PSM812_2_17496	Carbamidomethyl	C	7
PSM812_2_17497	Carbamidomethyl	C	7
PSM812_2_175	Carbamidomethyl	C	32
PSM812_2_1750	Acetyl	N-term	
PSM812_2_17508	Carbamidomethyl	C	5
PSM812_2_17508	Carbamidomethyl	C	15
PSM812_2_17509	Carbamidomethyl	C	5
PSM812_2_17509	Carbamidomethyl	C	15
PSM812_2_1751	Acetyl	N-term	
PSM812_2_1752	Acetyl	N-term	
PSM812_2_17520	Carbamidomethyl	C	1
PSM812_2_17521	Carbamidomethyl	C	1
PSM812_2_17524	Carbamidomethyl	C	3
PSM812_2_17525	Carbamidomethyl	C	3
PSM812_2_1753	Carbamidomethyl	C	10
PSM812_2_17533	Carbamidomethyl	C	12
PSM812_2_1754	Carbamidomethyl	C	10
PSM812_2_1755	Carbamidomethyl	C	10
PSM812_2_17557	Carbamidomethyl	C	5
PSM812_2_17558	Carbamidomethyl	C	5
PSM812_2_17559	Carbamidomethyl	C	5
PSM812_2_1756	Carbamidomethyl	C	10
PSM812_2_17560	Carbamidomethyl	C	8
PSM812_2_17561	Carbamidomethyl	C	8
PSM812_2_17565	Carbamidomethyl	C	11
PSM812_2_17566	Carbamidomethyl	C	8
PSM812_2_17567	Carbamidomethyl	C	8
PSM812_2_17568	Carbamidomethyl	C	8
PSM812_2_17569	Carbamidomethyl	C	8
PSM812_2_1757	Carbamidomethyl	C	10
PSM812_2_17570	Carbamidomethyl	C	8
PSM812_2_17578	Carbamidomethyl	C	7
PSM812_2_17578	Carbamidomethyl	C	12
PSM812_2_17579	Carbamidomethyl	C	7
PSM812_2_17579	Carbamidomethyl	C	12
PSM812_2_1758	Carbamidomethyl	C	10
PSM812_2_17580	Carbamidomethyl	C	7
PSM812_2_17580	Carbamidomethyl	C	12
PSM812_2_17581	Carbamidomethyl	C	7
PSM812_2_17581	Carbamidomethyl	C	12
PSM812_2_17587	Oxidation	M	1
PSM812_2_17588	Oxidation	M	1
PSM812_2_17589	Oxidation	M	1
PSM812_2_1759	Carbamidomethyl	C	10
PSM812_2_17598	Carbamidomethyl	C	16
PSM812_2_17599	Carbamidomethyl	C	16
PSM812_2_176	Carbamidomethyl	C	32
PSM812_2_1760	Carbamidomethyl	C	10
PSM812_2_17600	Carbamidomethyl	C	16
PSM812_2_17603	Carbamidomethyl	C	6
PSM812_2_17603	Carbamidomethyl	C	8
PSM812_2_17604	Carbamidomethyl	C	6
PSM812_2_17604	Carbamidomethyl	C	8
PSM812_2_1761	Carbamidomethyl	C	10
PSM812_2_17616	Carbamidomethyl	C	16
PSM812_2_1762	Carbamidomethyl	C	10
PSM812_2_1763	Carbamidomethyl	C	10
PSM812_2_1764	Carbamidomethyl	C	10
PSM812_2_1765	Carbamidomethyl	C	10
PSM812_2_17655	Carbamidomethyl	C	3
PSM812_2_17656	Carbamidomethyl	C	3
PSM812_2_17657	Carbamidomethyl	C	3
PSM812_2_17658	Carbamidomethyl	C	3
PSM812_2_17659	Carbamidomethyl	C	3
PSM812_2_1766	Carbamidomethyl	C	10
PSM812_2_17660	Carbamidomethyl	C	3
PSM812_2_17661	Carbamidomethyl	C	3
PSM812_2_17662	Carbamidomethyl	C	3
PSM812_2_17663	Carbamidomethyl	C	3
PSM812_2_17664	Carbamidomethyl	C	3
PSM812_2_17665	Carbamidomethyl	C	3
PSM812_2_17666	Carbamidomethyl	C	3
PSM812_2_17667	Carbamidomethyl	C	3
PSM812_2_17668	Carbamidomethyl	C	3
PSM812_2_1767	Carbamidomethyl	C	19
PSM812_2_1768	Carbamidomethyl	C	19
PSM812_2_1769	Carbamidomethyl	C	19
PSM812_2_17694	Carbamidomethyl	C	19
PSM812_2_17695	Carbamidomethyl	C	19
PSM812_2_17696	Carbamidomethyl	C	19
PSM812_2_177	Carbamidomethyl	C	32
PSM812_2_1770	Carbamidomethyl	C	13
PSM812_2_17706	Carbamidomethyl	C	4
PSM812_2_17707	Carbamidomethyl	C	4
PSM812_2_17708	Carbamidomethyl	C	4
PSM812_2_1771	Carbamidomethyl	C	13
PSM812_2_17712	Carbamidomethyl	C	15
PSM812_2_17712	Carbamidomethyl	C	16
PSM812_2_17717	Carbamidomethyl	C	19
PSM812_2_17718	Carbamidomethyl	C	19
PSM812_2_17719	Carbamidomethyl	C	11
PSM812_2_1772	Carbamidomethyl	C	13
PSM812_2_17720	Carbamidomethyl	C	11
PSM812_2_17721	Carbamidomethyl	C	11
PSM812_2_17722	Carbamidomethyl	C	11
PSM812_2_17723	Carbamidomethyl	C	18
PSM812_2_17723	Carbamidomethyl	C	21
PSM812_2_17723	Carbamidomethyl	C	24
PSM812_2_1773	Carbamidomethyl	C	13
PSM812_2_17734	Carbamidomethyl	C	14
PSM812_2_17735	Carbamidomethyl	C	14
PSM812_2_17736	Carbamidomethyl	C	14
PSM812_2_17737	Carbamidomethyl	C	14
PSM812_2_17738	Carbamidomethyl	C	14
PSM812_2_17739	Carbamidomethyl	C	14
PSM812_2_17746	Carbamidomethyl	C	10
PSM812_2_17760	Carbamidomethyl	C	13
PSM812_2_17761	Carbamidomethyl	C	13
PSM812_2_17762	Carbamidomethyl	C	13
PSM812_2_17763	Carbamidomethyl	C	13
PSM812_2_17764	Carbamidomethyl	C	13
PSM812_2_17765	Carbamidomethyl	C	13
PSM812_2_17766	Carbamidomethyl	C	13
PSM812_2_17767	Carbamidomethyl	C	13
PSM812_2_17768	Carbamidomethyl	C	13
PSM812_2_17769	Carbamidomethyl	C	13
PSM812_2_17770	Carbamidomethyl	C	13
PSM812_2_17771	Carbamidomethyl	C	13
PSM812_2_17772	Carbamidomethyl	C	13
PSM812_2_17784	Carbamidomethyl	C	5
PSM812_2_17785	Carbamidomethyl	C	5
PSM812_2_17786	Carbamidomethyl	C	5
PSM812_2_17786	Carbamidomethyl	C	7
PSM812_2_17787	Carbamidomethyl	C	20
PSM812_2_17788	Carbamidomethyl	C	20
PSM812_2_17789	Carbamidomethyl	C	20
PSM812_2_17790	Carbamidomethyl	C	16
PSM812_2_178	Carbamidomethyl	C	32
PSM812_2_17809	Carbamidomethyl	C	18
PSM812_2_17810	Carbamidomethyl	C	18
PSM812_2_17811	Carbamidomethyl	C	18
PSM812_2_17812	Carbamidomethyl	C	18
PSM812_2_17813	Carbamidomethyl	C	18
PSM812_2_17814	Carbamidomethyl	C	18
PSM812_2_17815	Carbamidomethyl	C	18
PSM812_2_17886	Carbamidomethyl	C	9
PSM812_2_17887	Carbamidomethyl	C	9
PSM812_2_17888	Carbamidomethyl	C	9
PSM812_2_17894	Carbamidomethyl	C	11
PSM812_2_17895	Carbamidomethyl	C	12
PSM812_2_17895	Carbamidomethyl	C	16
PSM812_2_179	Carbamidomethyl	C	32
PSM812_2_17938	Carbamidomethyl	C	7
PSM812_2_17939	Carbamidomethyl	C	7
PSM812_2_17969	Carbamidomethyl	C	12
PSM812_2_17970	Carbamidomethyl	C	12
PSM812_2_17979	Carbamidomethyl	C	5
PSM812_2_17980	Carbamidomethyl	C	5
PSM812_2_17981	Carbamidomethyl	C	14
PSM812_2_17982	Carbamidomethyl	C	14
PSM812_2_17983	Carbamidomethyl	C	14
PSM812_2_17984	Carbamidomethyl	C	16
PSM812_2_17985	Carbamidomethyl	C	16
PSM812_2_180	Carbamidomethyl	C	20
PSM812_2_18028	Carbamidomethyl	C	14
PSM812_2_18029	Carbamidomethyl	C	14
PSM812_2_18030	Carbamidomethyl	C	14
PSM812_2_18042	Carbamidomethyl	C	3
PSM812_2_18042	Carbamidomethyl	C	16
PSM812_2_18062	Carbamidomethyl	C	18
PSM812_2_18062	Carbamidomethyl	C	35
PSM812_2_18062	Carbamidomethyl	C	37
PSM812_2_18077	Carbamidomethyl	C	19
PSM812_2_18077	Carbamidomethyl	C	22
PSM812_2_18078	Carbamidomethyl	C	1
PSM812_2_18079	Carbamidomethyl	C	1
PSM812_2_18080	Carbamidomethyl	C	1
PSM812_2_18081	Carbamidomethyl	C	1
PSM812_2_18082	Carbamidomethyl	C	1
PSM812_2_18087	Carbamidomethyl	C	12
PSM812_2_18088	Carbamidomethyl	C	12
PSM812_2_18089	Carbamidomethyl	C	12
PSM812_2_18090	Carbamidomethyl	C	12
PSM812_2_18091	Carbamidomethyl	C	12
PSM812_2_18092	Carbamidomethyl	C	18
PSM812_2_18093	Carbamidomethyl	C	18
PSM812_2_18094	Carbamidomethyl	C	18
PSM812_2_18095	Carbamidomethyl	C	18
PSM812_2_18096	Carbamidomethyl	C	18
PSM812_2_181	Carbamidomethyl	C	20
PSM812_2_18130	Carbamidomethyl	C	2
PSM812_2_18131	Carbamidomethyl	C	2
PSM812_2_18132	Carbamidomethyl	C	2
PSM812_2_18141	Carbamidomethyl	C	4
PSM812_2_18141	Carbamidomethyl	C	5
PSM812_2_18142	Carbamidomethyl	C	4
PSM812_2_18142	Carbamidomethyl	C	5
PSM812_2_18143	Carbamidomethyl	C	4
PSM812_2_18143	Carbamidomethyl	C	5
PSM812_2_18144	Carbamidomethyl	C	4
PSM812_2_18144	Carbamidomethyl	C	5
PSM812_2_18145	Carbamidomethyl	C	4
PSM812_2_18145	Carbamidomethyl	C	5
PSM812_2_18146	Carbamidomethyl	C	4
PSM812_2_18146	Carbamidomethyl	C	5
PSM812_2_18165	Carbamidomethyl	C	19
PSM812_2_18166	Carbamidomethyl	C	19
PSM812_2_18167	Carbamidomethyl	C	19
PSM812_2_18170	Carbamidomethyl	C	5
PSM812_2_18171	Carbamidomethyl	C	5
PSM812_2_18181	Carbamidomethyl	C	9
PSM812_2_18182	Carbamidomethyl	C	9
PSM812_2_18183	Carbamidomethyl	C	9
PSM812_2_18196	Carbamidomethyl	C	11
PSM812_2_18197	Carbamidomethyl	C	11
PSM812_2_18198	Carbamidomethyl	C	11
PSM812_2_18199	Carbamidomethyl	C	11
PSM812_2_182	Carbamidomethyl	C	20
PSM812_2_18200	Carbamidomethyl	C	8
PSM812_2_18201	Carbamidomethyl	C	8
PSM812_2_18208	Carbamidomethyl	C	16
PSM812_2_18209	Carbamidomethyl	C	16
PSM812_2_18210	Carbamidomethyl	C	16
PSM812_2_18222	Carbamidomethyl	C	15
PSM812_2_18223	Carbamidomethyl	C	15
PSM812_2_18290	Carbamidomethyl	C	15
PSM812_2_18291	Carbamidomethyl	C	15
PSM812_2_18292	Carbamidomethyl	C	15
PSM812_2_183	Carbamidomethyl	C	20
PSM812_2_18300	Carbamidomethyl	C	35
PSM812_2_18301	Carbamidomethyl	C	35
PSM812_2_18319	Carbamidomethyl	C	3
PSM812_2_18320	Carbamidomethyl	C	3
PSM812_2_18321	Carbamidomethyl	C	3
PSM812_2_18322	Carbamidomethyl	C	3
PSM812_2_18323	Carbamidomethyl	C	3
PSM812_2_18332	Carbamidomethyl	C	4
PSM812_2_18333	Carbamidomethyl	C	4
PSM812_2_18334	Carbamidomethyl	C	2
PSM812_2_18335	Carbamidomethyl	C	1
PSM812_2_18336	Carbamidomethyl	C	1
PSM812_2_18337	Carbamidomethyl	C	1
PSM812_2_18338	Carbamidomethyl	C	1
PSM812_2_18339	Carbamidomethyl	C	1
PSM812_2_18352	Carbamidomethyl	C	8
PSM812_2_18353	Carbamidomethyl	C	8
PSM812_2_18354	Carbamidomethyl	C	8
PSM812_2_18355	Carbamidomethyl	C	8
PSM812_2_18356	Carbamidomethyl	C	8
PSM812_2_18388	Carbamidomethyl	C	12
PSM812_2_18396	Carbamidomethyl	C	3
PSM812_2_18396	Carbamidomethyl	C	11
PSM812_2_18397	Carbamidomethyl	C	3
PSM812_2_18397	Carbamidomethyl	C	11
PSM812_2_18398	Carbamidomethyl	C	3
PSM812_2_18398	Carbamidomethyl	C	11
PSM812_2_18399	Carbamidomethyl	C	3
PSM812_2_18399	Carbamidomethyl	C	11
PSM812_2_184	Carbamidomethyl	C	20
PSM812_2_18400	Carbamidomethyl	C	3
PSM812_2_18400	Carbamidomethyl	C	11
PSM812_2_18401	Carbamidomethyl	C	3
PSM812_2_18401	Carbamidomethyl	C	11
PSM812_2_18405	Carbamidomethyl	C	2
PSM812_2_18406	Carbamidomethyl	C	2
PSM812_2_18407	Carbamidomethyl	C	2
PSM812_2_18408	Carbamidomethyl	C	2
PSM812_2_18409	Carbamidomethyl	C	2
PSM812_2_18410	Carbamidomethyl	C	14
PSM812_2_18411	Carbamidomethyl	C	14
PSM812_2_18412	Carbamidomethyl	C	14
PSM812_2_18413	Carbamidomethyl	C	14
PSM812_2_18420	Carbamidomethyl	C	11
PSM812_2_18421	Carbamidomethyl	C	11
PSM812_2_18422	Carbamidomethyl	C	11
PSM812_2_18423	Carbamidomethyl	C	10
PSM812_2_18462	Carbamidomethyl	C	15
PSM812_2_18462	Carbamidomethyl	C	22
PSM812_2_18485	Carbamidomethyl	C	12
PSM812_2_18486	Carbamidomethyl	C	12
PSM812_2_18487	Carbamidomethyl	C	7
PSM812_2_18487	Carbamidomethyl	C	12
PSM812_2_18488	Carbamidomethyl	C	7
PSM812_2_18488	Carbamidomethyl	C	12
PSM812_2_18489	Carbamidomethyl	C	7
PSM812_2_18489	Carbamidomethyl	C	12
PSM812_2_18498	Carbamidomethyl	C	10
PSM812_2_18498	Carbamidomethyl	C	19
PSM812_2_18499	Carbamidomethyl	C	18
PSM812_2_185	Carbamidomethyl	C	20
PSM812_2_18500	Carbamidomethyl	C	18
PSM812_2_18501	Carbamidomethyl	C	18
PSM812_2_18502	Carbamidomethyl	C	18
PSM812_2_18503	Carbamidomethyl	C	17
PSM812_2_18504	Carbamidomethyl	C	17
PSM812_2_18507	Carbamidomethyl	C	19
PSM812_2_18508	Carbamidomethyl	C	3
PSM812_2_18508	Carbamidomethyl	C	6
PSM812_2_18514	Carbamidomethyl	C	11
PSM812_2_18530	Carbamidomethyl	C	19
PSM812_2_18531	Carbamidomethyl	C	19
PSM812_2_18546	Carbamidomethyl	C	11
PSM812_2_18547	Carbamidomethyl	C	11
PSM812_2_18548	Carbamidomethyl	C	11
PSM812_2_18549	Carbamidomethyl	C	11
PSM812_2_18550	Carbamidomethyl	C	11
PSM812_2_18551	Carbamidomethyl	C	11
PSM812_2_18552	Carbamidomethyl	C	11
PSM812_2_18553	Carbamidomethyl	C	11
PSM812_2_18554	Carbamidomethyl	C	11
PSM812_2_18597	Carbamidomethyl	C	14
PSM812_2_186	Carbamidomethyl	C	20
PSM812_2_18621	Carbamidomethyl	C	19
PSM812_2_18622	Carbamidomethyl	C	19
PSM812_2_18623	Carbamidomethyl	C	19
PSM812_2_1863	Gln->pyro-Glu	N-term	
PSM812_2_18666	Carbamidomethyl	C	15
PSM812_2_18667	Carbamidomethyl	C	15
PSM812_2_18675	Ammonia-loss	N-term	
PSM812_2_18675	Carbamidomethyl	C	1
PSM812_2_18676	Ammonia-loss	N-term	
PSM812_2_18676	Carbamidomethyl	C	1
PSM812_2_18677	Ammonia-loss	N-term	
PSM812_2_18677	Carbamidomethyl	C	1
PSM812_2_18678	Ammonia-loss	N-term	
PSM812_2_18678	Carbamidomethyl	C	1
PSM812_2_18679	Ammonia-loss	N-term	
PSM812_2_18679	Carbamidomethyl	C	1
PSM812_2_18680	Ammonia-loss	N-term	
PSM812_2_18680	Carbamidomethyl	C	1
PSM812_2_18681	Ammonia-loss	N-term	
PSM812_2_18681	Carbamidomethyl	C	1
PSM812_2_18682	Ammonia-loss	N-term	
PSM812_2_18682	Carbamidomethyl	C	1
PSM812_2_18683	Ammonia-loss	N-term	
PSM812_2_18683	Carbamidomethyl	C	1
PSM812_2_18684	Ammonia-loss	N-term	
PSM812_2_18684	Carbamidomethyl	C	1
PSM812_2_18685	Ammonia-loss	N-term	
PSM812_2_18685	Carbamidomethyl	C	1
PSM812_2_18686	Ammonia-loss	N-term	
PSM812_2_18686	Carbamidomethyl	C	1
PSM812_2_18687	Ammonia-loss	N-term	
PSM812_2_18687	Carbamidomethyl	C	1
PSM812_2_18688	Ammonia-loss	N-term	
PSM812_2_18688	Carbamidomethyl	C	1
PSM812_2_18689	Ammonia-loss	N-term	
PSM812_2_18689	Carbamidomethyl	C	1
PSM812_2_1869	Carbamidomethyl	C	32
PSM812_2_1869	Carbamidomethyl	C	35
PSM812_2_18690	Ammonia-loss	N-term	
PSM812_2_18690	Carbamidomethyl	C	1
PSM812_2_18691	Ammonia-loss	N-term	
PSM812_2_18691	Carbamidomethyl	C	1
PSM812_2_18692	Ammonia-loss	N-term	
PSM812_2_18692	Carbamidomethyl	C	1
PSM812_2_18693	Ammonia-loss	N-term	
PSM812_2_18693	Carbamidomethyl	C	1
PSM812_2_18694	Ammonia-loss	N-term	
PSM812_2_18694	Carbamidomethyl	C	1
PSM812_2_18695	Ammonia-loss	N-term	
PSM812_2_18695	Carbamidomethyl	C	1
PSM812_2_18696	Ammonia-loss	N-term	
PSM812_2_18696	Carbamidomethyl	C	1
PSM812_2_18697	Gln->pyro-Glu	N-term	
PSM812_2_18698	Gln->pyro-Glu	N-term	
PSM812_2_18699	Gln->pyro-Glu	N-term	
PSM812_2_187	Carbamidomethyl	C	20
PSM812_2_18700	Gln->pyro-Glu	N-term	
PSM812_2_18701	Gln->pyro-Glu	N-term	
PSM812_2_18702	Gln->pyro-Glu	N-term	
PSM812_2_18703	Gln->pyro-Glu	N-term	
PSM812_2_18704	Gln->pyro-Glu	N-term	
PSM812_2_18705	Gln->pyro-Glu	N-term	
PSM812_2_18706	Gln->pyro-Glu	N-term	
PSM812_2_18707	Gln->pyro-Glu	N-term	
PSM812_2_18708	Gln->pyro-Glu	N-term	
PSM812_2_18709	Gln->pyro-Glu	N-term	
PSM812_2_18710	Gln->pyro-Glu	N-term	
PSM812_2_18711	Gln->pyro-Glu	N-term	
PSM812_2_18718	Gln->pyro-Glu	N-term	
PSM812_2_18718	Carbamidomethyl	C	3
PSM812_2_18719	Gln->pyro-Glu	N-term	
PSM812_2_18719	Carbamidomethyl	C	3
PSM812_2_18720	Gln->pyro-Glu	N-term	
PSM812_2_18720	Carbamidomethyl	C	3
PSM812_2_18724	Gln->pyro-Glu	N-term	
PSM812_2_18725	Gln->pyro-Glu	N-term	
PSM812_2_18726	Gln->pyro-Glu	N-term	
PSM812_2_18727	Gln->pyro-Glu	N-term	
PSM812_2_18728	Gln->pyro-Glu	N-term	
PSM812_2_18736	Carbamidomethyl	C	10
PSM812_2_18736	Carbamidomethyl	C	18
PSM812_2_18737	Ammonia-loss	N-term	
PSM812_2_18737	Carbamidomethyl	C	1
PSM812_2_18738	Acetyl	N-term	
PSM812_2_18739	Acetyl	N-term	
PSM812_2_18749	Gln->pyro-Glu	N-term	
PSM812_2_18749	Carbamidomethyl	C	14
PSM812_2_18749	Carbamidomethyl	C	31
PSM812_2_18761	Gln->pyro-Glu	N-term	
PSM812_2_18762	Gln->pyro-Glu	N-term	
PSM812_2_18764	Acetyl	N-term	
PSM812_2_18765	Acetyl	N-term	
PSM812_2_18766	Acetyl	N-term	
PSM812_2_18767	Acetyl	N-term	
PSM812_2_18768	Acetyl	N-term	
PSM812_2_18769	Ammonia-loss	N-term	
PSM812_2_18769	Carbamidomethyl	C	1
PSM812_2_18769	Carbamidomethyl	C	19
PSM812_2_18770	Ammonia-loss	N-term	
PSM812_2_18770	Carbamidomethyl	C	1
PSM812_2_18770	Carbamidomethyl	C	19
PSM812_2_18771	Acetyl	N-term	
PSM812_2_18772	Acetyl	N-term	
PSM812_2_18773	Acetyl	N-term	
PSM812_2_18776	Gln->pyro-Glu	N-term	
PSM812_2_18777	Gln->pyro-Glu	N-term	
PSM812_2_18778	Ammonia-loss	N-term	
PSM812_2_18778	Carbamidomethyl	C	1
PSM812_2_18779	Ammonia-loss	N-term	
PSM812_2_18779	Carbamidomethyl	C	1
PSM812_2_18780	Ammonia-loss	N-term	
PSM812_2_18780	Carbamidomethyl	C	1
PSM812_2_18789	Oxidation	M	1
PSM812_2_1879	Carbamidomethyl	C	12
PSM812_2_188	Carbamidomethyl	C	20
PSM812_2_1880	Carbamidomethyl	C	12
PSM812_2_1881	Carbamidomethyl	C	12
PSM812_2_1882	Carbamidomethyl	C	12
PSM812_2_1883	Carbamidomethyl	C	12
PSM812_2_18839	Carbamidomethyl	C	16
PSM812_2_18840	Carbamidomethyl	C	13
PSM812_2_18841	Carbamidomethyl	C	13
PSM812_2_18849	Carbamidomethyl	C	24
PSM812_2_18850	Carbamidomethyl	C	14
PSM812_2_18851	Carbamidomethyl	C	14
PSM812_2_18867	Carbamidomethyl	C	8
PSM812_2_18868	Carbamidomethyl	C	8
PSM812_2_18869	Carbamidomethyl	C	8
PSM812_2_18872	Carbamidomethyl	C	11
PSM812_2_18873	Carbamidomethyl	C	11
PSM812_2_18874	Carbamidomethyl	C	11
PSM812_2_18875	Carbamidomethyl	C	11
PSM812_2_18876	Carbamidomethyl	C	18
PSM812_2_18876	Carbamidomethyl	C	19
PSM812_2_18877	Carbamidomethyl	C	18
PSM812_2_18877	Carbamidomethyl	C	19
PSM812_2_18878	Carbamidomethyl	C	18
PSM812_2_18878	Carbamidomethyl	C	19
PSM812_2_18879	Carbamidomethyl	C	18
PSM812_2_18879	Carbamidomethyl	C	19
PSM812_2_18880	Carbamidomethyl	C	18
PSM812_2_18880	Carbamidomethyl	C	19
PSM812_2_18881	Carbamidomethyl	C	18
PSM812_2_18881	Carbamidomethyl	C	19
PSM812_2_18896	Carbamidomethyl	C	8
PSM812_2_18897	Carbamidomethyl	C	8
PSM812_2_18898	Carbamidomethyl	C	8
PSM812_2_18899	Carbamidomethyl	C	8
PSM812_2_189	Carbamidomethyl	C	20
PSM812_2_18902	Carbamidomethyl	C	5
PSM812_2_18902	Carbamidomethyl	C	9
PSM812_2_18902	Carbamidomethyl	C	12
PSM812_2_18903	Carbamidomethyl	C	5
PSM812_2_18903	Carbamidomethyl	C	9
PSM812_2_18903	Carbamidomethyl	C	12
PSM812_2_18904	Carbamidomethyl	C	5
PSM812_2_18904	Carbamidomethyl	C	9
PSM812_2_18904	Carbamidomethyl	C	12
PSM812_2_18905	Carbamidomethyl	C	5
PSM812_2_18905	Carbamidomethyl	C	9
PSM812_2_18905	Carbamidomethyl	C	12
PSM812_2_18913	Carbamidomethyl	C	3
PSM812_2_18914	Carbamidomethyl	C	3
PSM812_2_18922	Carbamidomethyl	C	6
PSM812_2_18939	Carbamidomethyl	C	14
PSM812_2_18940	Carbamidomethyl	C	14
PSM812_2_18941	Carbamidomethyl	C	14
PSM812_2_18942	Carbamidomethyl	C	14
PSM812_2_18943	Carbamidomethyl	C	14
PSM812_2_18944	Carbamidomethyl	C	14
PSM812_2_18945	Carbamidomethyl	C	14
PSM812_2_18946	Carbamidomethyl	C	14
PSM812_2_18947	Carbamidomethyl	C	14
PSM812_2_18948	Carbamidomethyl	C	14
PSM812_2_18949	Carbamidomethyl	C	14
PSM812_2_18950	Carbamidomethyl	C	14
PSM812_2_18951	Carbamidomethyl	C	14
PSM812_2_18952	Carbamidomethyl	C	14
PSM812_2_18953	Carbamidomethyl	C	14
PSM812_2_18954	Carbamidomethyl	C	15
PSM812_2_18955	Carbamidomethyl	C	15
PSM812_2_18956	Carbamidomethyl	C	15
PSM812_2_18957	Carbamidomethyl	C	15
PSM812_2_18958	Carbamidomethyl	C	15
PSM812_2_18959	Carbamidomethyl	C	15
PSM812_2_18960	Carbamidomethyl	C	15
PSM812_2_18961	Carbamidomethyl	C	15
PSM812_2_18962	Carbamidomethyl	C	15
PSM812_2_18963	Carbamidomethyl	C	15
PSM812_2_18964	Carbamidomethyl	C	15
PSM812_2_18965	Carbamidomethyl	C	15
PSM812_2_1897	Carbamidomethyl	C	2
PSM812_2_1897	Carbamidomethyl	C	21
PSM812_2_1898	Carbamidomethyl	C	2
PSM812_2_1898	Carbamidomethyl	C	21
PSM812_2_1899	Carbamidomethyl	C	2
PSM812_2_1899	Carbamidomethyl	C	21
PSM812_2_18990	Oxidation	M	18
PSM812_2_18991	Oxidation	M	18
PSM812_2_18999	Carbamidomethyl	C	7
PSM812_2_190	Carbamidomethyl	C	5
PSM812_2_1900	Carbamidomethyl	C	2
PSM812_2_1900	Carbamidomethyl	C	21
PSM812_2_19000	Carbamidomethyl	C	7
PSM812_2_19001	Carbamidomethyl	C	7
PSM812_2_19002	Carbamidomethyl	C	7
PSM812_2_19003	Carbamidomethyl	C	7
PSM812_2_19004	Carbamidomethyl	C	7
PSM812_2_19005	Carbamidomethyl	C	7
PSM812_2_19006	Carbamidomethyl	C	7
PSM812_2_19007	Carbamidomethyl	C	7
PSM812_2_19008	Carbamidomethyl	C	7
PSM812_2_1901	Carbamidomethyl	C	2
PSM812_2_1901	Carbamidomethyl	C	21
PSM812_2_1902	Carbamidomethyl	C	2
PSM812_2_1902	Carbamidomethyl	C	21
PSM812_2_19023	Carbamidomethyl	C	7
PSM812_2_19023	Carbamidomethyl	C	17
PSM812_2_19024	Carbamidomethyl	C	7
PSM812_2_19024	Carbamidomethyl	C	17
PSM812_2_19025	Carbamidomethyl	C	7
PSM812_2_19025	Carbamidomethyl	C	17
PSM812_2_19026	Carbamidomethyl	C	7
PSM812_2_19026	Carbamidomethyl	C	17
PSM812_2_19027	Carbamidomethyl	C	7
PSM812_2_19027	Carbamidomethyl	C	17
PSM812_2_1903	Carbamidomethyl	C	2
PSM812_2_1903	Carbamidomethyl	C	21
PSM812_2_1904	Carbamidomethyl	C	2
PSM812_2_1904	Carbamidomethyl	C	21
PSM812_2_19072	Carbamidomethyl	C	16
PSM812_2_19073	Carbamidomethyl	C	16
PSM812_2_19074	Carbamidomethyl	C	16
PSM812_2_19075	Carbamidomethyl	C	38
PSM812_2_19076	Carbamidomethyl	C	38
PSM812_2_1908	Carbamidomethyl	C	13
PSM812_2_1909	Carbamidomethyl	C	13
PSM812_2_19092	Carbamidomethyl	C	10
PSM812_2_19093	Carbamidomethyl	C	10
PSM812_2_19094	Carbamidomethyl	C	10
PSM812_2_19095	Carbamidomethyl	C	7
PSM812_2_19096	Carbamidomethyl	C	7
PSM812_2_19097	Carbamidomethyl	C	7
PSM812_2_19098	Carbamidomethyl	C	7
PSM812_2_191	Carbamidomethyl	C	5
PSM812_2_19115	Carbamidomethyl	C	22
PSM812_2_19116	Gln->pyro-Glu	N-term	
PSM812_2_19117	Gln->pyro-Glu	N-term	
PSM812_2_19118	Gln->pyro-Glu	N-term	
PSM812_2_19124	Ammonia-loss	N-term	
PSM812_2_19124	Carbamidomethyl	C	1
PSM812_2_19124	Carbamidomethyl	C	11
PSM812_2_19124	Carbamidomethyl	C	20
PSM812_2_19125	Ammonia-loss	N-term	
PSM812_2_19125	Carbamidomethyl	C	1
PSM812_2_19125	Carbamidomethyl	C	11
PSM812_2_19125	Carbamidomethyl	C	20
PSM812_2_19126	Ammonia-loss	N-term	
PSM812_2_19126	Carbamidomethyl	C	1
PSM812_2_19126	Carbamidomethyl	C	11
PSM812_2_19126	Carbamidomethyl	C	20
PSM812_2_19127	Carbamidomethyl	C	17
PSM812_2_19128	Carbamidomethyl	C	17
PSM812_2_19129	Carbamidomethyl	C	17
PSM812_2_19130	Carbamidomethyl	C	17
PSM812_2_19131	Carbamidomethyl	C	34
PSM812_2_19132	Carbamidomethyl	C	34
PSM812_2_19133	Carbamidomethyl	C	34
PSM812_2_19134	Carbamidomethyl	C	34
PSM812_2_19135	Gln->pyro-Glu	N-term	
PSM812_2_19136	Gln->pyro-Glu	N-term	
PSM812_2_19137	Gln->pyro-Glu	N-term	
PSM812_2_19138	Gln->pyro-Glu	N-term	
PSM812_2_19139	Gln->pyro-Glu	N-term	
PSM812_2_19140	Gln->pyro-Glu	N-term	
PSM812_2_19141	Gln->pyro-Glu	N-term	
PSM812_2_19142	Gln->pyro-Glu	N-term	
PSM812_2_19143	Gln->pyro-Glu	N-term	
PSM812_2_19143	Carbamidomethyl	C	7
PSM812_2_19144	Gln->pyro-Glu	N-term	
PSM812_2_19144	Carbamidomethyl	C	7
PSM812_2_19145	Gln->pyro-Glu	N-term	
PSM812_2_19146	Gln->pyro-Glu	N-term	
PSM812_2_19147	Gln->pyro-Glu	N-term	
PSM812_2_19148	Gln->pyro-Glu	N-term	
PSM812_2_19149	Gln->pyro-Glu	N-term	
PSM812_2_19150	Carbamidomethyl	C	25
PSM812_2_19151	Carbamidomethyl	C	25
PSM812_2_19152	Carbamidomethyl	C	22
PSM812_2_19153	Carbamidomethyl	C	22
PSM812_2_19154	Carbamidomethyl	C	22
PSM812_2_19155	Carbamidomethyl	C	22
PSM812_2_19156	Carbamidomethyl	C	22
PSM812_2_19157	Carbamidomethyl	C	22
PSM812_2_19158	Carbamidomethyl	C	2
PSM812_2_19159	Carbamidomethyl	C	2
PSM812_2_19160	Carbamidomethyl	C	2
PSM812_2_19161	Carbamidomethyl	C	2
PSM812_2_19162	Carbamidomethyl	C	2
PSM812_2_19163	Carbamidomethyl	C	2
PSM812_2_19164	Carbamidomethyl	C	2
PSM812_2_19165	Carbamidomethyl	C	2
PSM812_2_19166	Carbamidomethyl	C	2
PSM812_2_19183	Carbamidomethyl	C	5
PSM812_2_19184	Carbamidomethyl	C	5
PSM812_2_19185	Carbamidomethyl	C	17
PSM812_2_19186	Carbamidomethyl	C	17
PSM812_2_19187	Carbamidomethyl	C	17
PSM812_2_19188	Carbamidomethyl	C	17
PSM812_2_192	Carbamidomethyl	C	5
PSM812_2_19207	Carbamidomethyl	C	5
PSM812_2_19207	Carbamidomethyl	C	16
PSM812_2_19208	Carbamidomethyl	C	5
PSM812_2_19208	Carbamidomethyl	C	16
PSM812_2_19209	Carbamidomethyl	C	5
PSM812_2_19209	Carbamidomethyl	C	16
PSM812_2_19222	Carbamidomethyl	C	25
PSM812_2_19223	Carbamidomethyl	C	25
PSM812_2_19224	Carbamidomethyl	C	25
PSM812_2_19232	Carbamidomethyl	C	20
PSM812_2_19234	Carbamidomethyl	C	18
PSM812_2_19236	Carbamidomethyl	C	34
PSM812_2_19243	Carbamidomethyl	C	24
PSM812_2_19244	Ammonia-loss	N-term	
PSM812_2_19244	Carbamidomethyl	C	1
PSM812_2_19245	Ammonia-loss	N-term	
PSM812_2_19245	Carbamidomethyl	C	1
PSM812_2_19246	Ammonia-loss	N-term	
PSM812_2_19246	Carbamidomethyl	C	1
PSM812_2_19247	Acetyl	N-term	
PSM812_2_19247	Carbamidomethyl	C	2
PSM812_2_19248	Gln->pyro-Glu	N-term	
PSM812_2_19249	Gln->pyro-Glu	N-term	
PSM812_2_19252	Acetyl	N-term	
PSM812_2_19253	Acetyl	N-term	
PSM812_2_19263	Carbamidomethyl	C	4
PSM812_2_19263	Carbamidomethyl	C	6
PSM812_2_19263	Carbamidomethyl	C	15
PSM812_2_19265	Carbamidomethyl	C	3
PSM812_2_19266	Carbamidomethyl	C	3
PSM812_2_19267	Carbamidomethyl	C	3
PSM812_2_193	Carbamidomethyl	C	5
PSM812_2_19309	Carbamidomethyl	C	4
PSM812_2_19310	Carbamidomethyl	C	4
PSM812_2_19311	Carbamidomethyl	C	4
PSM812_2_19312	Carbamidomethyl	C	4
PSM812_2_19331	Acetyl	N-term	
PSM812_2_19332	Acetyl	N-term	
PSM812_2_19333	Acetyl	N-term	
PSM812_2_19334	Acetyl	N-term	
PSM812_2_19335	Acetyl	N-term	
PSM812_2_19336	Acetyl	N-term	
PSM812_2_19337	Acetyl	N-term	
PSM812_2_19338	Acetyl	N-term	
PSM812_2_19352	Carbamidomethyl	C	1
PSM812_2_19353	Carbamidomethyl	C	1
PSM812_2_19367	Carbamidomethyl	C	11
PSM812_2_19368	Carbamidomethyl	C	11
PSM812_2_19369	Carbamidomethyl	C	3
PSM812_2_19370	Carbamidomethyl	C	3
PSM812_2_19371	Carbamidomethyl	C	3
PSM812_2_19372	Carbamidomethyl	C	3
PSM812_2_19373	Carbamidomethyl	C	3
PSM812_2_19374	Carbamidomethyl	C	3
PSM812_2_19389	Carbamidomethyl	C	4
PSM812_2_19392	Carbamidomethyl	C	1
PSM812_2_19393	Carbamidomethyl	C	1
PSM812_2_19394	Carbamidomethyl	C	1
PSM812_2_19395	Carbamidomethyl	C	1
PSM812_2_19396	Carbamidomethyl	C	1
PSM812_2_19397	Carbamidomethyl	C	1
PSM812_2_19398	Carbamidomethyl	C	1
PSM812_2_194	Carbamidomethyl	C	5
PSM812_2_19405	Carbamidomethyl	C	11
PSM812_2_19405	Carbamidomethyl	C	16
PSM812_2_19406	Carbamidomethyl	C	11
PSM812_2_19406	Carbamidomethyl	C	16
PSM812_2_19407	Carbamidomethyl	C	11
PSM812_2_19407	Carbamidomethyl	C	16
PSM812_2_19413	Carbamidomethyl	C	10
PSM812_2_19414	Carbamidomethyl	C	10
PSM812_2_19415	Carbamidomethyl	C	10
PSM812_2_19416	Carbamidomethyl	C	2
PSM812_2_19418	Carbamidomethyl	C	6
PSM812_2_19419	Carbamidomethyl	C	6
PSM812_2_19420	Carbamidomethyl	C	6
PSM812_2_19429	Carbamidomethyl	C	14
PSM812_2_19430	Carbamidomethyl	C	14
PSM812_2_19431	Carbamidomethyl	C	14
PSM812_2_19432	Carbamidomethyl	C	14
PSM812_2_19433	Carbamidomethyl	C	14
PSM812_2_19447	Carbamidomethyl	C	14
PSM812_2_19448	Carbamidomethyl	C	14
PSM812_2_19449	Carbamidomethyl	C	14
PSM812_2_19450	Carbamidomethyl	C	14
PSM812_2_19451	Carbamidomethyl	C	14
PSM812_2_19454	Carbamidomethyl	C	16
PSM812_2_19454	Carbamidomethyl	C	19
PSM812_2_1946	Carbamidomethyl	C	5
PSM812_2_1946	Carbamidomethyl	C	17
PSM812_2_1946	Carbamidomethyl	C	29
PSM812_2_1947	Carbamidomethyl	C	5
PSM812_2_1947	Carbamidomethyl	C	17
PSM812_2_1947	Carbamidomethyl	C	29
PSM812_2_1948	Carbamidomethyl	C	5
PSM812_2_1948	Carbamidomethyl	C	17
PSM812_2_1948	Carbamidomethyl	C	29
PSM812_2_19480	Carbamidomethyl	C	15
PSM812_2_19481	Carbamidomethyl	C	15
PSM812_2_1949	Carbamidomethyl	C	5
PSM812_2_1949	Carbamidomethyl	C	17
PSM812_2_1949	Carbamidomethyl	C	29
PSM812_2_195	Carbamidomethyl	C	5
PSM812_2_1950	Carbamidomethyl	C	5
PSM812_2_1950	Carbamidomethyl	C	17
PSM812_2_1950	Carbamidomethyl	C	29
PSM812_2_19505	Carbamidomethyl	C	6
PSM812_2_1951	Carbamidomethyl	C	8
PSM812_2_1952	Carbamidomethyl	C	8
PSM812_2_1953	Carbamidomethyl	C	8
PSM812_2_1954	Carbamidomethyl	C	8
PSM812_2_19544	Carbamidomethyl	C	7
PSM812_2_19545	Carbamidomethyl	C	8
PSM812_2_19546	Carbamidomethyl	C	8
PSM812_2_19547	Carbamidomethyl	C	8
PSM812_2_19548	Carbamidomethyl	C	8
PSM812_2_19549	Carbamidomethyl	C	8
PSM812_2_1955	Carbamidomethyl	C	8
PSM812_2_19550	Carbamidomethyl	C	8
PSM812_2_19551	Carbamidomethyl	C	8
PSM812_2_19552	Carbamidomethyl	C	8
PSM812_2_19553	Carbamidomethyl	C	8
PSM812_2_19554	Carbamidomethyl	C	8
PSM812_2_1956	Carbamidomethyl	C	8
PSM812_2_1957	Carbamidomethyl	C	8
PSM812_2_19578	Carbamidomethyl	C	3
PSM812_2_19578	Carbamidomethyl	C	8
PSM812_2_19579	Carbamidomethyl	C	3
PSM812_2_19579	Carbamidomethyl	C	8
PSM812_2_1958	Carbamidomethyl	C	8
PSM812_2_1959	Carbamidomethyl	C	8
PSM812_2_196	Carbamidomethyl	C	5
PSM812_2_1960	Carbamidomethyl	C	8
PSM812_2_19607	Carbamidomethyl	C	13
PSM812_2_19608	Carbamidomethyl	C	13
PSM812_2_19609	Carbamidomethyl	C	13
PSM812_2_1961	Carbamidomethyl	C	8
PSM812_2_19610	Carbamidomethyl	C	13
PSM812_2_19611	Carbamidomethyl	C	13
PSM812_2_19612	Carbamidomethyl	C	13
PSM812_2_19613	Carbamidomethyl	C	13
PSM812_2_19614	Carbamidomethyl	C	13
PSM812_2_19615	Carbamidomethyl	C	13
PSM812_2_19616	Carbamidomethyl	C	13
PSM812_2_19617	Carbamidomethyl	C	10
PSM812_2_19618	Carbamidomethyl	C	10
PSM812_2_19619	Carbamidomethyl	C	10
PSM812_2_19620	Carbamidomethyl	C	10
PSM812_2_19634	Carbamidomethyl	C	13
PSM812_2_19635	Carbamidomethyl	C	13
PSM812_2_19636	Carbamidomethyl	C	13
PSM812_2_19637	Carbamidomethyl	C	13
PSM812_2_19638	Carbamidomethyl	C	13
PSM812_2_19656	Carbamidomethyl	C	2
PSM812_2_19657	Carbamidomethyl	C	2
PSM812_2_19669	Carbamidomethyl	C	8
PSM812_2_19670	Carbamidomethyl	C	18
PSM812_2_19671	Carbamidomethyl	C	4
PSM812_2_19672	Carbamidomethyl	C	4
PSM812_2_19686	Carbamidomethyl	C	7
PSM812_2_19687	Carbamidomethyl	C	7
PSM812_2_19688	Carbamidomethyl	C	7
PSM812_2_19698	Carbamidomethyl	C	12
PSM812_2_197	Carbamidomethyl	C	5
PSM812_2_1971	Carbamidomethyl	C	9
PSM812_2_1972	Carbamidomethyl	C	9
PSM812_2_19724	Carbamidomethyl	C	7
PSM812_2_19724	Carbamidomethyl	C	14
PSM812_2_19725	Carbamidomethyl	C	7
PSM812_2_19725	Carbamidomethyl	C	14
PSM812_2_1973	Carbamidomethyl	C	9
PSM812_2_1974	Carbamidomethyl	C	9
PSM812_2_19741	Carbamidomethyl	C	3
PSM812_2_19742	Carbamidomethyl	C	3
PSM812_2_19743	Carbamidomethyl	C	3
PSM812_2_19746	Carbamidomethyl	C	3
PSM812_2_19747	Carbamidomethyl	C	3
PSM812_2_1975	Carbamidomethyl	C	9
PSM812_2_1975	Carbamidomethyl	C	21
PSM812_2_19751	Carbamidomethyl	C	7
PSM812_2_19752	Carbamidomethyl	C	7
PSM812_2_19753	Carbamidomethyl	C	7
PSM812_2_1976	Carbamidomethyl	C	9
PSM812_2_1976	Carbamidomethyl	C	21
PSM812_2_19764	Carbamidomethyl	C	5
PSM812_2_19765	Carbamidomethyl	C	5
PSM812_2_19766	Carbamidomethyl	C	2
PSM812_2_19767	Carbamidomethyl	C	2
PSM812_2_1977	Carbamidomethyl	C	9
PSM812_2_1977	Carbamidomethyl	C	21
PSM812_2_1978	Carbamidomethyl	C	9
PSM812_2_1978	Carbamidomethyl	C	21
PSM812_2_19786	Carbamidomethyl	C	12
PSM812_2_19787	Carbamidomethyl	C	12
PSM812_2_19788	Carbamidomethyl	C	8
PSM812_2_1979	Carbamidomethyl	C	9
PSM812_2_1979	Carbamidomethyl	C	21
PSM812_2_19793	Gln->pyro-Glu	N-term	
PSM812_2_19794	Gln->pyro-Glu	N-term	
PSM812_2_1980	Carbamidomethyl	C	11
PSM812_2_19808	Gln->pyro-Glu	N-term	
PSM812_2_19809	Gln->pyro-Glu	N-term	
PSM812_2_1981	Carbamidomethyl	C	11
PSM812_2_19810	Acetyl	N-term	
PSM812_2_19811	Acetyl	N-term	
PSM812_2_19812	Acetyl	N-term	
PSM812_2_19813	Carbamidomethyl	C	5
PSM812_2_19814	Carbamidomethyl	C	5
PSM812_2_19814	Carbamidomethyl	C	11
PSM812_2_19815	Carbamidomethyl	C	5
PSM812_2_19815	Carbamidomethyl	C	11
PSM812_2_19816	Carbamidomethyl	C	5
PSM812_2_19816	Carbamidomethyl	C	11
PSM812_2_19817	Carbamidomethyl	C	5
PSM812_2_19817	Carbamidomethyl	C	11
PSM812_2_19818	Acetyl	N-term	
PSM812_2_19819	Acetyl	N-term	
PSM812_2_1982	Carbamidomethyl	C	11
PSM812_2_19820	Acetyl	N-term	
PSM812_2_19821	Acetyl	N-term	
PSM812_2_19822	Acetyl	N-term	
PSM812_2_19823	Acetyl	N-term	
PSM812_2_19824	Acetyl	N-term	
PSM812_2_19825	Acetyl	N-term	
PSM812_2_19826	Gln->pyro-Glu	N-term	
PSM812_2_19826	Carbamidomethyl	C	3
PSM812_2_19827	Gln->pyro-Glu	N-term	
PSM812_2_19827	Carbamidomethyl	C	3
PSM812_2_19828	Acetyl	N-term	
PSM812_2_19829	Acetyl	N-term	
PSM812_2_1983	Carbamidomethyl	C	11
PSM812_2_19830	Acetyl	N-term	
PSM812_2_19831	Gln->pyro-Glu	N-term	
PSM812_2_19832	Gln->pyro-Glu	N-term	
PSM812_2_19834	Carbamidomethyl	C	12
PSM812_2_19835	Carbamidomethyl	C	4
PSM812_2_19836	Carbamidomethyl	C	4
PSM812_2_1984	Carbamidomethyl	C	11
PSM812_2_1985	Carbamidomethyl	C	11
PSM812_2_19852	Carbamidomethyl	C	3
PSM812_2_19853	Carbamidomethyl	C	3
PSM812_2_1986	Carbamidomethyl	C	11
PSM812_2_19868	Carbamidomethyl	C	7
PSM812_2_19869	Carbamidomethyl	C	7
PSM812_2_1987	Carbamidomethyl	C	11
PSM812_2_19870	Carbamidomethyl	C	7
PSM812_2_1988	Carbamidomethyl	C	11
PSM812_2_19882	Carbamidomethyl	C	14
PSM812_2_19883	Carbamidomethyl	C	14
PSM812_2_19884	Carbamidomethyl	C	14
PSM812_2_19885	Carbamidomethyl	C	14
PSM812_2_19886	Carbamidomethyl	C	14
PSM812_2_1989	Carbamidomethyl	C	8
PSM812_2_1989	Carbamidomethyl	C	11
PSM812_2_19891	Carbamidomethyl	C	8
PSM812_2_19892	Carbamidomethyl	C	2
PSM812_2_19893	Carbamidomethyl	C	2
PSM812_2_19894	Carbamidomethyl	C	2
PSM812_2_19895	Carbamidomethyl	C	2
PSM812_2_19896	Carbamidomethyl	C	2
PSM812_2_19897	Carbamidomethyl	C	12
PSM812_2_19898	Carbamidomethyl	C	12
PSM812_2_1990	Carbamidomethyl	C	8
PSM812_2_1990	Carbamidomethyl	C	11
PSM812_2_1991	Carbamidomethyl	C	8
PSM812_2_1991	Carbamidomethyl	C	11
PSM812_2_1992	Carbamidomethyl	C	8
PSM812_2_1992	Carbamidomethyl	C	11
PSM812_2_1993	Carbamidomethyl	C	8
PSM812_2_1993	Carbamidomethyl	C	11
PSM812_2_1994	Carbamidomethyl	C	8
PSM812_2_1994	Carbamidomethyl	C	11
PSM812_2_1995	Carbamidomethyl	C	8
PSM812_2_1995	Carbamidomethyl	C	11
PSM812_2_1996	Carbamidomethyl	C	8
PSM812_2_1996	Carbamidomethyl	C	11
PSM812_2_19965	Carbamidomethyl	C	13
PSM812_2_19966	Carbamidomethyl	C	13
PSM812_2_19967	Carbamidomethyl	C	13
PSM812_2_19968	Carbamidomethyl	C	13
PSM812_2_19969	Carbamidomethyl	C	13
PSM812_2_1997	Carbamidomethyl	C	8
PSM812_2_1997	Carbamidomethyl	C	11
PSM812_2_19970	Carbamidomethyl	C	13
PSM812_2_19971	Carbamidomethyl	C	13
PSM812_2_19978	Carbamidomethyl	C	7
PSM812_2_1998	Carbamidomethyl	C	8
PSM812_2_1998	Carbamidomethyl	C	11
PSM812_2_19980	Carbamidomethyl	C	13
PSM812_2_19981	Carbamidomethyl	C	19
PSM812_2_19981	Carbamidomethyl	C	23
PSM812_2_19982	Carbamidomethyl	C	19
PSM812_2_19982	Carbamidomethyl	C	23
PSM812_2_19983	Carbamidomethyl	C	19
PSM812_2_19983	Carbamidomethyl	C	23
PSM812_2_19984	Carbamidomethyl	C	2
PSM812_2_1999	Carbamidomethyl	C	8
PSM812_2_1999	Carbamidomethyl	C	11
PSM812_2_19995	Carbamidomethyl	C	19
PSM812_2_19996	Carbamidomethyl	C	19
PSM812_2_19997	Carbamidomethyl	C	19
PSM812_2_19998	Carbamidomethyl	C	5
PSM812_2_2000	Carbamidomethyl	C	8
PSM812_2_2000	Carbamidomethyl	C	11
PSM812_2_20002	Oxidation	M	14
PSM812_2_20003	Oxidation	M	14
PSM812_2_20004	Oxidation	M	14
PSM812_2_20005	Oxidation	M	14
PSM812_2_20006	Oxidation	M	14
PSM812_2_20007	Oxidation	M	14
PSM812_2_20008	Oxidation	M	14
PSM812_2_20009	Oxidation	M	14
PSM812_2_2001	Carbamidomethyl	C	8
PSM812_2_2001	Carbamidomethyl	C	11
PSM812_2_20010	Carbamidomethyl	C	10
PSM812_2_2002	Carbamidomethyl	C	8
PSM812_2_2002	Carbamidomethyl	C	11
PSM812_2_2003	Carbamidomethyl	C	8
PSM812_2_2003	Carbamidomethyl	C	11
PSM812_2_20036	Carbamidomethyl	C	8
PSM812_2_20036	Carbamidomethyl	C	9
PSM812_2_20036	Carbamidomethyl	C	16
PSM812_2_20036	Carbamidomethyl	C	17
PSM812_2_20036	Carbamidomethyl	C	23
PSM812_2_20036	Carbamidomethyl	C	24
PSM812_2_20036	Carbamidomethyl	C	30
PSM812_2_20038	Carbamidomethyl	C	19
PSM812_2_20039	Carbamidomethyl	C	19
PSM812_2_2004	Carbamidomethyl	C	8
PSM812_2_2004	Carbamidomethyl	C	11
PSM812_2_20044	Carbamidomethyl	C	14
PSM812_2_20045	Carbamidomethyl	C	14
PSM812_2_20046	Carbamidomethyl	C	2
PSM812_2_20047	Carbamidomethyl	C	2
PSM812_2_20048	Carbamidomethyl	C	2
PSM812_2_20049	Carbamidomethyl	C	2
PSM812_2_2005	Carbamidomethyl	C	8
PSM812_2_2005	Carbamidomethyl	C	11
PSM812_2_20050	Carbamidomethyl	C	5
PSM812_2_20051	Carbamidomethyl	C	5
PSM812_2_20052	Carbamidomethyl	C	5
PSM812_2_20053	Carbamidomethyl	C	5
PSM812_2_20054	Carbamidomethyl	C	5
PSM812_2_20055	Carbamidomethyl	C	5
PSM812_2_2006	Carbamidomethyl	C	8
PSM812_2_2006	Carbamidomethyl	C	11
PSM812_2_20073	Carbamidomethyl	C	6
PSM812_2_20074	Carbamidomethyl	C	6
PSM812_2_20089	Carbamidomethyl	C	9
PSM812_2_20090	Carbamidomethyl	C	9
PSM812_2_20091	Carbamidomethyl	C	9
PSM812_2_20092	Carbamidomethyl	C	9
PSM812_2_20093	Carbamidomethyl	C	7
PSM812_2_20094	Carbamidomethyl	C	7
PSM812_2_20095	Carbamidomethyl	C	7
PSM812_2_20096	Carbamidomethyl	C	7
PSM812_2_20131	Carbamidomethyl	C	6
PSM812_2_20131	Carbamidomethyl	C	13
PSM812_2_20187	Carbamidomethyl	C	6
PSM812_2_20188	Carbamidomethyl	C	6
PSM812_2_20189	Carbamidomethyl	C	6
PSM812_2_20190	Carbamidomethyl	C	6
PSM812_2_20198	Carbamidomethyl	C	13
PSM812_2_20199	Carbamidomethyl	C	13
PSM812_2_20200	Carbamidomethyl	C	13
PSM812_2_20201	Carbamidomethyl	C	13
PSM812_2_20202	Carbamidomethyl	C	13
PSM812_2_20206	Carbamidomethyl	C	3
PSM812_2_20207	Carbamidomethyl	C	3
PSM812_2_20208	Carbamidomethyl	C	3
PSM812_2_20224	Carbamidomethyl	C	8
PSM812_2_20225	Carbamidomethyl	C	8
PSM812_2_20226	Carbamidomethyl	C	8
PSM812_2_20227	Carbamidomethyl	C	8
PSM812_2_20233	Carbamidomethyl	C	12
PSM812_2_20234	Carbamidomethyl	C	12
PSM812_2_20235	Carbamidomethyl	C	12
PSM812_2_20236	Carbamidomethyl	C	3
PSM812_2_20242	Carbamidomethyl	C	10
PSM812_2_20242	Carbamidomethyl	C	12
PSM812_2_20243	Carbamidomethyl	C	10
PSM812_2_20243	Carbamidomethyl	C	12
PSM812_2_20244	Carbamidomethyl	C	10
PSM812_2_20244	Carbamidomethyl	C	12
PSM812_2_20254	Carbamidomethyl	C	10
PSM812_2_20255	Carbamidomethyl	C	10
PSM812_2_20256	Carbamidomethyl	C	10
PSM812_2_20257	Carbamidomethyl	C	10
PSM812_2_20258	Carbamidomethyl	C	10
PSM812_2_20259	Carbamidomethyl	C	10
PSM812_2_20260	Carbamidomethyl	C	10
PSM812_2_20261	Carbamidomethyl	C	10
PSM812_2_20262	Carbamidomethyl	C	10
PSM812_2_20263	Carbamidomethyl	C	10
PSM812_2_20267	Carbamidomethyl	C	2
PSM812_2_20268	Carbamidomethyl	C	2
PSM812_2_20269	Carbamidomethyl	C	2
PSM812_2_20271	Carbamidomethyl	C	11
PSM812_2_20272	Carbamidomethyl	C	11
PSM812_2_20273	Carbamidomethyl	C	11
PSM812_2_20274	Carbamidomethyl	C	11
PSM812_2_20288	Carbamidomethyl	C	11
PSM812_2_20289	Carbamidomethyl	C	11
PSM812_2_20290	Carbamidomethyl	C	11
PSM812_2_20300	Carbamidomethyl	C	2
PSM812_2_20301	Carbamidomethyl	C	1
PSM812_2_20302	Carbamidomethyl	C	1
PSM812_2_20303	Carbamidomethyl	C	1
PSM812_2_20304	Carbamidomethyl	C	1
PSM812_2_20305	Carbamidomethyl	C	1
PSM812_2_20306	Carbamidomethyl	C	1
PSM812_2_20307	Carbamidomethyl	C	1
PSM812_2_20308	Carbamidomethyl	C	1
PSM812_2_20309	Carbamidomethyl	C	1
PSM812_2_20310	Carbamidomethyl	C	2
PSM812_2_20311	Carbamidomethyl	C	2
PSM812_2_20312	Carbamidomethyl	C	2
PSM812_2_20313	Carbamidomethyl	C	2
PSM812_2_20314	Carbamidomethyl	C	2
PSM812_2_20315	Carbamidomethyl	C	2
PSM812_2_20316	Carbamidomethyl	C	3
PSM812_2_20317	Carbamidomethyl	C	3
PSM812_2_20343	Carbamidomethyl	C	3
PSM812_2_20344	Carbamidomethyl	C	3
PSM812_2_20345	Carbamidomethyl	C	3
PSM812_2_20346	Carbamidomethyl	C	3
PSM812_2_20347	Carbamidomethyl	C	3
PSM812_2_20348	Carbamidomethyl	C	3
PSM812_2_20349	Carbamidomethyl	C	3
PSM812_2_20350	Carbamidomethyl	C	3
PSM812_2_20351	Carbamidomethyl	C	3
PSM812_2_20378	Carbamidomethyl	C	9
PSM812_2_20379	Carbamidomethyl	C	9
PSM812_2_20405	Carbamidomethyl	C	2
PSM812_2_20405	Carbamidomethyl	C	14
PSM812_2_20410	Carbamidomethyl	C	9
PSM812_2_20411	Carbamidomethyl	C	9
PSM812_2_20412	Carbamidomethyl	C	9
PSM812_2_20419	Carbamidomethyl	C	2
PSM812_2_20420	Carbamidomethyl	C	2
PSM812_2_20421	Carbamidomethyl	C	2
PSM812_2_20428	Carbamidomethyl	C	18
PSM812_2_20429	Carbamidomethyl	C	18
PSM812_2_20433	Carbamidomethyl	C	13
PSM812_2_20434	Carbamidomethyl	C	13
PSM812_2_20435	Carbamidomethyl	C	13
PSM812_2_20447	Carbamidomethyl	C	23
PSM812_2_20451	Carbamidomethyl	C	4
PSM812_2_20451	Carbamidomethyl	C	17
PSM812_2_20452	Carbamidomethyl	C	4
PSM812_2_20452	Carbamidomethyl	C	17
PSM812_2_20461	Carbamidomethyl	C	13
PSM812_2_20462	Carbamidomethyl	C	13
PSM812_2_20463	Carbamidomethyl	C	7
PSM812_2_20464	Carbamidomethyl	C	7
PSM812_2_20465	Carbamidomethyl	C	7
PSM812_2_2047	Carbamidomethyl	C	6
PSM812_2_20471	Carbamidomethyl	C	7
PSM812_2_20472	Carbamidomethyl	C	16
PSM812_2_20473	Carbamidomethyl	C	16
PSM812_2_20474	Carbamidomethyl	C	12
PSM812_2_20475	Carbamidomethyl	C	12
PSM812_2_20476	Carbamidomethyl	C	12
PSM812_2_2048	Carbamidomethyl	C	6
PSM812_2_20482	Carbamidomethyl	C	10
PSM812_2_20483	Carbamidomethyl	C	10
PSM812_2_2049	Carbamidomethyl	C	6
PSM812_2_20491	Carbamidomethyl	C	15
PSM812_2_20492	Carbamidomethyl	C	15
PSM812_2_20493	Carbamidomethyl	C	15
PSM812_2_20494	Carbamidomethyl	C	15
PSM812_2_20495	Carbamidomethyl	C	15
PSM812_2_2050	Carbamidomethyl	C	6
PSM812_2_20500	Carbamidomethyl	C	11
PSM812_2_20501	Carbamidomethyl	C	11
PSM812_2_20502	Carbamidomethyl	C	11
PSM812_2_20504	Carbamidomethyl	C	11
PSM812_2_20504	Carbamidomethyl	C	17
PSM812_2_20505	Carbamidomethyl	C	11
PSM812_2_20505	Carbamidomethyl	C	17
PSM812_2_20506	Carbamidomethyl	C	11
PSM812_2_20506	Carbamidomethyl	C	17
PSM812_2_20507	Carbamidomethyl	C	11
PSM812_2_20507	Carbamidomethyl	C	17
PSM812_2_20508	Carbamidomethyl	C	11
PSM812_2_20508	Carbamidomethyl	C	17
PSM812_2_2051	Carbamidomethyl	C	6
PSM812_2_2052	Carbamidomethyl	C	6
PSM812_2_20526	Carbamidomethyl	C	22
PSM812_2_20527	Carbamidomethyl	C	22
PSM812_2_20528	Carbamidomethyl	C	2
PSM812_2_2053	Carbamidomethyl	C	6
PSM812_2_20533	Carbamidomethyl	C	9
PSM812_2_20534	Carbamidomethyl	C	9
PSM812_2_2054	Carbamidomethyl	C	6
PSM812_2_20542	Carbamidomethyl	C	7
PSM812_2_20543	Carbamidomethyl	C	8
PSM812_2_20543	Carbamidomethyl	C	15
PSM812_2_20544	Carbamidomethyl	C	8
PSM812_2_20544	Carbamidomethyl	C	15
PSM812_2_20545	Carbamidomethyl	C	8
PSM812_2_20545	Carbamidomethyl	C	15
PSM812_2_20548	Carbamidomethyl	C	10
PSM812_2_20549	Carbamidomethyl	C	10
PSM812_2_2055	Carbamidomethyl	C	6
PSM812_2_20550	Carbamidomethyl	C	10
PSM812_2_20551	Carbamidomethyl	C	10
PSM812_2_20552	Carbamidomethyl	C	10
PSM812_2_20554	Carbamidomethyl	C	8
PSM812_2_20555	Carbamidomethyl	C	8
PSM812_2_20556	Carbamidomethyl	C	8
PSM812_2_2056	Carbamidomethyl	C	26
PSM812_2_20560	Carbamidomethyl	C	8
PSM812_2_20561	Carbamidomethyl	C	5
PSM812_2_2057	Carbamidomethyl	C	26
PSM812_2_2058	Carbamidomethyl	C	26
PSM812_2_2059	Carbamidomethyl	C	26
PSM812_2_2060	Carbamidomethyl	C	26
PSM812_2_2061	Carbamidomethyl	C	26
PSM812_2_20610	Carbamidomethyl	C	13
PSM812_2_20611	Carbamidomethyl	C	13
PSM812_2_20612	Carbamidomethyl	C	13
PSM812_2_20619	Carbamidomethyl	C	10
PSM812_2_2062	Carbamidomethyl	C	26
PSM812_2_20620	Carbamidomethyl	C	10
PSM812_2_20621	Carbamidomethyl	C	16
PSM812_2_20622	Carbamidomethyl	C	16
PSM812_2_20623	Carbamidomethyl	C	15
PSM812_2_20624	Carbamidomethyl	C	15
PSM812_2_20625	Carbamidomethyl	C	15
PSM812_2_2063	Carbamidomethyl	C	26
PSM812_2_20636	Carbamidomethyl	C	7
PSM812_2_20636	Carbamidomethyl	C	11
PSM812_2_20637	Carbamidomethyl	C	7
PSM812_2_20637	Carbamidomethyl	C	11
PSM812_2_20638	Carbamidomethyl	C	7
PSM812_2_20638	Carbamidomethyl	C	11
PSM812_2_20639	Carbamidomethyl	C	13
PSM812_2_2064	Carbamidomethyl	C	26
PSM812_2_20640	Carbamidomethyl	C	13
PSM812_2_20641	Carbamidomethyl	C	13
PSM812_2_20648	Carbamidomethyl	C	2
PSM812_2_20649	Carbamidomethyl	C	2
PSM812_2_2065	Carbamidomethyl	C	26
PSM812_2_20650	Carbamidomethyl	C	2
PSM812_2_20653	Carbamidomethyl	C	2
PSM812_2_20653	Carbamidomethyl	C	7
PSM812_2_20654	Carbamidomethyl	C	2
PSM812_2_20654	Carbamidomethyl	C	7
PSM812_2_20655	Carbamidomethyl	C	2
PSM812_2_20655	Carbamidomethyl	C	7
PSM812_2_20659	Carbamidomethyl	C	11
PSM812_2_2066	Carbamidomethyl	C	26
PSM812_2_20660	Carbamidomethyl	C	11
PSM812_2_20661	Carbamidomethyl	C	11
PSM812_2_20662	Carbamidomethyl	C	11
PSM812_2_20663	Carbamidomethyl	C	11
PSM812_2_2067	Carbamidomethyl	C	26
PSM812_2_2068	Carbamidomethyl	C	26
PSM812_2_2069	Carbamidomethyl	C	26
PSM812_2_20696	Carbamidomethyl	C	10
PSM812_2_20696	Carbamidomethyl	C	17
PSM812_2_20697	Carbamidomethyl	C	10
PSM812_2_20697	Carbamidomethyl	C	17
PSM812_2_2070	Carbamidomethyl	C	26
PSM812_2_2071	Carbamidomethyl	C	26
PSM812_2_2072	Carbamidomethyl	C	26
PSM812_2_20720	Carbamidomethyl	C	20
PSM812_2_20720	Carbamidomethyl	C	33
PSM812_2_20721	Carbamidomethyl	C	20
PSM812_2_20721	Carbamidomethyl	C	33
PSM812_2_20722	Carbamidomethyl	C	20
PSM812_2_20722	Carbamidomethyl	C	33
PSM812_2_20723	Carbamidomethyl	C	20
PSM812_2_20723	Carbamidomethyl	C	33
PSM812_2_20724	Carbamidomethyl	C	20
PSM812_2_20724	Carbamidomethyl	C	33
PSM812_2_20725	Carbamidomethyl	C	20
PSM812_2_20725	Carbamidomethyl	C	33
PSM812_2_20726	Carbamidomethyl	C	20
PSM812_2_20726	Carbamidomethyl	C	33
PSM812_2_2073	Carbamidomethyl	C	26
PSM812_2_2074	Carbamidomethyl	C	26
PSM812_2_2075	Carbamidomethyl	C	26
PSM812_2_2076	Carbamidomethyl	C	26
PSM812_2_20763	Carbamidomethyl	C	10
PSM812_2_20764	Carbamidomethyl	C	10
PSM812_2_20765	Carbamidomethyl	C	10
PSM812_2_20766	Carbamidomethyl	C	10
PSM812_2_20767	Carbamidomethyl	C	10
PSM812_2_20768	Carbamidomethyl	C	10
PSM812_2_20769	Carbamidomethyl	C	10
PSM812_2_2077	Carbamidomethyl	C	6
PSM812_2_2077	Carbamidomethyl	C	18
PSM812_2_20770	Carbamidomethyl	C	18
PSM812_2_20771	Carbamidomethyl	C	18
PSM812_2_20772	Carbamidomethyl	C	18
PSM812_2_2078	Carbamidomethyl	C	6
PSM812_2_2078	Carbamidomethyl	C	18
PSM812_2_2079	Carbamidomethyl	C	6
PSM812_2_2079	Carbamidomethyl	C	18
PSM812_2_20798	Carbamidomethyl	C	24
PSM812_2_20799	Carbamidomethyl	C	24
PSM812_2_2080	Carbamidomethyl	C	6
PSM812_2_2080	Carbamidomethyl	C	18
PSM812_2_2081	Carbamidomethyl	C	6
PSM812_2_2081	Carbamidomethyl	C	18
PSM812_2_20818	Carbamidomethyl	C	17
PSM812_2_20819	Carbamidomethyl	C	17
PSM812_2_2082	Carbamidomethyl	C	6
PSM812_2_2082	Carbamidomethyl	C	18
PSM812_2_20820	Carbamidomethyl	C	17
PSM812_2_20821	Carbamidomethyl	C	17
PSM812_2_2083	Carbamidomethyl	C	6
PSM812_2_2083	Carbamidomethyl	C	18
PSM812_2_20831	Carbamidomethyl	C	14
PSM812_2_20832	Carbamidomethyl	C	14
PSM812_2_20833	Carbamidomethyl	C	14
PSM812_2_20834	Carbamidomethyl	C	14
PSM812_2_20835	Carbamidomethyl	C	14
PSM812_2_20836	Carbamidomethyl	C	14
PSM812_2_20837	Carbamidomethyl	C	14
PSM812_2_20838	Carbamidomethyl	C	14
PSM812_2_20839	Carbamidomethyl	C	14
PSM812_2_2084	Carbamidomethyl	C	6
PSM812_2_2084	Carbamidomethyl	C	18
PSM812_2_20840	Carbamidomethyl	C	14
PSM812_2_20841	Carbamidomethyl	C	14
PSM812_2_20842	Carbamidomethyl	C	14
PSM812_2_20843	Carbamidomethyl	C	14
PSM812_2_20847	Carbamidomethyl	C	7
PSM812_2_20848	Carbamidomethyl	C	7
PSM812_2_20849	Carbamidomethyl	C	7
PSM812_2_2085	Carbamidomethyl	C	6
PSM812_2_2085	Carbamidomethyl	C	18
PSM812_2_20856	Carbamidomethyl	C	12
PSM812_2_20857	Carbamidomethyl	C	12
PSM812_2_20858	Carbamidomethyl	C	12
PSM812_2_2086	Carbamidomethyl	C	6
PSM812_2_2086	Carbamidomethyl	C	18
PSM812_2_2087	Carbamidomethyl	C	6
PSM812_2_2087	Carbamidomethyl	C	18
PSM812_2_20879	Carbamidomethyl	C	1
PSM812_2_2088	Carbamidomethyl	C	6
PSM812_2_2088	Carbamidomethyl	C	18
PSM812_2_20880	Carbamidomethyl	C	1
PSM812_2_20881	Carbamidomethyl	C	11
PSM812_2_20882	Carbamidomethyl	C	13
PSM812_2_20882	Carbamidomethyl	C	16
PSM812_2_20882	Carbamidomethyl	C	17
PSM812_2_20883	Carbamidomethyl	C	13
PSM812_2_20883	Carbamidomethyl	C	16
PSM812_2_20883	Carbamidomethyl	C	17
PSM812_2_20884	Carbamidomethyl	C	13
PSM812_2_20884	Carbamidomethyl	C	16
PSM812_2_20884	Carbamidomethyl	C	17
PSM812_2_20885	Carbamidomethyl	C	13
PSM812_2_20885	Carbamidomethyl	C	16
PSM812_2_20885	Carbamidomethyl	C	17
PSM812_2_20886	Carbamidomethyl	C	13
PSM812_2_20886	Carbamidomethyl	C	16
PSM812_2_20886	Carbamidomethyl	C	17
PSM812_2_2089	Carbamidomethyl	C	6
PSM812_2_2089	Carbamidomethyl	C	18
PSM812_2_20899	Gln->pyro-Glu	N-term	
PSM812_2_2090	Carbamidomethyl	C	6
PSM812_2_2090	Carbamidomethyl	C	18
PSM812_2_20900	Gln->pyro-Glu	N-term	
PSM812_2_20901	Gln->pyro-Glu	N-term	
PSM812_2_20902	Gln->pyro-Glu	N-term	
PSM812_2_20903	Carbamidomethyl	C	12
PSM812_2_20903	Carbamidomethyl	C	15
PSM812_2_20904	Gln->pyro-Glu	N-term	
PSM812_2_20904	Carbamidomethyl	C	4
PSM812_2_20905	Gln->pyro-Glu	N-term	
PSM812_2_20905	Carbamidomethyl	C	4
PSM812_2_20906	Gln->pyro-Glu	N-term	
PSM812_2_20906	Carbamidomethyl	C	4
PSM812_2_2091	Carbamidomethyl	C	6
PSM812_2_2091	Carbamidomethyl	C	18
PSM812_2_20912	Carbamidomethyl	C	5
PSM812_2_20912	Carbamidomethyl	C	8
PSM812_2_20913	Gln->pyro-Glu	N-term	
PSM812_2_20914	Gln->pyro-Glu	N-term	
PSM812_2_20915	Gln->pyro-Glu	N-term	
PSM812_2_20916	Acetyl	N-term	
PSM812_2_20917	Acetyl	N-term	
PSM812_2_20918	Acetyl	N-term	
PSM812_2_20919	Acetyl	N-term	
PSM812_2_2092	Carbamidomethyl	C	6
PSM812_2_2092	Carbamidomethyl	C	18
PSM812_2_20920	Acetyl	N-term	
PSM812_2_20921	Acetyl	N-term	
PSM812_2_20922	Acetyl	N-term	
PSM812_2_20923	Acetyl	N-term	
PSM812_2_20924	Gln->pyro-Glu	N-term	
PSM812_2_20925	Gln->pyro-Glu	N-term	
PSM812_2_20926	Carbamidomethyl	C	14
PSM812_2_20927	Carbamidomethyl	C	14
PSM812_2_20928	Carbamidomethyl	C	14
PSM812_2_20929	Carbamidomethyl	C	14
PSM812_2_2093	Carbamidomethyl	C	6
PSM812_2_2093	Carbamidomethyl	C	18
PSM812_2_20930	Carbamidomethyl	C	14
PSM812_2_20931	Carbamidomethyl	C	14
PSM812_2_20932	Carbamidomethyl	C	14
PSM812_2_20933	Carbamidomethyl	C	14
PSM812_2_20934	Carbamidomethyl	C	24
PSM812_2_20935	Carbamidomethyl	C	24
PSM812_2_20936	Gln->pyro-Glu	N-term	
PSM812_2_20936	Carbamidomethyl	C	9
PSM812_2_20937	Gln->pyro-Glu	N-term	
PSM812_2_20937	Carbamidomethyl	C	9
PSM812_2_2094	Carbamidomethyl	C	6
PSM812_2_2094	Carbamidomethyl	C	18
PSM812_2_20940	Ammonia-loss	N-term	
PSM812_2_20940	Carbamidomethyl	C	1
PSM812_2_20941	Ammonia-loss	N-term	
PSM812_2_20941	Carbamidomethyl	C	1
PSM812_2_20947	Carbamidomethyl	C	9
PSM812_2_20948	Carbamidomethyl	C	9
PSM812_2_20949	Carbamidomethyl	C	9
PSM812_2_2095	Carbamidomethyl	C	6
PSM812_2_2095	Carbamidomethyl	C	18
PSM812_2_20950	Carbamidomethyl	C	9
PSM812_2_20955	Carbamidomethyl	C	16
PSM812_2_20956	Carbamidomethyl	C	16
PSM812_2_20957	Carbamidomethyl	C	17
PSM812_2_20957	Carbamidomethyl	C	27
PSM812_2_2096	Carbamidomethyl	C	6
PSM812_2_2096	Carbamidomethyl	C	18
PSM812_2_2097	Carbamidomethyl	C	6
PSM812_2_2097	Carbamidomethyl	C	18
PSM812_2_20976	Carbamidomethyl	C	22
PSM812_2_20977	Carbamidomethyl	C	22
PSM812_2_2098	Carbamidomethyl	C	6
PSM812_2_2098	Carbamidomethyl	C	18
PSM812_2_20989	Carbamidomethyl	C	5
PSM812_2_2099	Carbamidomethyl	C	24
PSM812_2_20990	Carbamidomethyl	C	5
PSM812_2_20991	Carbamidomethyl	C	5
PSM812_2_20992	Carbamidomethyl	C	5
PSM812_2_21014	Carbamidomethyl	C	29
PSM812_2_21015	Carbamidomethyl	C	29
PSM812_2_21016	Carbamidomethyl	C	29
PSM812_2_21017	Carbamidomethyl	C	29
PSM812_2_21018	Carbamidomethyl	C	29
PSM812_2_21019	Carbamidomethyl	C	29
PSM812_2_21021	Oxidation	M	1
PSM812_2_21022	Oxidation	M	1
PSM812_2_21045	Carbamidomethyl	C	2
PSM812_2_21046	Carbamidomethyl	C	2
PSM812_2_21083	Carbamidomethyl	C	5
PSM812_2_21084	Carbamidomethyl	C	5
PSM812_2_21085	Carbamidomethyl	C	5
PSM812_2_21093	Carbamidomethyl	C	2
PSM812_2_21094	Carbamidomethyl	C	7
PSM812_2_21094	Carbamidomethyl	C	26
PSM812_2_21095	Carbamidomethyl	C	7
PSM812_2_21095	Carbamidomethyl	C	26
PSM812_2_21096	Carbamidomethyl	C	7
PSM812_2_21096	Carbamidomethyl	C	26
PSM812_2_21097	Carbamidomethyl	C	7
PSM812_2_21097	Carbamidomethyl	C	26
PSM812_2_21098	Carbamidomethyl	C	7
PSM812_2_21098	Carbamidomethyl	C	26
PSM812_2_21099	Carbamidomethyl	C	7
PSM812_2_21099	Carbamidomethyl	C	26
PSM812_2_21121	Carbamidomethyl	C	20
PSM812_2_21121	Carbamidomethyl	C	25
PSM812_2_21122	Carbamidomethyl	C	20
PSM812_2_21122	Carbamidomethyl	C	25
PSM812_2_21123	Carbamidomethyl	C	20
PSM812_2_21123	Carbamidomethyl	C	25
PSM812_2_21124	Carbamidomethyl	C	20
PSM812_2_21124	Carbamidomethyl	C	25
PSM812_2_21125	Carbamidomethyl	C	20
PSM812_2_21125	Carbamidomethyl	C	25
PSM812_2_21155	Carbamidomethyl	C	14
PSM812_2_21156	Carbamidomethyl	C	14
PSM812_2_21162	Carbamidomethyl	C	13
PSM812_2_21163	Carbamidomethyl	C	13
PSM812_2_21164	Carbamidomethyl	C	13
PSM812_2_21165	Carbamidomethyl	C	13
PSM812_2_21166	Carbamidomethyl	C	13
PSM812_2_21167	Carbamidomethyl	C	13
PSM812_2_21168	Carbamidomethyl	C	13
PSM812_2_21169	Carbamidomethyl	C	13
PSM812_2_21170	Carbamidomethyl	C	13
PSM812_2_21175	Carbamidomethyl	C	32
PSM812_2_21176	Carbamidomethyl	C	32
PSM812_2_21177	Carbamidomethyl	C	32
PSM812_2_21178	Carbamidomethyl	C	32
PSM812_2_21189	Carbamidomethyl	C	17
PSM812_2_2119	Carbamidomethyl	C	15
PSM812_2_21190	Carbamidomethyl	C	17
PSM812_2_21191	Carbamidomethyl	C	17
PSM812_2_2120	Carbamidomethyl	C	15
PSM812_2_2121	Carbamidomethyl	C	15
PSM812_2_2122	Carbamidomethyl	C	15
PSM812_2_21221	Carbamidomethyl	C	2
PSM812_2_21221	Oxidation	M	7
PSM812_2_21225	Carbamidomethyl	C	14
PSM812_2_21226	Carbamidomethyl	C	14
PSM812_2_21227	Carbamidomethyl	C	14
PSM812_2_2123	Carbamidomethyl	C	15
PSM812_2_21236	Carbamidomethyl	C	28
PSM812_2_21237	Carbamidomethyl	C	28
PSM812_2_21238	Carbamidomethyl	C	28
PSM812_2_21239	Carbamidomethyl	C	28
PSM812_2_21240	Carbamidomethyl	C	28
PSM812_2_21251	Carbamidomethyl	C	4
PSM812_2_21252	Carbamidomethyl	C	4
PSM812_2_21253	Carbamidomethyl	C	4
PSM812_2_21281	Gln->pyro-Glu	N-term	
PSM812_2_21281	Carbamidomethyl	C	13
PSM812_2_21281	Carbamidomethyl	C	20
PSM812_2_21297	Gln->pyro-Glu	N-term	
PSM812_2_21298	Gln->pyro-Glu	N-term	
PSM812_2_21299	Gln->pyro-Glu	N-term	
PSM812_2_21300	Gln->pyro-Glu	N-term	
PSM812_2_21303	Carbamidomethyl	C	8
PSM812_2_21303	Carbamidomethyl	C	19
PSM812_2_21304	Carbamidomethyl	C	8
PSM812_2_21304	Carbamidomethyl	C	19
PSM812_2_21307	Carbamidomethyl	C	17
PSM812_2_21308	Carbamidomethyl	C	17
PSM812_2_21309	Carbamidomethyl	C	17
PSM812_2_2131	Carbamidomethyl	C	11
PSM812_2_21310	Carbamidomethyl	C	17
PSM812_2_21311	Carbamidomethyl	C	17
PSM812_2_21312	Carbamidomethyl	C	17
PSM812_2_21313	Carbamidomethyl	C	17
PSM812_2_21314	Carbamidomethyl	C	17
PSM812_2_21318	Carbamidomethyl	C	13
PSM812_2_21319	Carbamidomethyl	C	13
PSM812_2_2132	Carbamidomethyl	C	11
PSM812_2_21320	Carbamidomethyl	C	13
PSM812_2_21321	Carbamidomethyl	C	13
PSM812_2_21322	Carbamidomethyl	C	13
PSM812_2_21323	Carbamidomethyl	C	13
PSM812_2_21324	Carbamidomethyl	C	13
PSM812_2_21325	Carbamidomethyl	C	3
PSM812_2_21325	Carbamidomethyl	C	13
PSM812_2_21326	Carbamidomethyl	C	3
PSM812_2_21326	Carbamidomethyl	C	13
PSM812_2_21327	Carbamidomethyl	C	3
PSM812_2_21327	Carbamidomethyl	C	13
PSM812_2_2133	Carbamidomethyl	C	11
PSM812_2_21337	Carbamidomethyl	C	25
PSM812_2_21338	Carbamidomethyl	C	25
PSM812_2_21339	Carbamidomethyl	C	25
PSM812_2_2134	Carbamidomethyl	C	11
PSM812_2_21340	Carbamidomethyl	C	25
PSM812_2_21341	Carbamidomethyl	C	25
PSM812_2_21342	Carbamidomethyl	C	25
PSM812_2_21343	Carbamidomethyl	C	25
PSM812_2_2135	Carbamidomethyl	C	11
PSM812_2_2136	Carbamidomethyl	C	11
PSM812_2_2137	Carbamidomethyl	C	11
PSM812_2_21382	Carbamidomethyl	C	18
PSM812_2_21383	Carbamidomethyl	C	18
PSM812_2_21384	Carbamidomethyl	C	18
PSM812_2_21385	Carbamidomethyl	C	18
PSM812_2_21386	Carbamidomethyl	C	4
PSM812_2_21387	Carbamidomethyl	C	4
PSM812_2_21388	Carbamidomethyl	C	4
PSM812_2_21407	Oxidation	M	19
PSM812_2_21408	Oxidation	M	19
PSM812_2_21409	Carbamidomethyl	C	5
PSM812_2_21410	Carbamidomethyl	C	5
PSM812_2_21412	Carbamidomethyl	C	19
PSM812_2_21413	Carbamidomethyl	C	19
PSM812_2_21414	Carbamidomethyl	C	19
PSM812_2_21415	Carbamidomethyl	C	5
PSM812_2_21416	Carbamidomethyl	C	5
PSM812_2_21417	Carbamidomethyl	C	5
PSM812_2_21418	Carbamidomethyl	C	5
PSM812_2_21419	Carbamidomethyl	C	5
PSM812_2_21420	Carbamidomethyl	C	5
PSM812_2_21421	Carbamidomethyl	C	5
PSM812_2_21422	Carbamidomethyl	C	5
PSM812_2_21423	Carbamidomethyl	C	5
PSM812_2_21424	Carbamidomethyl	C	5
PSM812_2_21425	Carbamidomethyl	C	5
PSM812_2_21429	Acetyl	N-term	
PSM812_2_21430	Gln->pyro-Glu	N-term	
PSM812_2_21430	Carbamidomethyl	C	5
PSM812_2_21431	Gln->pyro-Glu	N-term	
PSM812_2_21431	Carbamidomethyl	C	5
PSM812_2_21432	Gln->pyro-Glu	N-term	
PSM812_2_21432	Carbamidomethyl	C	5
PSM812_2_21433	Gln->pyro-Glu	N-term	
PSM812_2_21433	Carbamidomethyl	C	5
PSM812_2_21434	Gln->pyro-Glu	N-term	
PSM812_2_21434	Carbamidomethyl	C	5
PSM812_2_21435	Carbamidomethyl	C	10
PSM812_2_21435	Carbamidomethyl	C	36
PSM812_2_21436	Carbamidomethyl	C	10
PSM812_2_21436	Carbamidomethyl	C	36
PSM812_2_21437	Carbamidomethyl	C	10
PSM812_2_21437	Carbamidomethyl	C	36
PSM812_2_21438	Carbamidomethyl	C	10
PSM812_2_21438	Carbamidomethyl	C	36
PSM812_2_21439	Carbamidomethyl	C	10
PSM812_2_21439	Carbamidomethyl	C	36
PSM812_2_21440	Carbamidomethyl	C	10
PSM812_2_21440	Carbamidomethyl	C	36
PSM812_2_21441	Carbamidomethyl	C	10
PSM812_2_21441	Carbamidomethyl	C	36
PSM812_2_21442	Carbamidomethyl	C	10
PSM812_2_21442	Carbamidomethyl	C	36
PSM812_2_21443	Carbamidomethyl	C	10
PSM812_2_21443	Carbamidomethyl	C	36
PSM812_2_21444	Carbamidomethyl	C	10
PSM812_2_21444	Carbamidomethyl	C	36
PSM812_2_21445	Carbamidomethyl	C	10
PSM812_2_21445	Carbamidomethyl	C	36
PSM812_2_21446	Carbamidomethyl	C	10
PSM812_2_21446	Carbamidomethyl	C	36
PSM812_2_21447	Carbamidomethyl	C	10
PSM812_2_21447	Carbamidomethyl	C	36
PSM812_2_21448	Carbamidomethyl	C	10
PSM812_2_21448	Carbamidomethyl	C	36
PSM812_2_21449	Carbamidomethyl	C	10
PSM812_2_21449	Carbamidomethyl	C	36
PSM812_2_21450	Carbamidomethyl	C	10
PSM812_2_21450	Carbamidomethyl	C	36
PSM812_2_21451	Carbamidomethyl	C	10
PSM812_2_21451	Carbamidomethyl	C	36
PSM812_2_21452	Carbamidomethyl	C	10
PSM812_2_21452	Carbamidomethyl	C	36
PSM812_2_21453	Carbamidomethyl	C	10
PSM812_2_21453	Carbamidomethyl	C	36
PSM812_2_21457	Ammonia-loss	N-term	
PSM812_2_21457	Carbamidomethyl	C	1
PSM812_2_21458	Gln->pyro-Glu	N-term	
PSM812_2_21459	Oxidation	M	9
PSM812_2_21460	Oxidation	M	9
PSM812_2_21462	Carbamidomethyl	C	1
PSM812_2_21462	Carbamidomethyl	C	2
PSM812_2_21462	Carbamidomethyl	C	10
PSM812_2_21463	Carbamidomethyl	C	1
PSM812_2_21463	Carbamidomethyl	C	2
PSM812_2_21463	Carbamidomethyl	C	10
PSM812_2_21464	Carbamidomethyl	C	1
PSM812_2_21464	Carbamidomethyl	C	2
PSM812_2_21464	Carbamidomethyl	C	10
PSM812_2_21465	Carbamidomethyl	C	1
PSM812_2_21465	Carbamidomethyl	C	2
PSM812_2_21465	Carbamidomethyl	C	10
PSM812_2_21466	Carbamidomethyl	C	1
PSM812_2_21466	Carbamidomethyl	C	2
PSM812_2_21466	Carbamidomethyl	C	10
PSM812_2_21467	Carbamidomethyl	C	1
PSM812_2_21467	Carbamidomethyl	C	2
PSM812_2_21467	Carbamidomethyl	C	10
PSM812_2_21468	Carbamidomethyl	C	1
PSM812_2_21468	Carbamidomethyl	C	2
PSM812_2_21468	Carbamidomethyl	C	10
PSM812_2_21469	Carbamidomethyl	C	8
PSM812_2_21470	Carbamidomethyl	C	8
PSM812_2_21474	Carbamidomethyl	C	3
PSM812_2_21474	Carbamidomethyl	C	12
PSM812_2_21479	Carbamidomethyl	C	9
PSM812_2_21479	Carbamidomethyl	C	11
PSM812_2_21481	Carbamidomethyl	C	1
PSM812_2_21487	Carbamidomethyl	C	23
PSM812_2_21488	Carbamidomethyl	C	23
PSM812_2_21506	Carbamidomethyl	C	6
PSM812_2_21507	Carbamidomethyl	C	6
PSM812_2_21508	Carbamidomethyl	C	6
PSM812_2_21509	Carbamidomethyl	C	6
PSM812_2_21510	Carbamidomethyl	C	9
PSM812_2_21511	Carbamidomethyl	C	9
PSM812_2_21512	Carbamidomethyl	C	9
PSM812_2_21513	Carbamidomethyl	C	9
PSM812_2_21514	Carbamidomethyl	C	9
PSM812_2_21529	Carbamidomethyl	C	13
PSM812_2_21530	Carbamidomethyl	C	13
PSM812_2_21531	Carbamidomethyl	C	13
PSM812_2_21537	Carbamidomethyl	C	15
PSM812_2_21538	Carbamidomethyl	C	15
PSM812_2_2154	Carbamidomethyl	C	15
PSM812_2_21548	Carbamidomethyl	C	9
PSM812_2_21549	Carbamidomethyl	C	9
PSM812_2_2155	Carbamidomethyl	C	15
PSM812_2_21550	Carbamidomethyl	C	9
PSM812_2_21551	Carbamidomethyl	C	9
PSM812_2_21558	Carbamidomethyl	C	11
PSM812_2_21559	Carbamidomethyl	C	11
PSM812_2_2156	Carbamidomethyl	C	15
PSM812_2_21563	Carbamidomethyl	C	13
PSM812_2_21564	Carbamidomethyl	C	13
PSM812_2_21567	Carbamidomethyl	C	11
PSM812_2_21568	Carbamidomethyl	C	11
PSM812_2_21569	Gln->pyro-Glu	N-term	
PSM812_2_21569	Carbamidomethyl	C	8
PSM812_2_2157	Carbamidomethyl	C	15
PSM812_2_21570	Gln->pyro-Glu	N-term	
PSM812_2_21570	Carbamidomethyl	C	8
PSM812_2_21571	Gln->pyro-Glu	N-term	
PSM812_2_21571	Carbamidomethyl	C	8
PSM812_2_21572	Gln->pyro-Glu	N-term	
PSM812_2_21572	Carbamidomethyl	C	8
PSM812_2_21573	Acetyl	N-term	
PSM812_2_21574	Acetyl	N-term	
PSM812_2_21577	Carbamidomethyl	C	7
PSM812_2_21577	Carbamidomethyl	C	12
PSM812_2_21578	Carbamidomethyl	C	7
PSM812_2_21578	Carbamidomethyl	C	12
PSM812_2_2158	Carbamidomethyl	C	15
PSM812_2_2159	Carbamidomethyl	C	15
PSM812_2_2160	Carbamidomethyl	C	15
PSM812_2_2161	Carbamidomethyl	C	15
PSM812_2_2162	Carbamidomethyl	C	15
PSM812_2_21625	Carbamidomethyl	C	9
PSM812_2_21626	Carbamidomethyl	C	9
PSM812_2_21627	Carbamidomethyl	C	9
PSM812_2_21628	Carbamidomethyl	C	9
PSM812_2_2163	Carbamidomethyl	C	15
PSM812_2_2164	Carbamidomethyl	C	15
PSM812_2_21646	Carbamidomethyl	C	6
PSM812_2_21647	Carbamidomethyl	C	6
PSM812_2_21648	Carbamidomethyl	C	9
PSM812_2_21649	Carbamidomethyl	C	9
PSM812_2_2165	Carbamidomethyl	C	15
PSM812_2_2166	Carbamidomethyl	C	15
PSM812_2_2167	Carbamidomethyl	C	15
PSM812_2_21681	Carbamidomethyl	C	6
PSM812_2_21682	Carbamidomethyl	C	6
PSM812_2_21683	Carbamidomethyl	C	6
PSM812_2_21684	Carbamidomethyl	C	6
PSM812_2_21685	Carbamidomethyl	C	6
PSM812_2_21688	Carbamidomethyl	C	4
PSM812_2_21691	Carbamidomethyl	C	9
PSM812_2_21692	Carbamidomethyl	C	9
PSM812_2_21693	Carbamidomethyl	C	9
PSM812_2_21694	Carbamidomethyl	C	9
PSM812_2_21702	Carbamidomethyl	C	1
PSM812_2_21703	Carbamidomethyl	C	1
PSM812_2_21704	Carbamidomethyl	C	1
PSM812_2_21705	Carbamidomethyl	C	1
PSM812_2_21726	Carbamidomethyl	C	1
PSM812_2_21726	Carbamidomethyl	C	2
PSM812_2_21726	Carbamidomethyl	C	6
PSM812_2_21727	Carbamidomethyl	C	1
PSM812_2_21727	Carbamidomethyl	C	2
PSM812_2_21727	Carbamidomethyl	C	6
PSM812_2_21728	Carbamidomethyl	C	1
PSM812_2_21728	Carbamidomethyl	C	2
PSM812_2_21728	Carbamidomethyl	C	6
PSM812_2_21729	Carbamidomethyl	C	1
PSM812_2_21729	Carbamidomethyl	C	2
PSM812_2_21729	Carbamidomethyl	C	6
PSM812_2_21730	Carbamidomethyl	C	1
PSM812_2_21730	Carbamidomethyl	C	2
PSM812_2_21730	Carbamidomethyl	C	6
PSM812_2_2176	Carbamidomethyl	C	10
PSM812_2_2176	Carbamidomethyl	C	26
PSM812_2_2177	Carbamidomethyl	C	10
PSM812_2_2177	Carbamidomethyl	C	26
PSM812_2_2178	Carbamidomethyl	C	10
PSM812_2_2178	Carbamidomethyl	C	26
PSM812_2_2179	Carbamidomethyl	C	10
PSM812_2_2179	Carbamidomethyl	C	26
PSM812_2_21823	Carbamidomethyl	C	8
PSM812_2_21829	Carbamidomethyl	C	4
PSM812_2_21830	Carbamidomethyl	C	4
PSM812_2_21831	Carbamidomethyl	C	4
PSM812_2_21832	Carbamidomethyl	C	4
PSM812_2_21844	Carbamidomethyl	C	8
PSM812_2_21845	Carbamidomethyl	C	8
PSM812_2_21846	Carbamidomethyl	C	8
PSM812_2_21847	Carbamidomethyl	C	8
PSM812_2_21848	Carbamidomethyl	C	8
PSM812_2_21849	Carbamidomethyl	C	8
PSM812_2_21850	Carbamidomethyl	C	8
PSM812_2_21859	Carbamidomethyl	C	2
PSM812_2_21859	Carbamidomethyl	C	5
PSM812_2_21865	Carbamidomethyl	C	9
PSM812_2_21867	Carbamidomethyl	C	1
PSM812_2_21867	Carbamidomethyl	C	18
PSM812_2_21886	Carbamidomethyl	C	3
PSM812_2_21887	Carbamidomethyl	C	3
PSM812_2_21888	Carbamidomethyl	C	3
PSM812_2_21908	Carbamidomethyl	C	3
PSM812_2_21908	Carbamidomethyl	C	6
PSM812_2_21909	Carbamidomethyl	C	3
PSM812_2_21909	Carbamidomethyl	C	6
PSM812_2_21910	Carbamidomethyl	C	3
PSM812_2_21910	Carbamidomethyl	C	6
PSM812_2_21911	Carbamidomethyl	C	12
PSM812_2_21911	Carbamidomethyl	C	13
PSM812_2_21912	Carbamidomethyl	C	12
PSM812_2_21912	Carbamidomethyl	C	13
PSM812_2_21913	Carbamidomethyl	C	12
PSM812_2_21913	Carbamidomethyl	C	13
PSM812_2_21914	Carbamidomethyl	C	12
PSM812_2_21914	Carbamidomethyl	C	13
PSM812_2_21915	Carbamidomethyl	C	12
PSM812_2_21915	Carbamidomethyl	C	13
PSM812_2_21916	Carbamidomethyl	C	12
PSM812_2_21916	Carbamidomethyl	C	13
PSM812_2_21917	Carbamidomethyl	C	12
PSM812_2_21917	Carbamidomethyl	C	13
PSM812_2_21918	Carbamidomethyl	C	12
PSM812_2_21918	Carbamidomethyl	C	13
PSM812_2_21919	Carbamidomethyl	C	12
PSM812_2_21919	Carbamidomethyl	C	13
PSM812_2_21920	Carbamidomethyl	C	12
PSM812_2_21920	Carbamidomethyl	C	13
PSM812_2_21921	Carbamidomethyl	C	12
PSM812_2_21921	Carbamidomethyl	C	13
PSM812_2_21922	Carbamidomethyl	C	12
PSM812_2_21922	Carbamidomethyl	C	13
PSM812_2_21928	Carbamidomethyl	C	9
PSM812_2_21929	Carbamidomethyl	C	9
PSM812_2_2193	Carbamidomethyl	C	16
PSM812_2_21934	Carbamidomethyl	C	6
PSM812_2_21934	Carbamidomethyl	C	9
PSM812_2_21948	Carbamidomethyl	C	8
PSM812_2_21948	Carbamidomethyl	C	16
PSM812_2_21949	Carbamidomethyl	C	6
PSM812_2_21950	Carbamidomethyl	C	6
PSM812_2_21951	Carbamidomethyl	C	6
PSM812_2_21952	Carbamidomethyl	C	6
PSM812_2_21953	Carbamidomethyl	C	6
PSM812_2_21963	Carbamidomethyl	C	5
PSM812_2_21963	Carbamidomethyl	C	12
PSM812_2_21964	Carbamidomethyl	C	5
PSM812_2_21964	Carbamidomethyl	C	12
PSM812_2_21965	Carbamidomethyl	C	5
PSM812_2_21965	Carbamidomethyl	C	12
PSM812_2_21966	Carbamidomethyl	C	5
PSM812_2_21966	Carbamidomethyl	C	12
PSM812_2_21967	Carbamidomethyl	C	5
PSM812_2_21967	Carbamidomethyl	C	12
PSM812_2_21974	Carbamidomethyl	C	1
PSM812_2_21975	Carbamidomethyl	C	1
PSM812_2_21981	Carbamidomethyl	C	5
PSM812_2_21984	Carbamidomethyl	C	2
PSM812_2_21985	Carbamidomethyl	C	2
PSM812_2_22006	Carbamidomethyl	C	2
PSM812_2_22007	Carbamidomethyl	C	2
PSM812_2_22008	Carbamidomethyl	C	2
PSM812_2_22009	Carbamidomethyl	C	2
PSM812_2_2201	Acetyl	N-term	
PSM812_2_22010	Carbamidomethyl	C	2
PSM812_2_22011	Carbamidomethyl	C	2
PSM812_2_2202	Acetyl	N-term	
PSM812_2_22028	Carbamidomethyl	C	8
PSM812_2_22029	Carbamidomethyl	C	8
PSM812_2_2203	Acetyl	N-term	
PSM812_2_22030	Carbamidomethyl	C	8
PSM812_2_22033	Carbamidomethyl	C	5
PSM812_2_22034	Carbamidomethyl	C	5
PSM812_2_22035	Carbamidomethyl	C	5
PSM812_2_22036	Carbamidomethyl	C	10
PSM812_2_22037	Carbamidomethyl	C	10
PSM812_2_22038	Carbamidomethyl	C	10
PSM812_2_22039	Carbamidomethyl	C	10
PSM812_2_22040	Carbamidomethyl	C	10
PSM812_2_22041	Carbamidomethyl	C	10
PSM812_2_22042	Carbamidomethyl	C	10
PSM812_2_22043	Carbamidomethyl	C	10
PSM812_2_22068	Carbamidomethyl	C	8
PSM812_2_22068	Carbamidomethyl	C	9
PSM812_2_22068	Carbamidomethyl	C	16
PSM812_2_22069	Carbamidomethyl	C	8
PSM812_2_22069	Carbamidomethyl	C	9
PSM812_2_22069	Carbamidomethyl	C	16
PSM812_2_22070	Carbamidomethyl	C	8
PSM812_2_22070	Carbamidomethyl	C	9
PSM812_2_22070	Carbamidomethyl	C	16
PSM812_2_22071	Carbamidomethyl	C	8
PSM812_2_22071	Carbamidomethyl	C	9
PSM812_2_22071	Carbamidomethyl	C	16
PSM812_2_22072	Carbamidomethyl	C	8
PSM812_2_22072	Carbamidomethyl	C	9
PSM812_2_22072	Carbamidomethyl	C	16
PSM812_2_22074	Carbamidomethyl	C	9
PSM812_2_22075	Carbamidomethyl	C	9
PSM812_2_22076	Carbamidomethyl	C	9
PSM812_2_22077	Carbamidomethyl	C	9
PSM812_2_22078	Carbamidomethyl	C	9
PSM812_2_22079	Carbamidomethyl	C	9
PSM812_2_22087	Carbamidomethyl	C	6
PSM812_2_22088	Carbamidomethyl	C	6
PSM812_2_22093	Carbamidomethyl	C	3
PSM812_2_22093	Carbamidomethyl	C	6
PSM812_2_22094	Carbamidomethyl	C	3
PSM812_2_22094	Carbamidomethyl	C	6
PSM812_2_22095	Carbamidomethyl	C	3
PSM812_2_22095	Carbamidomethyl	C	6
PSM812_2_22096	Carbamidomethyl	C	3
PSM812_2_22096	Carbamidomethyl	C	6
PSM812_2_22097	Carbamidomethyl	C	3
PSM812_2_22097	Carbamidomethyl	C	6
PSM812_2_22110	Carbamidomethyl	C	10
PSM812_2_22111	Carbamidomethyl	C	10
PSM812_2_22112	Carbamidomethyl	C	10
PSM812_2_22113	Carbamidomethyl	C	10
PSM812_2_22114	Carbamidomethyl	C	10
PSM812_2_22115	Carbamidomethyl	C	10
PSM812_2_22116	Carbamidomethyl	C	10
PSM812_2_22117	Carbamidomethyl	C	10
PSM812_2_22135	Carbamidomethyl	C	6
PSM812_2_22136	Carbamidomethyl	C	6
PSM812_2_22138	Carbamidomethyl	C	2
PSM812_2_22139	Carbamidomethyl	C	7
PSM812_2_22140	Carbamidomethyl	C	7
PSM812_2_22141	Carbamidomethyl	C	7
PSM812_2_22142	Carbamidomethyl	C	1
PSM812_2_22142	Carbamidomethyl	C	6
PSM812_2_22143	Carbamidomethyl	C	1
PSM812_2_22143	Carbamidomethyl	C	6
PSM812_2_22144	Carbamidomethyl	C	1
PSM812_2_22144	Carbamidomethyl	C	6
PSM812_2_22162	Carbamidomethyl	C	7
PSM812_2_22162	Carbamidomethyl	C	10
PSM812_2_22162	Carbamidomethyl	C	17
PSM812_2_22162	Carbamidomethyl	C	21
PSM812_2_22163	Carbamidomethyl	C	7
PSM812_2_22163	Carbamidomethyl	C	10
PSM812_2_22163	Carbamidomethyl	C	17
PSM812_2_22163	Carbamidomethyl	C	21
PSM812_2_22164	Carbamidomethyl	C	2
PSM812_2_22164	Carbamidomethyl	C	3
PSM812_2_22165	Carbamidomethyl	C	2
PSM812_2_22165	Carbamidomethyl	C	3
PSM812_2_22166	Carbamidomethyl	C	2
PSM812_2_22166	Carbamidomethyl	C	3
PSM812_2_22192	Carbamidomethyl	C	20
PSM812_2_22193	Carbamidomethyl	C	20
PSM812_2_22209	Carbamidomethyl	C	6
PSM812_2_22214	Carbamidomethyl	C	2
PSM812_2_22215	Carbamidomethyl	C	10
PSM812_2_22216	Carbamidomethyl	C	10
PSM812_2_22217	Carbamidomethyl	C	10
PSM812_2_22218	Carbamidomethyl	C	10
PSM812_2_22219	Carbamidomethyl	C	10
PSM812_2_22220	Carbamidomethyl	C	10
PSM812_2_22221	Carbamidomethyl	C	10
PSM812_2_22222	Carbamidomethyl	C	10
PSM812_2_22223	Carbamidomethyl	C	10
PSM812_2_22224	Carbamidomethyl	C	10
PSM812_2_22225	Carbamidomethyl	C	10
PSM812_2_22226	Carbamidomethyl	C	10
PSM812_2_22227	Carbamidomethyl	C	10
PSM812_2_22228	Carbamidomethyl	C	10
PSM812_2_22229	Carbamidomethyl	C	14
PSM812_2_22230	Carbamidomethyl	C	14
PSM812_2_22231	Carbamidomethyl	C	14
PSM812_2_22232	Carbamidomethyl	C	14
PSM812_2_22233	Carbamidomethyl	C	14
PSM812_2_22241	Carbamidomethyl	C	7
PSM812_2_22242	Carbamidomethyl	C	7
PSM812_2_22243	Carbamidomethyl	C	7
PSM812_2_22244	Carbamidomethyl	C	8
PSM812_2_22246	Gln->pyro-Glu	N-term	
PSM812_2_22247	Gln->pyro-Glu	N-term	
PSM812_2_22248	Gln->pyro-Glu	N-term	
PSM812_2_22249	Gln->pyro-Glu	N-term	
PSM812_2_22250	Gln->pyro-Glu	N-term	
PSM812_2_22251	Carbamidomethyl	C	15
PSM812_2_22254	Ammonia-loss	N-term	
PSM812_2_22254	Carbamidomethyl	C	1
PSM812_2_22255	Gln->pyro-Glu	N-term	
PSM812_2_22256	Gln->pyro-Glu	N-term	
PSM812_2_22257	Gln->pyro-Glu	N-term	
PSM812_2_22258	Gln->pyro-Glu	N-term	
PSM812_2_22258	Carbamidomethyl	C	5
PSM812_2_22258	Carbamidomethyl	C	11
PSM812_2_22259	Gln->pyro-Glu	N-term	
PSM812_2_22259	Carbamidomethyl	C	5
PSM812_2_22259	Carbamidomethyl	C	11
PSM812_2_22264	Ammonia-loss	N-term	
PSM812_2_22264	Carbamidomethyl	C	1
PSM812_2_22265	Ammonia-loss	N-term	
PSM812_2_22265	Carbamidomethyl	C	1
PSM812_2_22266	Ammonia-loss	N-term	
PSM812_2_22266	Carbamidomethyl	C	1
PSM812_2_22267	Ammonia-loss	N-term	
PSM812_2_22267	Carbamidomethyl	C	1
PSM812_2_22268	Acetyl	N-term	
PSM812_2_22268	Carbamidomethyl	C	12
PSM812_2_22269	Acetyl	N-term	
PSM812_2_22269	Carbamidomethyl	C	12
PSM812_2_22270	Ammonia-loss	N-term	
PSM812_2_22270	Carbamidomethyl	C	1
PSM812_2_22271	Ammonia-loss	N-term	
PSM812_2_22271	Carbamidomethyl	C	1
PSM812_2_22272	Ammonia-loss	N-term	
PSM812_2_22272	Carbamidomethyl	C	1
PSM812_2_22273	Ammonia-loss	N-term	
PSM812_2_22273	Carbamidomethyl	C	1
PSM812_2_22274	Ammonia-loss	N-term	
PSM812_2_22274	Carbamidomethyl	C	1
PSM812_2_22276	Gln->pyro-Glu	N-term	
PSM812_2_22290	Carbamidomethyl	C	4
PSM812_2_22291	Carbamidomethyl	C	4
PSM812_2_22292	Carbamidomethyl	C	4
PSM812_2_22294	Carbamidomethyl	C	17
PSM812_2_22295	Carbamidomethyl	C	17
PSM812_2_22296	Carbamidomethyl	C	17
PSM812_2_22308	Carbamidomethyl	C	8
PSM812_2_22309	Carbamidomethyl	C	8
PSM812_2_22310	Carbamidomethyl	C	8
PSM812_2_22311	Carbamidomethyl	C	14
PSM812_2_22312	Carbamidomethyl	C	14
PSM812_2_22313	Carbamidomethyl	C	13
PSM812_2_22314	Carbamidomethyl	C	13
PSM812_2_22315	Carbamidomethyl	C	13
PSM812_2_22316	Carbamidomethyl	C	13
PSM812_2_22317	Carbamidomethyl	C	13
PSM812_2_22318	Carbamidomethyl	C	13
PSM812_2_22319	Carbamidomethyl	C	13
PSM812_2_22320	Carbamidomethyl	C	13
PSM812_2_22330	Carbamidomethyl	C	17
PSM812_2_22331	Carbamidomethyl	C	17
PSM812_2_22332	Carbamidomethyl	C	17
PSM812_2_22333	Carbamidomethyl	C	17
PSM812_2_22334	Carbamidomethyl	C	17
PSM812_2_22343	Carbamidomethyl	C	11
PSM812_2_22344	Carbamidomethyl	C	11
PSM812_2_22345	Carbamidomethyl	C	11
PSM812_2_22346	Carbamidomethyl	C	11
PSM812_2_22347	Carbamidomethyl	C	11
PSM812_2_22348	Carbamidomethyl	C	11
PSM812_2_22349	Carbamidomethyl	C	11
PSM812_2_22350	Carbamidomethyl	C	11
PSM812_2_22351	Carbamidomethyl	C	11
PSM812_2_22352	Carbamidomethyl	C	11
PSM812_2_22365	Carbamidomethyl	C	1
PSM812_2_22366	Carbamidomethyl	C	1
PSM812_2_22367	Carbamidomethyl	C	1
PSM812_2_22368	Carbamidomethyl	C	20
PSM812_2_22369	Carbamidomethyl	C	20
PSM812_2_22407	Carbamidomethyl	C	16
PSM812_2_22408	Carbamidomethyl	C	16
PSM812_2_22409	Carbamidomethyl	C	16
PSM812_2_22410	Carbamidomethyl	C	16
PSM812_2_22411	Carbamidomethyl	C	12
PSM812_2_22412	Carbamidomethyl	C	12
PSM812_2_22413	Carbamidomethyl	C	8
PSM812_2_22414	Carbamidomethyl	C	8
PSM812_2_22415	Carbamidomethyl	C	8
PSM812_2_22424	Carbamidomethyl	C	25
PSM812_2_22425	Carbamidomethyl	C	25
PSM812_2_22426	Carbamidomethyl	C	25
PSM812_2_22427	Carbamidomethyl	C	25
PSM812_2_22445	Carbamidomethyl	C	9
PSM812_2_22446	Carbamidomethyl	C	9
PSM812_2_22472	Carbamidomethyl	C	5
PSM812_2_22473	Carbamidomethyl	C	5
PSM812_2_22483	Carbamidomethyl	C	20
PSM812_2_22484	Carbamidomethyl	C	20
PSM812_2_22485	Carbamidomethyl	C	20
PSM812_2_22506	Carbamidomethyl	C	16
PSM812_2_22507	Carbamidomethyl	C	16
PSM812_2_22517	Carbamidomethyl	C	6
PSM812_2_22526	Carbamidomethyl	C	13
PSM812_2_22527	Carbamidomethyl	C	13
PSM812_2_22580	Carbamidomethyl	C	9
PSM812_2_22581	Carbamidomethyl	C	9
PSM812_2_22582	Carbamidomethyl	C	9
PSM812_2_22583	Carbamidomethyl	C	9
PSM812_2_22584	Carbamidomethyl	C	9
PSM812_2_22585	Carbamidomethyl	C	9
PSM812_2_22586	Carbamidomethyl	C	9
PSM812_2_22587	Carbamidomethyl	C	9
PSM812_2_22588	Carbamidomethyl	C	3
PSM812_2_22589	Carbamidomethyl	C	3
PSM812_2_22590	Carbamidomethyl	C	3
PSM812_2_22591	Carbamidomethyl	C	4
PSM812_2_22596	Carbamidomethyl	C	12
PSM812_2_22609	Carbamidomethyl	C	5
PSM812_2_22635	Carbamidomethyl	C	1
PSM812_2_22636	Carbamidomethyl	C	1
PSM812_2_22637	Carbamidomethyl	C	1
PSM812_2_22638	Carbamidomethyl	C	4
PSM812_2_22639	Carbamidomethyl	C	4
PSM812_2_22652	Carbamidomethyl	C	2
PSM812_2_22653	Carbamidomethyl	C	2
PSM812_2_22654	Carbamidomethyl	C	2
PSM812_2_22655	Carbamidomethyl	C	2
PSM812_2_22671	Carbamidomethyl	C	5
PSM812_2_22672	Carbamidomethyl	C	5
PSM812_2_2269	Carbamidomethyl	C	1
PSM812_2_2269	Carbamidomethyl	C	20
PSM812_2_22693	Carbamidomethyl	C	33
PSM812_2_22693	Carbamidomethyl	C	35
PSM812_2_22694	Carbamidomethyl	C	33
PSM812_2_22694	Carbamidomethyl	C	35
PSM812_2_22695	Carbamidomethyl	C	33
PSM812_2_22695	Carbamidomethyl	C	35
PSM812_2_22699	Carbamidomethyl	C	8
PSM812_2_22700	Carbamidomethyl	C	8
PSM812_2_22701	Carbamidomethyl	C	8
PSM812_2_22736	Carbamidomethyl	C	4
PSM812_2_22751	Carbamidomethyl	C	11
PSM812_2_22772	Carbamidomethyl	C	12
PSM812_2_22773	Carbamidomethyl	C	12
PSM812_2_22788	Carbamidomethyl	C	6
PSM812_2_22789	Carbamidomethyl	C	6
PSM812_2_22790	Carbamidomethyl	C	6
PSM812_2_22791	Carbamidomethyl	C	6
PSM812_2_22800	Carbamidomethyl	C	6
PSM812_2_22801	Carbamidomethyl	C	6
PSM812_2_22802	Carbamidomethyl	C	6
PSM812_2_22803	Carbamidomethyl	C	6
PSM812_2_22804	Carbamidomethyl	C	6
PSM812_2_22836	Carbamidomethyl	C	9
PSM812_2_22837	Carbamidomethyl	C	9
PSM812_2_22838	Carbamidomethyl	C	9
PSM812_2_22839	Carbamidomethyl	C	9
PSM812_2_2285	Carbamidomethyl	C	3
PSM812_2_2285	Carbamidomethyl	C	6
PSM812_2_2285	Carbamidomethyl	C	12
PSM812_2_2285	Carbamidomethyl	C	13
PSM812_2_22858	Carbamidomethyl	C	3
PSM812_2_2286	Carbamidomethyl	C	3
PSM812_2_2286	Carbamidomethyl	C	6
PSM812_2_2286	Carbamidomethyl	C	12
PSM812_2_2286	Carbamidomethyl	C	13
PSM812_2_2287	Carbamidomethyl	C	3
PSM812_2_2287	Carbamidomethyl	C	6
PSM812_2_2287	Carbamidomethyl	C	12
PSM812_2_2287	Carbamidomethyl	C	13
PSM812_2_2288	Carbamidomethyl	C	3
PSM812_2_2288	Carbamidomethyl	C	6
PSM812_2_2288	Carbamidomethyl	C	12
PSM812_2_2288	Carbamidomethyl	C	13
PSM812_2_22884	Carbamidomethyl	C	4
PSM812_2_22885	Carbamidomethyl	C	16
PSM812_2_22886	Carbamidomethyl	C	16
PSM812_2_22887	Carbamidomethyl	C	16
PSM812_2_22888	Carbamidomethyl	C	16
PSM812_2_22889	Carbamidomethyl	C	14
PSM812_2_2289	Carbamidomethyl	C	3
PSM812_2_2289	Carbamidomethyl	C	6
PSM812_2_2289	Carbamidomethyl	C	12
PSM812_2_2289	Carbamidomethyl	C	13
PSM812_2_22890	Carbamidomethyl	C	14
PSM812_2_22891	Carbamidomethyl	C	14
PSM812_2_22892	Carbamidomethyl	C	14
PSM812_2_2290	Carbamidomethyl	C	3
PSM812_2_2290	Carbamidomethyl	C	6
PSM812_2_2290	Carbamidomethyl	C	12
PSM812_2_2290	Carbamidomethyl	C	13
PSM812_2_22900	Carbamidomethyl	C	2
PSM812_2_22901	Carbamidomethyl	C	2
PSM812_2_22902	Carbamidomethyl	C	2
PSM812_2_22903	Carbamidomethyl	C	2
PSM812_2_22904	Carbamidomethyl	C	2
PSM812_2_22905	Carbamidomethyl	C	2
PSM812_2_22906	Carbamidomethyl	C	2
PSM812_2_22907	Carbamidomethyl	C	2
PSM812_2_22915	Carbamidomethyl	C	21
PSM812_2_22921	Carbamidomethyl	C	5
PSM812_2_22922	Carbamidomethyl	C	5
PSM812_2_22923	Carbamidomethyl	C	5
PSM812_2_22924	Carbamidomethyl	C	10
PSM812_2_22925	Carbamidomethyl	C	10
PSM812_2_22974	Carbamidomethyl	C	8
PSM812_2_22975	Carbamidomethyl	C	8
PSM812_2_22976	Carbamidomethyl	C	8
PSM812_2_22980	Carbamidomethyl	C	30
PSM812_2_22981	Carbamidomethyl	C	30
PSM812_2_22982	Carbamidomethyl	C	9
PSM812_2_22982	Carbamidomethyl	C	17
PSM812_2_22982	Carbamidomethyl	C	33
PSM812_2_22983	Carbamidomethyl	C	9
PSM812_2_22983	Carbamidomethyl	C	17
PSM812_2_22983	Carbamidomethyl	C	33
PSM812_2_22984	Carbamidomethyl	C	9
PSM812_2_22984	Carbamidomethyl	C	17
PSM812_2_22984	Carbamidomethyl	C	33
PSM812_2_23012	Carbamidomethyl	C	27
PSM812_2_23013	Carbamidomethyl	C	27
PSM812_2_23014	Carbamidomethyl	C	27
PSM812_2_23041	Carbamidomethyl	C	6
PSM812_2_23045	Carbamidomethyl	C	11
PSM812_2_23045	Carbamidomethyl	C	14
PSM812_2_23046	Carbamidomethyl	C	11
PSM812_2_23046	Carbamidomethyl	C	14
PSM812_2_23047	Carbamidomethyl	C	11
PSM812_2_23047	Carbamidomethyl	C	14
PSM812_2_23048	Carbamidomethyl	C	12
PSM812_2_23049	Carbamidomethyl	C	12
PSM812_2_23050	Carbamidomethyl	C	12
PSM812_2_23051	Carbamidomethyl	C	12
PSM812_2_23052	Carbamidomethyl	C	12
PSM812_2_23053	Carbamidomethyl	C	8
PSM812_2_23054	Carbamidomethyl	C	8
PSM812_2_23064	Carbamidomethyl	C	1
PSM812_2_23065	Carbamidomethyl	C	1
PSM812_2_23066	Carbamidomethyl	C	8
PSM812_2_23066	Carbamidomethyl	C	12
PSM812_2_23067	Carbamidomethyl	C	23
PSM812_2_23068	Carbamidomethyl	C	23
PSM812_2_23116	Carbamidomethyl	C	25
PSM812_2_23117	Carbamidomethyl	C	25
PSM812_2_23126	Carbamidomethyl	C	5
PSM812_2_23126	Carbamidomethyl	C	6
PSM812_2_23127	Carbamidomethyl	C	5
PSM812_2_23127	Carbamidomethyl	C	6
PSM812_2_23128	Carbamidomethyl	C	5
PSM812_2_23128	Carbamidomethyl	C	6
PSM812_2_23129	Carbamidomethyl	C	5
PSM812_2_23129	Carbamidomethyl	C	6
PSM812_2_23145	Carbamidomethyl	C	6
PSM812_2_23146	Carbamidomethyl	C	6
PSM812_2_23157	Carbamidomethyl	C	2
PSM812_2_23158	Carbamidomethyl	C	2
PSM812_2_23159	Carbamidomethyl	C	2
PSM812_2_23160	Carbamidomethyl	C	2
PSM812_2_23161	Carbamidomethyl	C	2
PSM812_2_23171	Carbamidomethyl	C	2
PSM812_2_23184	Carbamidomethyl	C	15
PSM812_2_23211	Carbamidomethyl	C	1
PSM812_2_23212	Carbamidomethyl	C	1
PSM812_2_23213	Carbamidomethyl	C	1
PSM812_2_23214	Carbamidomethyl	C	1
PSM812_2_23215	Carbamidomethyl	C	1
PSM812_2_23216	Carbamidomethyl	C	1
PSM812_2_23229	Carbamidomethyl	C	1
PSM812_2_23230	Carbamidomethyl	C	1
PSM812_2_23231	Carbamidomethyl	C	1
PSM812_2_23237	Carbamidomethyl	C	17
PSM812_2_23241	Carbamidomethyl	C	3
PSM812_2_23241	Carbamidomethyl	C	9
PSM812_2_23242	Carbamidomethyl	C	3
PSM812_2_23242	Carbamidomethyl	C	9
PSM812_2_23243	Carbamidomethyl	C	3
PSM812_2_23243	Carbamidomethyl	C	9
PSM812_2_23244	Carbamidomethyl	C	3
PSM812_2_23244	Carbamidomethyl	C	9
PSM812_2_23245	Carbamidomethyl	C	3
PSM812_2_23245	Carbamidomethyl	C	9
PSM812_2_23246	Carbamidomethyl	C	15
PSM812_2_23247	Oxidation	M	14
PSM812_2_23248	Oxidation	M	14
PSM812_2_23249	Oxidation	M	14
PSM812_2_23250	Oxidation	M	14
PSM812_2_23251	Oxidation	M	14
PSM812_2_23252	Oxidation	M	14
PSM812_2_23253	Oxidation	M	14
PSM812_2_23254	Oxidation	M	14
PSM812_2_23255	Oxidation	M	14
PSM812_2_23256	Oxidation	M	14
PSM812_2_23260	Carbamidomethyl	C	19
PSM812_2_23261	Carbamidomethyl	C	19
PSM812_2_23266	Carbamidomethyl	C	3
PSM812_2_23283	Gln->pyro-Glu	N-term	
PSM812_2_23284	Gln->pyro-Glu	N-term	
PSM812_2_23285	Gln->pyro-Glu	N-term	
PSM812_2_23286	Gln->pyro-Glu	N-term	
PSM812_2_23287	Gln->pyro-Glu	N-term	
PSM812_2_23294	Gln->pyro-Glu	N-term	
PSM812_2_23294	Carbamidomethyl	C	3
PSM812_2_23295	Gln->pyro-Glu	N-term	
PSM812_2_23295	Carbamidomethyl	C	3
PSM812_2_23296	Gln->pyro-Glu	N-term	
PSM812_2_23296	Carbamidomethyl	C	3
PSM812_2_23297	Gln->pyro-Glu	N-term	
PSM812_2_23297	Carbamidomethyl	C	3
PSM812_2_23298	Gln->pyro-Glu	N-term	
PSM812_2_23298	Carbamidomethyl	C	3
PSM812_2_23299	Gln->pyro-Glu	N-term	
PSM812_2_23299	Carbamidomethyl	C	3
PSM812_2_23300	Gln->pyro-Glu	N-term	
PSM812_2_23300	Carbamidomethyl	C	3
PSM812_2_23301	Gln->pyro-Glu	N-term	
PSM812_2_23301	Carbamidomethyl	C	3
PSM812_2_23302	Gln->pyro-Glu	N-term	
PSM812_2_23302	Carbamidomethyl	C	3
PSM812_2_23303	Carbamidomethyl	C	19
PSM812_2_23304	Carbamidomethyl	C	19
PSM812_2_23305	Carbamidomethyl	C	4
PSM812_2_23306	Carbamidomethyl	C	4
PSM812_2_23307	Carbamidomethyl	C	4
PSM812_2_23308	Carbamidomethyl	C	4
PSM812_2_23309	Carbamidomethyl	C	4
PSM812_2_23310	Carbamidomethyl	C	4
PSM812_2_23311	Carbamidomethyl	C	4
PSM812_2_23312	Acetyl	N-term	
PSM812_2_23313	Acetyl	N-term	
PSM812_2_23314	Acetyl	N-term	
PSM812_2_23315	Carbamidomethyl	C	6
PSM812_2_23316	Acetyl	N-term	
PSM812_2_23317	Acetyl	N-term	
PSM812_2_23318	Acetyl	N-term	
PSM812_2_23319	Acetyl	N-term	
PSM812_2_23320	Gln->pyro-Glu	N-term	
PSM812_2_23321	Gln->pyro-Glu	N-term	
PSM812_2_23322	Gln->pyro-Glu	N-term	
PSM812_2_23323	Gln->pyro-Glu	N-term	
PSM812_2_23324	Gln->pyro-Glu	N-term	
PSM812_2_23325	Acetyl	N-term	
PSM812_2_23326	Acetyl	N-term	
PSM812_2_23327	Acetyl	N-term	
PSM812_2_23328	Acetyl	N-term	
PSM812_2_23329	Gln->pyro-Glu	N-term	
PSM812_2_23330	Gln->pyro-Glu	N-term	
PSM812_2_23331	Gln->pyro-Glu	N-term	
PSM812_2_23332	Gln->pyro-Glu	N-term	
PSM812_2_23333	Acetyl	N-term	
PSM812_2_23334	Acetyl	N-term	
PSM812_2_23335	Acetyl	N-term	
PSM812_2_23342	Gln->pyro-Glu	N-term	
PSM812_2_23346	Acetyl	N-term	
PSM812_2_23347	Gln->pyro-Glu	N-term	
PSM812_2_23348	Carbamidomethyl	C	15
PSM812_2_23349	Carbamidomethyl	C	15
PSM812_2_23350	Carbamidomethyl	C	15
PSM812_2_23351	Gln->pyro-Glu	N-term	
PSM812_2_23352	Gln->pyro-Glu	N-term	
PSM812_2_23353	Gln->pyro-Glu	N-term	
PSM812_2_23354	Gln->pyro-Glu	N-term	
PSM812_2_23355	Acetyl	N-term	
PSM812_2_23355	Carbamidomethyl	C	12
PSM812_2_23356	Acetyl	N-term	
PSM812_2_23356	Carbamidomethyl	C	12
PSM812_2_23357	Gln->pyro-Glu	N-term	
PSM812_2_23358	Gln->pyro-Glu	N-term	
PSM812_2_23359	Gln->pyro-Glu	N-term	
PSM812_2_23360	Gln->pyro-Glu	N-term	
PSM812_2_23361	Gln->pyro-Glu	N-term	
PSM812_2_23362	Acetyl	N-term	
PSM812_2_23363	Carbamidomethyl	C	3
PSM812_2_23364	Carbamidomethyl	C	3
PSM812_2_23365	Carbamidomethyl	C	3
PSM812_2_23366	Carbamidomethyl	C	3
PSM812_2_23367	Carbamidomethyl	C	3
PSM812_2_23368	Carbamidomethyl	C	3
PSM812_2_23369	Carbamidomethyl	C	13
PSM812_2_23370	Acetyl	N-term	
PSM812_2_23371	Acetyl	N-term	
PSM812_2_23372	Acetyl	N-term	
PSM812_2_23373	Acetyl	N-term	
PSM812_2_23374	Carbamidomethyl	C	5
PSM812_2_23375	Carbamidomethyl	C	5
PSM812_2_23376	Acetyl	N-term	
PSM812_2_23399	Carbamidomethyl	C	15
PSM812_2_23400	Carbamidomethyl	C	15
PSM812_2_23401	Carbamidomethyl	C	15
PSM812_2_23402	Carbamidomethyl	C	15
PSM812_2_23403	Carbamidomethyl	C	15
PSM812_2_23411	Carbamidomethyl	C	2
PSM812_2_23411	Carbamidomethyl	C	13
PSM812_2_23411	Carbamidomethyl	C	21
PSM812_2_23412	Carbamidomethyl	C	2
PSM812_2_23412	Carbamidomethyl	C	13
PSM812_2_23412	Carbamidomethyl	C	21
PSM812_2_23413	Carbamidomethyl	C	2
PSM812_2_23413	Carbamidomethyl	C	13
PSM812_2_23413	Carbamidomethyl	C	21
PSM812_2_23443	Carbamidomethyl	C	6
PSM812_2_23444	Carbamidomethyl	C	6
PSM812_2_23445	Carbamidomethyl	C	6
PSM812_2_23446	Carbamidomethyl	C	16
PSM812_2_23447	Carbamidomethyl	C	16
PSM812_2_23448	Carbamidomethyl	C	16
PSM812_2_23449	Carbamidomethyl	C	16
PSM812_2_23450	Carbamidomethyl	C	16
PSM812_2_23451	Carbamidomethyl	C	16
PSM812_2_23452	Carbamidomethyl	C	16
PSM812_2_23453	Carbamidomethyl	C	16
PSM812_2_23454	Carbamidomethyl	C	16
PSM812_2_23460	Carbamidomethyl	C	19
PSM812_2_23460	Carbamidomethyl	C	28
PSM812_2_23461	Carbamidomethyl	C	19
PSM812_2_23461	Carbamidomethyl	C	28
PSM812_2_23462	Carbamidomethyl	C	19
PSM812_2_23462	Carbamidomethyl	C	28
PSM812_2_23463	Carbamidomethyl	C	19
PSM812_2_23463	Carbamidomethyl	C	28
PSM812_2_23464	Carbamidomethyl	C	4
PSM812_2_23465	Carbamidomethyl	C	4
PSM812_2_23469	Carbamidomethyl	C	9
PSM812_2_23470	Carbamidomethyl	C	9
PSM812_2_23471	Carbamidomethyl	C	9
PSM812_2_23472	Carbamidomethyl	C	9
PSM812_2_23473	Carbamidomethyl	C	6
PSM812_2_23474	Carbamidomethyl	C	6
PSM812_2_23475	Carbamidomethyl	C	6
PSM812_2_23476	Carbamidomethyl	C	6
PSM812_2_23481	Carbamidomethyl	C	4
PSM812_2_23481	Carbamidomethyl	C	5
PSM812_2_23481	Carbamidomethyl	C	25
PSM812_2_23482	Carbamidomethyl	C	4
PSM812_2_23482	Carbamidomethyl	C	5
PSM812_2_23482	Carbamidomethyl	C	25
PSM812_2_23483	Carbamidomethyl	C	4
PSM812_2_23483	Carbamidomethyl	C	5
PSM812_2_23483	Carbamidomethyl	C	25
PSM812_2_23514	Carbamidomethyl	C	10
PSM812_2_23515	Carbamidomethyl	C	10
PSM812_2_23516	Carbamidomethyl	C	10
PSM812_2_23517	Carbamidomethyl	C	10
PSM812_2_23524	Carbamidomethyl	C	15
PSM812_2_23525	Carbamidomethyl	C	15
PSM812_2_23526	Carbamidomethyl	C	15
PSM812_2_23527	Carbamidomethyl	C	15
PSM812_2_23528	Carbamidomethyl	C	15
PSM812_2_23529	Carbamidomethyl	C	15
PSM812_2_23530	Carbamidomethyl	C	15
PSM812_2_23538	Carbamidomethyl	C	21
PSM812_2_23539	Carbamidomethyl	C	21
PSM812_2_23540	Carbamidomethyl	C	21
PSM812_2_23541	Carbamidomethyl	C	21
PSM812_2_23542	Carbamidomethyl	C	21
PSM812_2_23543	Carbamidomethyl	C	21
PSM812_2_23544	Carbamidomethyl	C	21
PSM812_2_2355	Carbamidomethyl	C	19
PSM812_2_2356	Carbamidomethyl	C	19
PSM812_2_23568	Carbamidomethyl	C	19
PSM812_2_2357	Carbamidomethyl	C	5
PSM812_2_23573	Carbamidomethyl	C	15
PSM812_2_23576	Carbamidomethyl	C	10
PSM812_2_23577	Carbamidomethyl	C	10
PSM812_2_23578	Carbamidomethyl	C	10
PSM812_2_2358	Carbamidomethyl	C	5
PSM812_2_23585	Carbamidomethyl	C	15
PSM812_2_23586	Carbamidomethyl	C	15
PSM812_2_2359	Carbamidomethyl	C	5
PSM812_2_236	Carbamidomethyl	C	27
PSM812_2_2360	Carbamidomethyl	C	5
PSM812_2_2361	Carbamidomethyl	C	5
PSM812_2_23617	Carbamidomethyl	C	24
PSM812_2_23618	Carbamidomethyl	C	24
PSM812_2_23619	Carbamidomethyl	C	24
PSM812_2_2362	Carbamidomethyl	C	5
PSM812_2_23620	Carbamidomethyl	C	24
PSM812_2_23628	Carbamidomethyl	C	16
PSM812_2_23629	Carbamidomethyl	C	16
PSM812_2_2363	Carbamidomethyl	C	5
PSM812_2_23630	Carbamidomethyl	C	16
PSM812_2_2364	Carbamidomethyl	C	5
PSM812_2_2365	Carbamidomethyl	C	5
PSM812_2_2366	Carbamidomethyl	C	5
PSM812_2_2367	Carbamidomethyl	C	5
PSM812_2_2368	Carbamidomethyl	C	5
PSM812_2_23680	Carbamidomethyl	C	3
PSM812_2_23680	Carbamidomethyl	C	14
PSM812_2_23681	Carbamidomethyl	C	3
PSM812_2_23681	Carbamidomethyl	C	14
PSM812_2_23682	Carbamidomethyl	C	3
PSM812_2_23682	Carbamidomethyl	C	14
PSM812_2_23683	Carbamidomethyl	C	3
PSM812_2_23683	Carbamidomethyl	C	14
PSM812_2_23684	Carbamidomethyl	C	3
PSM812_2_23684	Carbamidomethyl	C	14
PSM812_2_23685	Carbamidomethyl	C	3
PSM812_2_23685	Carbamidomethyl	C	14
PSM812_2_2369	Carbamidomethyl	C	5
PSM812_2_23691	Carbamidomethyl	C	8
PSM812_2_23692	Carbamidomethyl	C	8
PSM812_2_23693	Carbamidomethyl	C	8
PSM812_2_23694	Carbamidomethyl	C	8
PSM812_2_23695	Carbamidomethyl	C	8
PSM812_2_237	Carbamidomethyl	C	27
PSM812_2_2370	Carbamidomethyl	C	5
PSM812_2_23705	Carbamidomethyl	C	17
PSM812_2_23705	Carbamidomethyl	C	26
PSM812_2_23706	Carbamidomethyl	C	17
PSM812_2_23706	Carbamidomethyl	C	26
PSM812_2_23707	Carbamidomethyl	C	6
PSM812_2_23708	Carbamidomethyl	C	6
PSM812_2_2371	Carbamidomethyl	C	5
PSM812_2_23714	Carbamidomethyl	C	11
PSM812_2_23715	Carbamidomethyl	C	11
PSM812_2_23716	Carbamidomethyl	C	11
PSM812_2_23717	Carbamidomethyl	C	16
PSM812_2_23717	Carbamidomethyl	C	35
PSM812_2_23718	Carbamidomethyl	C	16
PSM812_2_23718	Carbamidomethyl	C	35
PSM812_2_23719	Carbamidomethyl	C	16
PSM812_2_23719	Carbamidomethyl	C	35
PSM812_2_2372	Carbamidomethyl	C	5
PSM812_2_23720	Carbamidomethyl	C	16
PSM812_2_23720	Carbamidomethyl	C	35
PSM812_2_23721	Carbamidomethyl	C	16
PSM812_2_23721	Carbamidomethyl	C	35
PSM812_2_23722	Carbamidomethyl	C	16
PSM812_2_23722	Carbamidomethyl	C	35
PSM812_2_23723	Carbamidomethyl	C	16
PSM812_2_23723	Carbamidomethyl	C	35
PSM812_2_23724	Carbamidomethyl	C	16
PSM812_2_23724	Carbamidomethyl	C	35
PSM812_2_23725	Carbamidomethyl	C	16
PSM812_2_23725	Carbamidomethyl	C	35
PSM812_2_23726	Carbamidomethyl	C	16
PSM812_2_23726	Carbamidomethyl	C	35
PSM812_2_23727	Carbamidomethyl	C	16
PSM812_2_23727	Carbamidomethyl	C	35
PSM812_2_23728	Carbamidomethyl	C	16
PSM812_2_23728	Carbamidomethyl	C	35
PSM812_2_23729	Carbamidomethyl	C	16
PSM812_2_23729	Carbamidomethyl	C	35
PSM812_2_2373	Carbamidomethyl	C	5
PSM812_2_23730	Carbamidomethyl	C	16
PSM812_2_23730	Carbamidomethyl	C	35
PSM812_2_23731	Carbamidomethyl	C	16
PSM812_2_23731	Carbamidomethyl	C	35
PSM812_2_2374	Carbamidomethyl	C	5
PSM812_2_2375	Carbamidomethyl	C	5
PSM812_2_23764	Carbamidomethyl	C	2
PSM812_2_23765	Carbamidomethyl	C	2
PSM812_2_23766	Carbamidomethyl	C	2
PSM812_2_23767	Carbamidomethyl	C	22
PSM812_2_23768	Carbamidomethyl	C	22
PSM812_2_23769	Carbamidomethyl	C	22
PSM812_2_23775	Carbamidomethyl	C	12
PSM812_2_23775	Carbamidomethyl	C	22
PSM812_2_23776	Carbamidomethyl	C	12
PSM812_2_23776	Carbamidomethyl	C	22
PSM812_2_23777	Carbamidomethyl	C	12
PSM812_2_23777	Carbamidomethyl	C	22
PSM812_2_23787	Gln->pyro-Glu	N-term	
PSM812_2_23788	Gln->pyro-Glu	N-term	
PSM812_2_23789	Ammonia-loss	N-term	
PSM812_2_23789	Carbamidomethyl	C	1
PSM812_2_23790	Ammonia-loss	N-term	
PSM812_2_23790	Carbamidomethyl	C	1
PSM812_2_23791	Ammonia-loss	N-term	
PSM812_2_23791	Carbamidomethyl	C	1
PSM812_2_23792	Ammonia-loss	N-term	
PSM812_2_23792	Carbamidomethyl	C	1
PSM812_2_23796	Ammonia-loss	N-term	
PSM812_2_23796	Carbamidomethyl	C	1
PSM812_2_23797	Ammonia-loss	N-term	
PSM812_2_23797	Carbamidomethyl	C	1
PSM812_2_23798	Ammonia-loss	N-term	
PSM812_2_23798	Carbamidomethyl	C	1
PSM812_2_23799	Gln->pyro-Glu	N-term	
PSM812_2_238	Carbamidomethyl	C	27
PSM812_2_23800	Gln->pyro-Glu	N-term	
PSM812_2_23801	Gln->pyro-Glu	N-term	
PSM812_2_23802	Gln->pyro-Glu	N-term	
PSM812_2_23803	Gln->pyro-Glu	N-term	
PSM812_2_23804	Gln->pyro-Glu	N-term	
PSM812_2_23805	Gln->pyro-Glu	N-term	
PSM812_2_23806	Gln->pyro-Glu	N-term	
PSM812_2_23806	Carbamidomethyl	C	3
PSM812_2_23807	Gln->pyro-Glu	N-term	
PSM812_2_23807	Carbamidomethyl	C	3
PSM812_2_23808	Gln->pyro-Glu	N-term	
PSM812_2_23808	Carbamidomethyl	C	3
PSM812_2_23809	Gln->pyro-Glu	N-term	
PSM812_2_23809	Carbamidomethyl	C	3
PSM812_2_2381	Carbamidomethyl	C	20
PSM812_2_23810	Gln->pyro-Glu	N-term	
PSM812_2_23810	Carbamidomethyl	C	3
PSM812_2_23811	Gln->pyro-Glu	N-term	
PSM812_2_23811	Carbamidomethyl	C	3
PSM812_2_23812	Carbamidomethyl	C	19
PSM812_2_23813	Carbamidomethyl	C	19
PSM812_2_23814	Carbamidomethyl	C	19
PSM812_2_23815	Ammonia-loss	N-term	
PSM812_2_23815	Carbamidomethyl	C	1
PSM812_2_23815	Carbamidomethyl	C	7
PSM812_2_23816	Ammonia-loss	N-term	
PSM812_2_23816	Carbamidomethyl	C	1
PSM812_2_23816	Carbamidomethyl	C	7
PSM812_2_23817	Ammonia-loss	N-term	
PSM812_2_23817	Carbamidomethyl	C	1
PSM812_2_23817	Carbamidomethyl	C	7
PSM812_2_23818	Ammonia-loss	N-term	
PSM812_2_23818	Carbamidomethyl	C	1
PSM812_2_23818	Carbamidomethyl	C	7
PSM812_2_23819	Ammonia-loss	N-term	
PSM812_2_23819	Carbamidomethyl	C	1
PSM812_2_23819	Carbamidomethyl	C	7
PSM812_2_2382	Carbamidomethyl	C	20
PSM812_2_23820	Ammonia-loss	N-term	
PSM812_2_23820	Carbamidomethyl	C	1
PSM812_2_23820	Carbamidomethyl	C	7
PSM812_2_23823	Gln->pyro-Glu	N-term	
PSM812_2_23824	Gln->pyro-Glu	N-term	
PSM812_2_23825	Gln->pyro-Glu	N-term	
PSM812_2_23826	Gln->pyro-Glu	N-term	
PSM812_2_23827	Gln->pyro-Glu	N-term	
PSM812_2_2383	Carbamidomethyl	C	20
PSM812_2_23831	Gln->pyro-Glu	N-term	
PSM812_2_23831	Carbamidomethyl	C	15
PSM812_2_23832	Gln->pyro-Glu	N-term	
PSM812_2_23832	Carbamidomethyl	C	15
PSM812_2_23833	Acetyl	N-term	
PSM812_2_23834	Acetyl	N-term	
PSM812_2_23835	Acetyl	N-term	
PSM812_2_23836	Acetyl	N-term	
PSM812_2_23839	Gln->pyro-Glu	N-term	
PSM812_2_2384	Carbamidomethyl	C	20
PSM812_2_23840	Gln->pyro-Glu	N-term	
PSM812_2_23841	Gln->pyro-Glu	N-term	
PSM812_2_23842	Gln->pyro-Glu	N-term	
PSM812_2_23843	Gln->pyro-Glu	N-term	
PSM812_2_23844	Gln->pyro-Glu	N-term	
PSM812_2_23845	Gln->pyro-Glu	N-term	
PSM812_2_23846	Gln->pyro-Glu	N-term	
PSM812_2_23847	Ammonia-loss	N-term	
PSM812_2_23847	Carbamidomethyl	C	1
PSM812_2_23848	Ammonia-loss	N-term	
PSM812_2_23848	Carbamidomethyl	C	1
PSM812_2_23849	Ammonia-loss	N-term	
PSM812_2_23849	Carbamidomethyl	C	1
PSM812_2_2385	Carbamidomethyl	C	20
PSM812_2_23850	Ammonia-loss	N-term	
PSM812_2_23850	Carbamidomethyl	C	1
PSM812_2_23851	Ammonia-loss	N-term	
PSM812_2_23851	Carbamidomethyl	C	1
PSM812_2_23852	Ammonia-loss	N-term	
PSM812_2_23852	Carbamidomethyl	C	1
PSM812_2_23853	Ammonia-loss	N-term	
PSM812_2_23853	Carbamidomethyl	C	1
PSM812_2_23854	Ammonia-loss	N-term	
PSM812_2_23854	Carbamidomethyl	C	1
PSM812_2_23855	Ammonia-loss	N-term	
PSM812_2_23855	Carbamidomethyl	C	1
PSM812_2_23856	Ammonia-loss	N-term	
PSM812_2_23856	Carbamidomethyl	C	1
PSM812_2_23859	Carbamidomethyl	C	4
PSM812_2_23859	Carbamidomethyl	C	9
PSM812_2_23859	Carbamidomethyl	C	15
PSM812_2_23859	Carbamidomethyl	C	16
PSM812_2_2386	Carbamidomethyl	C	20
PSM812_2_23860	Carbamidomethyl	C	4
PSM812_2_23860	Carbamidomethyl	C	9
PSM812_2_23860	Carbamidomethyl	C	15
PSM812_2_23860	Carbamidomethyl	C	16
PSM812_2_23861	Carbamidomethyl	C	4
PSM812_2_23861	Carbamidomethyl	C	9
PSM812_2_23861	Carbamidomethyl	C	15
PSM812_2_23861	Carbamidomethyl	C	16
PSM812_2_23862	Carbamidomethyl	C	4
PSM812_2_23862	Carbamidomethyl	C	9
PSM812_2_23862	Carbamidomethyl	C	15
PSM812_2_23862	Carbamidomethyl	C	16
PSM812_2_23863	Carbamidomethyl	C	4
PSM812_2_23863	Carbamidomethyl	C	9
PSM812_2_23863	Carbamidomethyl	C	15
PSM812_2_23863	Carbamidomethyl	C	16
PSM812_2_23864	Carbamidomethyl	C	4
PSM812_2_23864	Carbamidomethyl	C	9
PSM812_2_23864	Carbamidomethyl	C	15
PSM812_2_23864	Carbamidomethyl	C	16
PSM812_2_23865	Carbamidomethyl	C	4
PSM812_2_23865	Carbamidomethyl	C	9
PSM812_2_23865	Carbamidomethyl	C	15
PSM812_2_23865	Carbamidomethyl	C	16
PSM812_2_23866	Carbamidomethyl	C	4
PSM812_2_23866	Carbamidomethyl	C	9
PSM812_2_23866	Carbamidomethyl	C	15
PSM812_2_23866	Carbamidomethyl	C	16
PSM812_2_23870	Carbamidomethyl	C	18
PSM812_2_23871	Carbamidomethyl	C	18
PSM812_2_23872	Carbamidomethyl	C	18
PSM812_2_23890	Carbamidomethyl	C	5
PSM812_2_23891	Carbamidomethyl	C	5
PSM812_2_23892	Carbamidomethyl	C	5
PSM812_2_23893	Carbamidomethyl	C	5
PSM812_2_23894	Carbamidomethyl	C	5
PSM812_2_23895	Carbamidomethyl	C	5
PSM812_2_23896	Carbamidomethyl	C	5
PSM812_2_239	Carbamidomethyl	C	27
PSM812_2_23902	Carbamidomethyl	C	5
PSM812_2_23902	Carbamidomethyl	C	20
PSM812_2_23903	Carbamidomethyl	C	5
PSM812_2_23903	Carbamidomethyl	C	20
PSM812_2_23904	Carbamidomethyl	C	17
PSM812_2_23905	Carbamidomethyl	C	17
PSM812_2_23906	Carbamidomethyl	C	17
PSM812_2_23907	Carbamidomethyl	C	13
PSM812_2_23950	Ammonia-loss	N-term	
PSM812_2_23950	Carbamidomethyl	C	1
PSM812_2_23952	Ammonia-loss	N-term	
PSM812_2_23952	Carbamidomethyl	C	1
PSM812_2_23953	Ammonia-loss	N-term	
PSM812_2_23953	Carbamidomethyl	C	1
PSM812_2_23954	Ammonia-loss	N-term	
PSM812_2_23954	Carbamidomethyl	C	1
PSM812_2_23955	Ammonia-loss	N-term	
PSM812_2_23955	Carbamidomethyl	C	1
PSM812_2_23956	Ammonia-loss	N-term	
PSM812_2_23956	Carbamidomethyl	C	1
PSM812_2_23957	Gln->pyro-Glu	N-term	
PSM812_2_23958	Gln->pyro-Glu	N-term	
PSM812_2_23959	Gln->pyro-Glu	N-term	
PSM812_2_23960	Gln->pyro-Glu	N-term	
PSM812_2_23961	Gln->pyro-Glu	N-term	
PSM812_2_23962	Gln->pyro-Glu	N-term	
PSM812_2_23963	Gln->pyro-Glu	N-term	
PSM812_2_23964	Gln->pyro-Glu	N-term	
PSM812_2_23965	Gln->pyro-Glu	N-term	
PSM812_2_23965	Carbamidomethyl	C	21
PSM812_2_23966	Acetyl	N-term	
PSM812_2_23967	Acetyl	N-term	
PSM812_2_23968	Gln->pyro-Glu	N-term	
PSM812_2_23969	Gln->pyro-Glu	N-term	
PSM812_2_2397	Carbamidomethyl	C	11
PSM812_2_23970	Gln->pyro-Glu	N-term	
PSM812_2_23971	Gln->pyro-Glu	N-term	
PSM812_2_23972	Ammonia-loss	N-term	
PSM812_2_23972	Carbamidomethyl	C	1
PSM812_2_2398	Carbamidomethyl	C	11
PSM812_2_2399	Carbamidomethyl	C	11
PSM812_2_23996	Carbamidomethyl	C	2
PSM812_2_23997	Carbamidomethyl	C	2
PSM812_2_240	Carbamidomethyl	C	27
PSM812_2_2400	Carbamidomethyl	C	4
PSM812_2_2401	Carbamidomethyl	C	4
PSM812_2_2402	Carbamidomethyl	C	4
PSM812_2_24020	Carbamidomethyl	C	7
PSM812_2_24021	Carbamidomethyl	C	7
PSM812_2_24022	Carbamidomethyl	C	7
PSM812_2_24023	Carbamidomethyl	C	7
PSM812_2_24024	Carbamidomethyl	C	7
PSM812_2_24025	Carbamidomethyl	C	7
PSM812_2_2403	Carbamidomethyl	C	4
PSM812_2_2404	Carbamidomethyl	C	4
PSM812_2_24040	Carbamidomethyl	C	7
PSM812_2_24041	Carbamidomethyl	C	7
PSM812_2_24042	Carbamidomethyl	C	7
PSM812_2_2405	Carbamidomethyl	C	4
PSM812_2_2406	Carbamidomethyl	C	4
PSM812_2_2407	Carbamidomethyl	C	4
PSM812_2_24074	Carbamidomethyl	C	4
PSM812_2_2408	Carbamidomethyl	C	4
PSM812_2_24083	Carbamidomethyl	C	11
PSM812_2_24086	Oxidation	M	1
PSM812_2_24086	Carbamidomethyl	C	12
PSM812_2_24087	Oxidation	M	1
PSM812_2_24087	Carbamidomethyl	C	12
PSM812_2_24089	Carbamidomethyl	C	12
PSM812_2_2409	Carbamidomethyl	C	4
PSM812_2_24090	Carbamidomethyl	C	12
PSM812_2_24091	Carbamidomethyl	C	12
PSM812_2_24092	Carbamidomethyl	C	12
PSM812_2_24093	Carbamidomethyl	C	12
PSM812_2_24094	Carbamidomethyl	C	12
PSM812_2_24095	Carbamidomethyl	C	12
PSM812_2_24096	Carbamidomethyl	C	12
PSM812_2_24097	Carbamidomethyl	C	12
PSM812_2_241	Carbamidomethyl	C	27
PSM812_2_2410	Carbamidomethyl	C	4
PSM812_2_24102	Carbamidomethyl	C	5
PSM812_2_24102	Carbamidomethyl	C	9
PSM812_2_24103	Carbamidomethyl	C	5
PSM812_2_24103	Carbamidomethyl	C	9
PSM812_2_2411	Carbamidomethyl	C	4
PSM812_2_24114	Carbamidomethyl	C	18
PSM812_2_24117	Ammonia-loss	N-term	
PSM812_2_24117	Carbamidomethyl	C	1
PSM812_2_24117	Carbamidomethyl	C	2
PSM812_2_24117	Carbamidomethyl	C	10
PSM812_2_24118	Ammonia-loss	N-term	
PSM812_2_24118	Carbamidomethyl	C	1
PSM812_2_24118	Carbamidomethyl	C	2
PSM812_2_24118	Carbamidomethyl	C	10
PSM812_2_24119	Ammonia-loss	N-term	
PSM812_2_24119	Carbamidomethyl	C	1
PSM812_2_24119	Carbamidomethyl	C	2
PSM812_2_24119	Carbamidomethyl	C	10
PSM812_2_2412	Carbamidomethyl	C	4
PSM812_2_24120	Ammonia-loss	N-term	
PSM812_2_24120	Carbamidomethyl	C	1
PSM812_2_24120	Carbamidomethyl	C	2
PSM812_2_24120	Carbamidomethyl	C	10
PSM812_2_24121	Ammonia-loss	N-term	
PSM812_2_24121	Carbamidomethyl	C	1
PSM812_2_24121	Carbamidomethyl	C	2
PSM812_2_24121	Carbamidomethyl	C	10
PSM812_2_24122	Ammonia-loss	N-term	
PSM812_2_24122	Carbamidomethyl	C	1
PSM812_2_24122	Carbamidomethyl	C	2
PSM812_2_24122	Carbamidomethyl	C	10
PSM812_2_24123	Gln->pyro-Glu	N-term	
PSM812_2_24124	Gln->pyro-Glu	N-term	
PSM812_2_24127	Acetyl	N-term	
PSM812_2_24128	Acetyl	N-term	
PSM812_2_24129	Acetyl	N-term	
PSM812_2_24130	Acetyl	N-term	
PSM812_2_24131	Acetyl	N-term	
PSM812_2_24132	Acetyl	N-term	
PSM812_2_24148	Carbamidomethyl	C	4
PSM812_2_24149	Carbamidomethyl	C	4
PSM812_2_24184	Carbamidomethyl	C	2
PSM812_2_24184	Carbamidomethyl	C	3
PSM812_2_24192	Carbamidomethyl	C	9
PSM812_2_24193	Carbamidomethyl	C	9
PSM812_2_24198	Carbamidomethyl	C	6
PSM812_2_24198	Carbamidomethyl	C	11
PSM812_2_24199	Carbamidomethyl	C	6
PSM812_2_24199	Carbamidomethyl	C	11
PSM812_2_242	Carbamidomethyl	C	27
PSM812_2_24224	Carbamidomethyl	C	18
PSM812_2_24229	Carbamidomethyl	C	5
PSM812_2_24249	Oxidation	M	12
PSM812_2_24250	Carbamidomethyl	C	9
PSM812_2_24256	Carbamidomethyl	C	14
PSM812_2_24257	Carbamidomethyl	C	14
PSM812_2_24258	Carbamidomethyl	C	14
PSM812_2_24259	Carbamidomethyl	C	14
PSM812_2_24260	Carbamidomethyl	C	14
PSM812_2_24261	Carbamidomethyl	C	14
PSM812_2_24262	Carbamidomethyl	C	14
PSM812_2_24268	Carbamidomethyl	C	6
PSM812_2_24269	Carbamidomethyl	C	6
PSM812_2_2427	Carbamidomethyl	C	10
PSM812_2_24270	Carbamidomethyl	C	6
PSM812_2_2428	Carbamidomethyl	C	10
PSM812_2_24287	Carbamidomethyl	C	7
PSM812_2_24288	Carbamidomethyl	C	7
PSM812_2_24289	Carbamidomethyl	C	7
PSM812_2_24290	Carbamidomethyl	C	7
PSM812_2_24291	Carbamidomethyl	C	7
PSM812_2_24292	Carbamidomethyl	C	7
PSM812_2_243	Carbamidomethyl	C	27
PSM812_2_24302	Carbamidomethyl	C	13
PSM812_2_24303	Carbamidomethyl	C	13
PSM812_2_24304	Carbamidomethyl	C	13
PSM812_2_24333	Carbamidomethyl	C	14
PSM812_2_24338	Carbamidomethyl	C	8
PSM812_2_24370	Carbamidomethyl	C	3
PSM812_2_24370	Carbamidomethyl	C	15
PSM812_2_24371	Carbamidomethyl	C	3
PSM812_2_24371	Carbamidomethyl	C	15
PSM812_2_24386	Carbamidomethyl	C	8
PSM812_2_24387	Carbamidomethyl	C	8
PSM812_2_24388	Carbamidomethyl	C	8
PSM812_2_24399	Carbamidomethyl	C	7
PSM812_2_244	Carbamidomethyl	C	27
PSM812_2_24400	Carbamidomethyl	C	7
PSM812_2_24401	Carbamidomethyl	C	7
PSM812_2_24423	Carbamidomethyl	C	7
PSM812_2_24424	Carbamidomethyl	C	7
PSM812_2_24433	Carbamidomethyl	C	16
PSM812_2_24434	Carbamidomethyl	C	16
PSM812_2_24439	Carbamidomethyl	C	9
PSM812_2_24440	Carbamidomethyl	C	9
PSM812_2_24441	Carbamidomethyl	C	9
PSM812_2_24470	Carbamidomethyl	C	3
PSM812_2_24471	Carbamidomethyl	C	3
PSM812_2_24472	Carbamidomethyl	C	3
PSM812_2_24475	Carbamidomethyl	C	6
PSM812_2_24476	Carbamidomethyl	C	6
PSM812_2_24477	Carbamidomethyl	C	6
PSM812_2_24478	Carbamidomethyl	C	6
PSM812_2_24479	Carbamidomethyl	C	4
PSM812_2_24480	Carbamidomethyl	C	4
PSM812_2_24481	Carbamidomethyl	C	4
PSM812_2_24482	Carbamidomethyl	C	4
PSM812_2_24483	Carbamidomethyl	C	4
PSM812_2_24484	Carbamidomethyl	C	4
PSM812_2_24491	Carbamidomethyl	C	6
PSM812_2_24491	Carbamidomethyl	C	12
PSM812_2_24492	Carbamidomethyl	C	15
PSM812_2_24493	Carbamidomethyl	C	15
PSM812_2_24494	Carbamidomethyl	C	15
PSM812_2_245	Carbamidomethyl	C	27
PSM812_2_2451	Carbamidomethyl	C	5
PSM812_2_24512	Carbamidomethyl	C	16
PSM812_2_24513	Carbamidomethyl	C	16
PSM812_2_2452	Carbamidomethyl	C	5
PSM812_2_2453	Carbamidomethyl	C	5
PSM812_2_24537	Carbamidomethyl	C	3
PSM812_2_24538	Carbamidomethyl	C	3
PSM812_2_24539	Carbamidomethyl	C	3
PSM812_2_24540	Carbamidomethyl	C	3
PSM812_2_24541	Carbamidomethyl	C	3
PSM812_2_24542	Carbamidomethyl	C	3
PSM812_2_24543	Carbamidomethyl	C	3
PSM812_2_24546	Carbamidomethyl	C	6
PSM812_2_24547	Carbamidomethyl	C	6
PSM812_2_24549	Carbamidomethyl	C	11
PSM812_2_2455	Carbamidomethyl	C	19
PSM812_2_24550	Carbamidomethyl	C	11
PSM812_2_24551	Carbamidomethyl	C	11
PSM812_2_24552	Carbamidomethyl	C	7
PSM812_2_24553	Carbamidomethyl	C	3
PSM812_2_24553	Carbamidomethyl	C	6
PSM812_2_2456	Carbamidomethyl	C	19
PSM812_2_24560	Carbamidomethyl	C	11
PSM812_2_24561	Carbamidomethyl	C	11
PSM812_2_24565	Carbamidomethyl	C	9
PSM812_2_24568	Carbamidomethyl	C	6
PSM812_2_24569	Carbamidomethyl	C	6
PSM812_2_2457	Carbamidomethyl	C	19
PSM812_2_24570	Carbamidomethyl	C	6
PSM812_2_24571	Carbamidomethyl	C	6
PSM812_2_24572	Carbamidomethyl	C	6
PSM812_2_24573	Carbamidomethyl	C	6
PSM812_2_24574	Carbamidomethyl	C	6
PSM812_2_24579	Carbamidomethyl	C	6
PSM812_2_24579	Carbamidomethyl	C	11
PSM812_2_2458	Acetyl	N-term	
PSM812_2_24580	Carbamidomethyl	C	6
PSM812_2_24580	Carbamidomethyl	C	11
PSM812_2_24581	Carbamidomethyl	C	6
PSM812_2_24581	Carbamidomethyl	C	11
PSM812_2_24582	Carbamidomethyl	C	6
PSM812_2_24582	Carbamidomethyl	C	11
PSM812_2_24583	Carbamidomethyl	C	6
PSM812_2_24583	Carbamidomethyl	C	11
PSM812_2_2459	Acetyl	N-term	
PSM812_2_24592	Carbamidomethyl	C	1
PSM812_2_24593	Carbamidomethyl	C	1
PSM812_2_24594	Carbamidomethyl	C	1
PSM812_2_24595	Carbamidomethyl	C	1
PSM812_2_24598	Carbamidomethyl	C	8
PSM812_2_24599	Carbamidomethyl	C	8
PSM812_2_246	Carbamidomethyl	C	27
PSM812_2_2460	Acetyl	N-term	
PSM812_2_24600	Carbamidomethyl	C	8
PSM812_2_24601	Carbamidomethyl	C	8
PSM812_2_2461	Acetyl	N-term	
PSM812_2_2462	Acetyl	N-term	
PSM812_2_24622	Carbamidomethyl	C	8
PSM812_2_24623	Carbamidomethyl	C	8
PSM812_2_2463	Acetyl	N-term	
PSM812_2_24633	Carbamidomethyl	C	7
PSM812_2_24633	Carbamidomethyl	C	18
PSM812_2_2464	Acetyl	N-term	
PSM812_2_24642	Carbamidomethyl	C	11
PSM812_2_24648	Carbamidomethyl	C	7
PSM812_2_2465	Acetyl	N-term	
PSM812_2_24658	Carbamidomethyl	C	2
PSM812_2_24659	Carbamidomethyl	C	2
PSM812_2_24660	Carbamidomethyl	C	2
PSM812_2_24661	Carbamidomethyl	C	13
PSM812_2_24662	Carbamidomethyl	C	13
PSM812_2_24663	Carbamidomethyl	C	13
PSM812_2_24664	Carbamidomethyl	C	13
PSM812_2_24673	Carbamidomethyl	C	15
PSM812_2_24674	Carbamidomethyl	C	15
PSM812_2_24675	Carbamidomethyl	C	4
PSM812_2_24675	Carbamidomethyl	C	6
PSM812_2_24676	Carbamidomethyl	C	4
PSM812_2_24676	Carbamidomethyl	C	6
PSM812_2_24677	Carbamidomethyl	C	4
PSM812_2_24677	Carbamidomethyl	C	6
PSM812_2_24678	Carbamidomethyl	C	4
PSM812_2_24678	Carbamidomethyl	C	6
PSM812_2_24698	Carbamidomethyl	C	15
PSM812_2_24698	Carbamidomethyl	C	18
PSM812_2_24699	Carbamidomethyl	C	15
PSM812_2_24699	Carbamidomethyl	C	18
PSM812_2_247	Carbamidomethyl	C	27
PSM812_2_24718	Carbamidomethyl	C	4
PSM812_2_24719	Carbamidomethyl	C	4
PSM812_2_24720	Carbamidomethyl	C	4
PSM812_2_24742	Carbamidomethyl	C	2
PSM812_2_24743	Carbamidomethyl	C	2
PSM812_2_24744	Carbamidomethyl	C	2
PSM812_2_24745	Oxidation	M	11
PSM812_2_24746	Oxidation	M	11
PSM812_2_24747	Oxidation	M	11
PSM812_2_24748	Carbamidomethyl	C	15
PSM812_2_24749	Carbamidomethyl	C	15
PSM812_2_24750	Carbamidomethyl	C	15
PSM812_2_24763	Carbamidomethyl	C	4
PSM812_2_24763	Carbamidomethyl	C	7
PSM812_2_24764	Carbamidomethyl	C	4
PSM812_2_24764	Carbamidomethyl	C	7
PSM812_2_24779	Carbamidomethyl	C	18
PSM812_2_24780	Carbamidomethyl	C	18
PSM812_2_24781	Carbamidomethyl	C	18
PSM812_2_24782	Carbamidomethyl	C	18
PSM812_2_24783	Carbamidomethyl	C	18
PSM812_2_24784	Carbamidomethyl	C	18
PSM812_2_24785	Carbamidomethyl	C	2
PSM812_2_24786	Carbamidomethyl	C	2
PSM812_2_24797	Carbamidomethyl	C	6
PSM812_2_24797	Carbamidomethyl	C	8
PSM812_2_248	Carbamidomethyl	C	27
PSM812_2_24822	Carbamidomethyl	C	5
PSM812_2_24822	Carbamidomethyl	C	12
PSM812_2_2483	Carbamidomethyl	C	15
PSM812_2_2484	Carbamidomethyl	C	15
PSM812_2_24844	Carbamidomethyl	C	11
PSM812_2_2485	Carbamidomethyl	C	15
PSM812_2_2486	Carbamidomethyl	C	15
PSM812_2_2487	Carbamidomethyl	C	15
PSM812_2_24871	Carbamidomethyl	C	4
PSM812_2_2488	Carbamidomethyl	C	15
PSM812_2_24886	Carbamidomethyl	C	8
PSM812_2_2489	Carbamidomethyl	C	15
PSM812_2_24893	Gln->pyro-Glu	N-term	
PSM812_2_24893	Carbamidomethyl	C	8
PSM812_2_24894	Acetyl	N-term	
PSM812_2_24895	Acetyl	N-term	
PSM812_2_24896	Acetyl	N-term	
PSM812_2_24897	Gln->pyro-Glu	N-term	
PSM812_2_24897	Carbamidomethyl	C	4
PSM812_2_24898	Gln->pyro-Glu	N-term	
PSM812_2_24898	Carbamidomethyl	C	4
PSM812_2_24899	Gln->pyro-Glu	N-term	
PSM812_2_24899	Carbamidomethyl	C	4
PSM812_2_249	Carbamidomethyl	C	27
PSM812_2_2490	Carbamidomethyl	C	15
PSM812_2_24900	Ammonia-loss	N-term	
PSM812_2_24900	Carbamidomethyl	C	1
PSM812_2_24900	Carbamidomethyl	C	4
PSM812_2_24901	Ammonia-loss	N-term	
PSM812_2_24901	Carbamidomethyl	C	1
PSM812_2_24901	Carbamidomethyl	C	4
PSM812_2_24902	Ammonia-loss	N-term	
PSM812_2_24902	Carbamidomethyl	C	1
PSM812_2_24902	Carbamidomethyl	C	4
PSM812_2_24903	Carbamidomethyl	C	7
PSM812_2_24904	Carbamidomethyl	C	7
PSM812_2_2491	Carbamidomethyl	C	15
PSM812_2_24918	Gln->pyro-Glu	N-term	
PSM812_2_24919	Ammonia-loss	N-term	
PSM812_2_24919	Carbamidomethyl	C	1
PSM812_2_24919	Carbamidomethyl	C	11
PSM812_2_2492	Carbamidomethyl	C	15
PSM812_2_24920	Carbamidomethyl	C	3
PSM812_2_24920	Carbamidomethyl	C	5
PSM812_2_24920	Carbamidomethyl	C	12
PSM812_2_24920	Carbamidomethyl	C	21
PSM812_2_24921	Carbamidomethyl	C	3
PSM812_2_24921	Carbamidomethyl	C	5
PSM812_2_24921	Carbamidomethyl	C	12
PSM812_2_24921	Carbamidomethyl	C	21
PSM812_2_24925	Gln->pyro-Glu	N-term	
PSM812_2_24926	Acetyl	N-term	
PSM812_2_24927	Ammonia-loss	N-term	
PSM812_2_24927	Carbamidomethyl	C	1
PSM812_2_24927	Carbamidomethyl	C	9
PSM812_2_24928	Ammonia-loss	N-term	
PSM812_2_24928	Carbamidomethyl	C	1
PSM812_2_24928	Carbamidomethyl	C	9
PSM812_2_24929	Ammonia-loss	N-term	
PSM812_2_24929	Carbamidomethyl	C	1
PSM812_2_24929	Carbamidomethyl	C	9
PSM812_2_2493	Carbamidomethyl	C	15
PSM812_2_24930	Acetyl	N-term	
PSM812_2_24931	Gln->pyro-Glu	N-term	
PSM812_2_24932	Gln->pyro-Glu	N-term	
PSM812_2_24933	Gln->pyro-Glu	N-term	
PSM812_2_2494	Carbamidomethyl	C	15
PSM812_2_24940	Carbamidomethyl	C	17
PSM812_2_24948	Carbamidomethyl	C	2
PSM812_2_24948	Carbamidomethyl	C	13
PSM812_2_24948	Carbamidomethyl	C	17
PSM812_2_24949	Carbamidomethyl	C	2
PSM812_2_24949	Carbamidomethyl	C	13
PSM812_2_24949	Carbamidomethyl	C	17
PSM812_2_2495	Carbamidomethyl	C	15
PSM812_2_24955	Carbamidomethyl	C	5
PSM812_2_2496	Carbamidomethyl	C	15
PSM812_2_2497	Carbamidomethyl	C	15
PSM812_2_2498	Carbamidomethyl	C	15
PSM812_2_2499	Carbamidomethyl	C	15
PSM812_2_24994	Carbamidomethyl	C	19
PSM812_2_250	Carbamidomethyl	C	27
PSM812_2_2500	Carbamidomethyl	C	15
PSM812_2_2501	Carbamidomethyl	C	15
PSM812_2_25014	Carbamidomethyl	C	10
PSM812_2_25015	Carbamidomethyl	C	10
PSM812_2_2502	Carbamidomethyl	C	15
PSM812_2_2503	Carbamidomethyl	C	15
PSM812_2_25038	Carbamidomethyl	C	13
PSM812_2_25039	Carbamidomethyl	C	13
PSM812_2_2504	Carbamidomethyl	C	15
PSM812_2_25040	Carbamidomethyl	C	13
PSM812_2_25041	Carbamidomethyl	C	13
PSM812_2_25043	Carbamidomethyl	C	8
PSM812_2_25044	Carbamidomethyl	C	8
PSM812_2_25045	Carbamidomethyl	C	8
PSM812_2_25046	Carbamidomethyl	C	8
PSM812_2_25047	Carbamidomethyl	C	8
PSM812_2_25048	Carbamidomethyl	C	8
PSM812_2_25049	Carbamidomethyl	C	8
PSM812_2_2505	Carbamidomethyl	C	15
PSM812_2_25050	Carbamidomethyl	C	8
PSM812_2_25056	Carbamidomethyl	C	6
PSM812_2_25057	Carbamidomethyl	C	6
PSM812_2_25058	Carbamidomethyl	C	6
PSM812_2_25059	Carbamidomethyl	C	6
PSM812_2_25060	Carbamidomethyl	C	6
PSM812_2_25061	Carbamidomethyl	C	6
PSM812_2_25062	Carbamidomethyl	C	6
PSM812_2_25063	Carbamidomethyl	C	18
PSM812_2_25064	Carbamidomethyl	C	18
PSM812_2_25065	Carbamidomethyl	C	18
PSM812_2_25073	Carbamidomethyl	C	17
PSM812_2_25073	Carbamidomethyl	C	20
PSM812_2_25074	Carbamidomethyl	C	17
PSM812_2_25074	Carbamidomethyl	C	20
PSM812_2_25075	Carbamidomethyl	C	17
PSM812_2_25075	Carbamidomethyl	C	20
PSM812_2_25076	Carbamidomethyl	C	17
PSM812_2_25076	Carbamidomethyl	C	20
PSM812_2_25083	Carbamidomethyl	C	3
PSM812_2_25084	Carbamidomethyl	C	6
PSM812_2_251	Carbamidomethyl	C	27
PSM812_2_25112	Carbamidomethyl	C	6
PSM812_2_25112	Carbamidomethyl	C	13
PSM812_2_25113	Carbamidomethyl	C	6
PSM812_2_25113	Carbamidomethyl	C	13
PSM812_2_25114	Carbamidomethyl	C	6
PSM812_2_25114	Carbamidomethyl	C	13
PSM812_2_25118	Carbamidomethyl	C	13
PSM812_2_25119	Carbamidomethyl	C	13
PSM812_2_25120	Carbamidomethyl	C	13
PSM812_2_25121	Carbamidomethyl	C	13
PSM812_2_25127	Carbamidomethyl	C	1
PSM812_2_25128	Carbamidomethyl	C	1
PSM812_2_25129	Carbamidomethyl	C	1
PSM812_2_2513	Carbamidomethyl	C	2
PSM812_2_25130	Carbamidomethyl	C	1
PSM812_2_25131	Carbamidomethyl	C	1
PSM812_2_25132	Carbamidomethyl	C	1
PSM812_2_2514	Carbamidomethyl	C	2
PSM812_2_25144	Carbamidomethyl	C	15
PSM812_2_25145	Carbamidomethyl	C	15
PSM812_2_25146	Carbamidomethyl	C	15
PSM812_2_25147	Carbamidomethyl	C	14
PSM812_2_25148	Carbamidomethyl	C	14
PSM812_2_25149	Carbamidomethyl	C	14
PSM812_2_2515	Carbamidomethyl	C	2
PSM812_2_25150	Carbamidomethyl	C	14
PSM812_2_25153	Carbamidomethyl	C	3
PSM812_2_25154	Carbamidomethyl	C	3
PSM812_2_25155	Carbamidomethyl	C	3
PSM812_2_25156	Carbamidomethyl	C	3
PSM812_2_25157	Carbamidomethyl	C	3
PSM812_2_25158	Carbamidomethyl	C	3
PSM812_2_25159	Carbamidomethyl	C	3
PSM812_2_2516	Carbamidomethyl	C	2
PSM812_2_25160	Carbamidomethyl	C	12
PSM812_2_25160	Carbamidomethyl	C	13
PSM812_2_25161	Carbamidomethyl	C	12
PSM812_2_25161	Carbamidomethyl	C	13
PSM812_2_25162	Carbamidomethyl	C	12
PSM812_2_25162	Carbamidomethyl	C	13
PSM812_2_25163	Carbamidomethyl	C	12
PSM812_2_25163	Carbamidomethyl	C	13
PSM812_2_25164	Carbamidomethyl	C	12
PSM812_2_25164	Carbamidomethyl	C	13
PSM812_2_2517	Carbamidomethyl	C	2
PSM812_2_25179	Oxidation	M	10
PSM812_2_2518	Carbamidomethyl	C	2
PSM812_2_25180	Oxidation	M	10
PSM812_2_25181	Oxidation	M	10
PSM812_2_25182	Oxidation	M	10
PSM812_2_252	Carbamidomethyl	C	27
PSM812_2_25205	Carbamidomethyl	C	3
PSM812_2_25206	Carbamidomethyl	C	3
PSM812_2_25207	Carbamidomethyl	C	9
PSM812_2_25207	Carbamidomethyl	C	17
PSM812_2_25207	Carbamidomethyl	C	24
PSM812_2_25208	Carbamidomethyl	C	9
PSM812_2_25208	Carbamidomethyl	C	17
PSM812_2_25208	Carbamidomethyl	C	24
PSM812_2_25211	Carbamidomethyl	C	1
PSM812_2_25212	Carbamidomethyl	C	1
PSM812_2_25213	Carbamidomethyl	C	2
PSM812_2_25214	Carbamidomethyl	C	2
PSM812_2_25215	Carbamidomethyl	C	2
PSM812_2_25216	Carbamidomethyl	C	2
PSM812_2_25220	Carbamidomethyl	C	9
PSM812_2_25221	Carbamidomethyl	C	9
PSM812_2_25222	Carbamidomethyl	C	9
PSM812_2_25223	Carbamidomethyl	C	9
PSM812_2_25224	Carbamidomethyl	C	9
PSM812_2_25225	Carbamidomethyl	C	9
PSM812_2_25226	Carbamidomethyl	C	9
PSM812_2_25236	Carbamidomethyl	C	5
PSM812_2_25237	Carbamidomethyl	C	5
PSM812_2_25238	Carbamidomethyl	C	5
PSM812_2_25239	Carbamidomethyl	C	5
PSM812_2_25240	Carbamidomethyl	C	21
PSM812_2_25241	Carbamidomethyl	C	21
PSM812_2_25244	Carbamidomethyl	C	26
PSM812_2_25245	Carbamidomethyl	C	26
PSM812_2_25266	Carbamidomethyl	C	5
PSM812_2_25267	Carbamidomethyl	C	5
PSM812_2_25268	Carbamidomethyl	C	5
PSM812_2_25278	Carbamidomethyl	C	5
PSM812_2_25279	Carbamidomethyl	C	7
PSM812_2_25285	Carbamidomethyl	C	9
PSM812_2_25285	Carbamidomethyl	C	20
PSM812_2_25286	Carbamidomethyl	C	9
PSM812_2_25286	Carbamidomethyl	C	20
PSM812_2_25298	Carbamidomethyl	C	1
PSM812_2_25299	Carbamidomethyl	C	1
PSM812_2_253	Carbamidomethyl	C	27
PSM812_2_25300	Carbamidomethyl	C	2
PSM812_2_25300	Carbamidomethyl	C	6
PSM812_2_25301	Carbamidomethyl	C	2
PSM812_2_25301	Carbamidomethyl	C	6
PSM812_2_25302	Carbamidomethyl	C	2
PSM812_2_25302	Carbamidomethyl	C	6
PSM812_2_25303	Carbamidomethyl	C	2
PSM812_2_25303	Carbamidomethyl	C	6
PSM812_2_25304	Carbamidomethyl	C	4
PSM812_2_25304	Carbamidomethyl	C	15
PSM812_2_25305	Carbamidomethyl	C	4
PSM812_2_25305	Carbamidomethyl	C	15
PSM812_2_25306	Carbamidomethyl	C	4
PSM812_2_25306	Carbamidomethyl	C	15
PSM812_2_2531	Carbamidomethyl	C	5
PSM812_2_2531	Carbamidomethyl	C	17
PSM812_2_25312	Carbamidomethyl	C	6
PSM812_2_25317	Carbamidomethyl	C	5
PSM812_2_25318	Carbamidomethyl	C	5
PSM812_2_2532	Carbamidomethyl	C	5
PSM812_2_2532	Carbamidomethyl	C	17
PSM812_2_2533	Carbamidomethyl	C	5
PSM812_2_2533	Carbamidomethyl	C	17
PSM812_2_25334	Carbamidomethyl	C	6
PSM812_2_25335	Carbamidomethyl	C	3
PSM812_2_25336	Carbamidomethyl	C	3
PSM812_2_2534	Carbamidomethyl	C	5
PSM812_2_2534	Carbamidomethyl	C	17
PSM812_2_25349	Carbamidomethyl	C	3
PSM812_2_2535	Carbamidomethyl	C	5
PSM812_2_2535	Carbamidomethyl	C	17
PSM812_2_25350	Carbamidomethyl	C	3
PSM812_2_25351	Carbamidomethyl	C	3
PSM812_2_25352	Carbamidomethyl	C	3
PSM812_2_25353	Carbamidomethyl	C	3
PSM812_2_25354	Carbamidomethyl	C	24
PSM812_2_25355	Carbamidomethyl	C	24
PSM812_2_25359	Carbamidomethyl	C	7
PSM812_2_2536	Carbamidomethyl	C	3
PSM812_2_2536	Carbamidomethyl	C	16
PSM812_2_25362	Carbamidomethyl	C	8
PSM812_2_25363	Carbamidomethyl	C	8
PSM812_2_25364	Carbamidomethyl	C	8
PSM812_2_25365	Carbamidomethyl	C	8
PSM812_2_25366	Carbamidomethyl	C	8
PSM812_2_25367	Carbamidomethyl	C	5
PSM812_2_2537	Carbamidomethyl	C	3
PSM812_2_2537	Carbamidomethyl	C	16
PSM812_2_25374	Carbamidomethyl	C	10
PSM812_2_25375	Carbamidomethyl	C	10
PSM812_2_25376	Carbamidomethyl	C	10
PSM812_2_2538	Carbamidomethyl	C	3
PSM812_2_2538	Carbamidomethyl	C	16
PSM812_2_2539	Carbamidomethyl	C	3
PSM812_2_2539	Carbamidomethyl	C	16
PSM812_2_25390	Carbamidomethyl	C	2
PSM812_2_25391	Carbamidomethyl	C	2
PSM812_2_25395	Carbamidomethyl	C	17
PSM812_2_25396	Carbamidomethyl	C	17
PSM812_2_25397	Carbamidomethyl	C	17
PSM812_2_254	Carbamidomethyl	C	27
PSM812_2_2540	Carbamidomethyl	C	3
PSM812_2_2540	Carbamidomethyl	C	16
PSM812_2_2541	Carbamidomethyl	C	3
PSM812_2_2541	Carbamidomethyl	C	16
PSM812_2_25414	Carbamidomethyl	C	5
PSM812_2_25414	Carbamidomethyl	C	10
PSM812_2_25415	Carbamidomethyl	C	5
PSM812_2_25415	Carbamidomethyl	C	10
PSM812_2_25416	Carbamidomethyl	C	5
PSM812_2_25416	Carbamidomethyl	C	10
PSM812_2_2542	Carbamidomethyl	C	3
PSM812_2_2542	Carbamidomethyl	C	16
PSM812_2_25423	Carbamidomethyl	C	1
PSM812_2_25424	Carbamidomethyl	C	1
PSM812_2_25425	Carbamidomethyl	C	1
PSM812_2_25426	Carbamidomethyl	C	1
PSM812_2_25427	Carbamidomethyl	C	1
PSM812_2_25428	Carbamidomethyl	C	1
PSM812_2_2543	Carbamidomethyl	C	3
PSM812_2_2543	Carbamidomethyl	C	16
PSM812_2_25432	Carbamidomethyl	C	22
PSM812_2_25432	Carbamidomethyl	C	25
PSM812_2_25433	Carbamidomethyl	C	22
PSM812_2_25433	Carbamidomethyl	C	25
PSM812_2_25445	Carbamidomethyl	C	12
PSM812_2_25446	Carbamidomethyl	C	12
PSM812_2_2548	Carbamidomethyl	C	12
PSM812_2_2549	Carbamidomethyl	C	12
PSM812_2_25495	Carbamidomethyl	C	5
PSM812_2_25496	Carbamidomethyl	C	5
PSM812_2_255	Carbamidomethyl	C	27
PSM812_2_25526	Carbamidomethyl	C	14
PSM812_2_25528	Carbamidomethyl	C	19
PSM812_2_25529	Carbamidomethyl	C	19
PSM812_2_25530	Carbamidomethyl	C	19
PSM812_2_25558	Carbamidomethyl	C	7
PSM812_2_25559	Carbamidomethyl	C	7
PSM812_2_25561	Carbamidomethyl	C	7
PSM812_2_25562	Carbamidomethyl	C	7
PSM812_2_25564	Carbamidomethyl	C	8
PSM812_2_25565	Carbamidomethyl	C	8
PSM812_2_25566	Carbamidomethyl	C	22
PSM812_2_25567	Carbamidomethyl	C	22
PSM812_2_25568	Carbamidomethyl	C	22
PSM812_2_25576	Carbamidomethyl	C	7
PSM812_2_25577	Carbamidomethyl	C	7
PSM812_2_25586	Carbamidomethyl	C	7
PSM812_2_25587	Carbamidomethyl	C	7
PSM812_2_25588	Carbamidomethyl	C	7
PSM812_2_25589	Carbamidomethyl	C	7
PSM812_2_25594	Carbamidomethyl	C	8
PSM812_2_25596	Carbamidomethyl	C	10
PSM812_2_25597	Carbamidomethyl	C	10
PSM812_2_25598	Carbamidomethyl	C	10
PSM812_2_25599	Carbamidomethyl	C	10
PSM812_2_256	Carbamidomethyl	C	27
PSM812_2_25600	Carbamidomethyl	C	10
PSM812_2_25603	Carbamidomethyl	C	18
PSM812_2_25604	Carbamidomethyl	C	18
PSM812_2_25619	Carbamidomethyl	C	10
PSM812_2_2565	Carbamidomethyl	C	5
PSM812_2_25659	Carbamidomethyl	C	10
PSM812_2_2566	Carbamidomethyl	C	5
PSM812_2_25660	Carbamidomethyl	C	10
PSM812_2_25661	Carbamidomethyl	C	10
PSM812_2_25662	Carbamidomethyl	C	10
PSM812_2_25663	Carbamidomethyl	C	3
PSM812_2_25664	Carbamidomethyl	C	3
PSM812_2_25665	Carbamidomethyl	C	3
PSM812_2_25666	Carbamidomethyl	C	3
PSM812_2_25667	Carbamidomethyl	C	16
PSM812_2_25668	Carbamidomethyl	C	16
PSM812_2_25669	Carbamidomethyl	C	16
PSM812_2_2567	Carbamidomethyl	C	5
PSM812_2_2568	Carbamidomethyl	C	5
PSM812_2_2569	Carbamidomethyl	C	5
PSM812_2_257	Carbamidomethyl	C	27
PSM812_2_2570	Carbamidomethyl	C	5
PSM812_2_25702	Carbamidomethyl	C	3
PSM812_2_25702	Carbamidomethyl	C	4
PSM812_2_25703	Carbamidomethyl	C	3
PSM812_2_25703	Carbamidomethyl	C	4
PSM812_2_25704	Carbamidomethyl	C	3
PSM812_2_25704	Carbamidomethyl	C	4
PSM812_2_25705	Carbamidomethyl	C	3
PSM812_2_25705	Carbamidomethyl	C	4
PSM812_2_25706	Carbamidomethyl	C	3
PSM812_2_25706	Carbamidomethyl	C	4
PSM812_2_25707	Carbamidomethyl	C	3
PSM812_2_25707	Carbamidomethyl	C	4
PSM812_2_25708	Carbamidomethyl	C	3
PSM812_2_25708	Carbamidomethyl	C	4
PSM812_2_2571	Carbamidomethyl	C	5
PSM812_2_2572	Carbamidomethyl	C	5
PSM812_2_2573	Carbamidomethyl	C	5
PSM812_2_25730	Carbamidomethyl	C	10
PSM812_2_25731	Carbamidomethyl	C	10
PSM812_2_25732	Carbamidomethyl	C	10
PSM812_2_25733	Carbamidomethyl	C	10
PSM812_2_25734	Carbamidomethyl	C	10
PSM812_2_25735	Carbamidomethyl	C	10
PSM812_2_25736	Carbamidomethyl	C	10
PSM812_2_25737	Carbamidomethyl	C	10
PSM812_2_25738	Carbamidomethyl	C	10
PSM812_2_25739	Carbamidomethyl	C	10
PSM812_2_2574	Carbamidomethyl	C	5
PSM812_2_25740	Carbamidomethyl	C	10
PSM812_2_25748	Carbamidomethyl	C	9
PSM812_2_25749	Carbamidomethyl	C	9
PSM812_2_2575	Carbamidomethyl	C	5
PSM812_2_25750	Carbamidomethyl	C	9
PSM812_2_25753	Carbamidomethyl	C	7
PSM812_2_25753	Carbamidomethyl	C	8
PSM812_2_25753	Carbamidomethyl	C	11
PSM812_2_25753	Carbamidomethyl	C	19
PSM812_2_25753	Carbamidomethyl	C	34
PSM812_2_25754	Carbamidomethyl	C	7
PSM812_2_25754	Carbamidomethyl	C	8
PSM812_2_25754	Carbamidomethyl	C	11
PSM812_2_25754	Carbamidomethyl	C	19
PSM812_2_25754	Carbamidomethyl	C	34
PSM812_2_25755	Carbamidomethyl	C	7
PSM812_2_25755	Carbamidomethyl	C	8
PSM812_2_25755	Carbamidomethyl	C	11
PSM812_2_25755	Carbamidomethyl	C	19
PSM812_2_25755	Carbamidomethyl	C	34
PSM812_2_25756	Carbamidomethyl	C	7
PSM812_2_25756	Carbamidomethyl	C	8
PSM812_2_25756	Carbamidomethyl	C	11
PSM812_2_25756	Carbamidomethyl	C	19
PSM812_2_25756	Carbamidomethyl	C	34
PSM812_2_25757	Carbamidomethyl	C	7
PSM812_2_25757	Carbamidomethyl	C	8
PSM812_2_25757	Carbamidomethyl	C	11
PSM812_2_25757	Carbamidomethyl	C	19
PSM812_2_25757	Carbamidomethyl	C	34
PSM812_2_25758	Carbamidomethyl	C	6
PSM812_2_2576	Carbamidomethyl	C	5
PSM812_2_2577	Carbamidomethyl	C	5
PSM812_2_25771	Carbamidomethyl	C	9
PSM812_2_25772	Carbamidomethyl	C	9
PSM812_2_25773	Carbamidomethyl	C	9
PSM812_2_2578	Carbamidomethyl	C	5
PSM812_2_25781	Carbamidomethyl	C	6
PSM812_2_25782	Carbamidomethyl	C	6
PSM812_2_25785	Carbamidomethyl	C	5
PSM812_2_25785	Carbamidomethyl	C	9
PSM812_2_25786	Carbamidomethyl	C	27
PSM812_2_2579	Carbamidomethyl	C	5
PSM812_2_25790	Carbamidomethyl	C	10
PSM812_2_25794	Carbamidomethyl	C	16
PSM812_2_25795	Carbamidomethyl	C	16
PSM812_2_258	Carbamidomethyl	C	27
PSM812_2_2580	Carbamidomethyl	C	5
PSM812_2_25803	Carbamidomethyl	C	4
PSM812_2_25803	Carbamidomethyl	C	14
PSM812_2_25803	Carbamidomethyl	C	15
PSM812_2_25826	Carbamidomethyl	C	6
PSM812_2_25832	Carbamidomethyl	C	1
PSM812_2_25832	Carbamidomethyl	C	10
PSM812_2_25833	Carbamidomethyl	C	1
PSM812_2_25833	Carbamidomethyl	C	10
PSM812_2_25848	Carbamidomethyl	C	19
PSM812_2_25849	Carbamidomethyl	C	19
PSM812_2_25850	Carbamidomethyl	C	19
PSM812_2_25851	Carbamidomethyl	C	12
PSM812_2_25852	Carbamidomethyl	C	18
PSM812_2_25853	Carbamidomethyl	C	18
PSM812_2_25854	Carbamidomethyl	C	18
PSM812_2_25855	Carbamidomethyl	C	18
PSM812_2_25856	Carbamidomethyl	C	18
PSM812_2_25866	Carbamidomethyl	C	12
PSM812_2_25895	Carbamidomethyl	C	7
PSM812_2_25896	Carbamidomethyl	C	7
PSM812_2_25897	Carbamidomethyl	C	7
PSM812_2_25898	Carbamidomethyl	C	7
PSM812_2_25899	Carbamidomethyl	C	7
PSM812_2_259	Carbamidomethyl	C	27
PSM812_2_25900	Carbamidomethyl	C	5
PSM812_2_25901	Carbamidomethyl	C	15
PSM812_2_25902	Carbamidomethyl	C	15
PSM812_2_25903	Carbamidomethyl	C	15
PSM812_2_25912	Carbamidomethyl	C	7
PSM812_2_25912	Carbamidomethyl	C	15
PSM812_2_25913	Carbamidomethyl	C	7
PSM812_2_25913	Carbamidomethyl	C	15
PSM812_2_25927	Carbamidomethyl	C	4
PSM812_2_25931	Carbamidomethyl	C	6
PSM812_2_25932	Carbamidomethyl	C	6
PSM812_2_25936	Carbamidomethyl	C	6
PSM812_2_25937	Carbamidomethyl	C	10
PSM812_2_25937	Carbamidomethyl	C	13
PSM812_2_25938	Carbamidomethyl	C	10
PSM812_2_25938	Carbamidomethyl	C	13
PSM812_2_25939	Carbamidomethyl	C	13
PSM812_2_25945	Oxidation	M	1
PSM812_2_25946	Oxidation	M	1
PSM812_2_25950	Gln->pyro-Glu	N-term	
PSM812_2_25963	Gln->pyro-Glu	N-term	
PSM812_2_25964	Carbamidomethyl	C	2
PSM812_2_25964	Carbamidomethyl	C	6
PSM812_2_25965	Carbamidomethyl	C	2
PSM812_2_25965	Carbamidomethyl	C	6
PSM812_2_25966	Carbamidomethyl	C	2
PSM812_2_25966	Carbamidomethyl	C	6
PSM812_2_25967	Carbamidomethyl	C	12
PSM812_2_25968	Carbamidomethyl	C	12
PSM812_2_25969	Ammonia-loss	N-term	
PSM812_2_25969	Carbamidomethyl	C	1
PSM812_2_25970	Ammonia-loss	N-term	
PSM812_2_25970	Carbamidomethyl	C	1
PSM812_2_25973	Ammonia-loss	N-term	
PSM812_2_25973	Carbamidomethyl	C	1
PSM812_2_25974	Ammonia-loss	N-term	
PSM812_2_25974	Carbamidomethyl	C	1
PSM812_2_25978	Gln->pyro-Glu	N-term	
PSM812_2_25978	Carbamidomethyl	C	9
PSM812_2_25979	Gln->pyro-Glu	N-term	
PSM812_2_25979	Carbamidomethyl	C	9
PSM812_2_25989	Gln->pyro-Glu	N-term	
PSM812_2_25989	Carbamidomethyl	C	9
PSM812_2_25990	Gln->pyro-Glu	N-term	
PSM812_2_25990	Carbamidomethyl	C	9
PSM812_2_25993	Acetyl	N-term	
PSM812_2_25994	Acetyl	N-term	
PSM812_2_25996	Carbamidomethyl	C	4
PSM812_2_25996	Carbamidomethyl	C	16
PSM812_2_25996	Carbamidomethyl	C	19
PSM812_2_25996	Carbamidomethyl	C	24
PSM812_2_25997	Carbamidomethyl	C	4
PSM812_2_25997	Carbamidomethyl	C	16
PSM812_2_25997	Carbamidomethyl	C	19
PSM812_2_25997	Carbamidomethyl	C	24
PSM812_2_260	Carbamidomethyl	C	27
PSM812_2_26003	Gln->pyro-Glu	N-term	
PSM812_2_26003	Carbamidomethyl	C	7
PSM812_2_26004	Carbamidomethyl	C	2
PSM812_2_26004	Carbamidomethyl	C	5
PSM812_2_26005	Carbamidomethyl	C	2
PSM812_2_26005	Carbamidomethyl	C	5
PSM812_2_26006	Carbamidomethyl	C	2
PSM812_2_26006	Carbamidomethyl	C	5
PSM812_2_26007	Carbamidomethyl	C	2
PSM812_2_26007	Carbamidomethyl	C	5
PSM812_2_26008	Carbamidomethyl	C	2
PSM812_2_26008	Carbamidomethyl	C	5
PSM812_2_26009	Acetyl	N-term	
PSM812_2_26010	Acetyl	N-term	
PSM812_2_26011	Acetyl	N-term	
PSM812_2_26012	Carbamidomethyl	C	12
PSM812_2_26014	Acetyl	N-term	
PSM812_2_26015	Acetyl	N-term	
PSM812_2_26016	Acetyl	N-term	
PSM812_2_26021	Ammonia-loss	N-term	
PSM812_2_26021	Carbamidomethyl	C	1
PSM812_2_26022	Ammonia-loss	N-term	
PSM812_2_26022	Carbamidomethyl	C	1
PSM812_2_26023	Acetyl	N-term	
PSM812_2_26024	Acetyl	N-term	
PSM812_2_26025	Acetyl	N-term	
PSM812_2_26026	Acetyl	N-term	
PSM812_2_26031	Carbamidomethyl	C	15
PSM812_2_26032	Carbamidomethyl	C	15
PSM812_2_26033	Carbamidomethyl	C	15
PSM812_2_26034	Gln->pyro-Glu	N-term	
PSM812_2_2604	Carbamidomethyl	C	12
PSM812_2_2605	Carbamidomethyl	C	12
PSM812_2_26055	Carbamidomethyl	C	16
PSM812_2_26057	Carbamidomethyl	C	2
PSM812_2_26058	Carbamidomethyl	C	2
PSM812_2_26059	Carbamidomethyl	C	2
PSM812_2_26060	Carbamidomethyl	C	2
PSM812_2_26061	Carbamidomethyl	C	2
PSM812_2_26062	Carbamidomethyl	C	15
PSM812_2_26063	Carbamidomethyl	C	15
PSM812_2_26066	Carbamidomethyl	C	11
PSM812_2_26067	Carbamidomethyl	C	11
PSM812_2_26068	Carbamidomethyl	C	11
PSM812_2_26069	Carbamidomethyl	C	11
PSM812_2_26070	Carbamidomethyl	C	6
PSM812_2_26071	Carbamidomethyl	C	6
PSM812_2_26072	Carbamidomethyl	C	6
PSM812_2_26073	Carbamidomethyl	C	6
PSM812_2_26083	Carbamidomethyl	C	23
PSM812_2_26084	Carbamidomethyl	C	23
PSM812_2_26092	Carbamidomethyl	C	3
PSM812_2_26093	Carbamidomethyl	C	3
PSM812_2_26094	Carbamidomethyl	C	3
PSM812_2_261	Carbamidomethyl	C	27
PSM812_2_26101	Carbamidomethyl	C	26
PSM812_2_26101	Carbamidomethyl	C	37
PSM812_2_26102	Carbamidomethyl	C	26
PSM812_2_26102	Carbamidomethyl	C	37
PSM812_2_2611	Carbamidomethyl	C	20
PSM812_2_26153	Carbamidomethyl	C	11
PSM812_2_26154	Carbamidomethyl	C	11
PSM812_2_26155	Carbamidomethyl	C	11
PSM812_2_26156	Carbamidomethyl	C	16
PSM812_2_26157	Carbamidomethyl	C	16
PSM812_2_26158	Carbamidomethyl	C	16
PSM812_2_26159	Carbamidomethyl	C	16
PSM812_2_26160	Carbamidomethyl	C	16
PSM812_2_26161	Oxidation	M	1
PSM812_2_26162	Carbamidomethyl	C	7
PSM812_2_26166	Carbamidomethyl	C	19
PSM812_2_26167	Carbamidomethyl	C	19
PSM812_2_26173	Carbamidomethyl	C	22
PSM812_2_26174	Carbamidomethyl	C	22
PSM812_2_26175	Carbamidomethyl	C	19
PSM812_2_26176	Carbamidomethyl	C	19
PSM812_2_26177	Carbamidomethyl	C	19
PSM812_2_26178	Carbamidomethyl	C	19
PSM812_2_26179	Carbamidomethyl	C	19
PSM812_2_2618	Carbamidomethyl	C	18
PSM812_2_26180	Carbamidomethyl	C	19
PSM812_2_26181	Carbamidomethyl	C	19
PSM812_2_26182	Carbamidomethyl	C	19
PSM812_2_26183	Carbamidomethyl	C	19
PSM812_2_26184	Carbamidomethyl	C	19
PSM812_2_2619	Carbamidomethyl	C	18
PSM812_2_26193	Carbamidomethyl	C	15
PSM812_2_26194	Carbamidomethyl	C	15
PSM812_2_26195	Carbamidomethyl	C	15
PSM812_2_26196	Carbamidomethyl	C	15
PSM812_2_26197	Carbamidomethyl	C	15
PSM812_2_26198	Carbamidomethyl	C	15
PSM812_2_26199	Carbamidomethyl	C	15
PSM812_2_262	Carbamidomethyl	C	27
PSM812_2_26200	Carbamidomethyl	C	15
PSM812_2_26202	Carbamidomethyl	C	13
PSM812_2_26203	Carbamidomethyl	C	2
PSM812_2_26204	Carbamidomethyl	C	2
PSM812_2_26205	Carbamidomethyl	C	2
PSM812_2_26212	Carbamidomethyl	C	9
PSM812_2_26212	Carbamidomethyl	C	18
PSM812_2_26212	Carbamidomethyl	C	23
PSM812_2_26213	Carbamidomethyl	C	11
PSM812_2_26214	Carbamidomethyl	C	11
PSM812_2_26215	Carbamidomethyl	C	11
PSM812_2_26220	Carbamidomethyl	C	15
PSM812_2_26221	Carbamidomethyl	C	15
PSM812_2_26222	Carbamidomethyl	C	15
PSM812_2_26239	Carbamidomethyl	C	2
PSM812_2_2624	Carbamidomethyl	C	7
PSM812_2_26240	Carbamidomethyl	C	2
PSM812_2_26241	Carbamidomethyl	C	2
PSM812_2_2625	Carbamidomethyl	C	7
PSM812_2_26252	Carbamidomethyl	C	20
PSM812_2_26253	Carbamidomethyl	C	20
PSM812_2_26254	Carbamidomethyl	C	20
PSM812_2_2626	Carbamidomethyl	C	7
PSM812_2_2627	Carbamidomethyl	C	7
PSM812_2_26273	Carbamidomethyl	C	5
PSM812_2_26274	Carbamidomethyl	C	5
PSM812_2_26277	Carbamidomethyl	C	5
PSM812_2_26277	Carbamidomethyl	C	21
PSM812_2_26278	Carbamidomethyl	C	5
PSM812_2_26278	Carbamidomethyl	C	21
PSM812_2_26279	Carbamidomethyl	C	5
PSM812_2_26279	Carbamidomethyl	C	21
PSM812_2_2628	Carbamidomethyl	C	7
PSM812_2_2629	Carbamidomethyl	C	7
PSM812_2_263	Carbamidomethyl	C	27
PSM812_2_2630	Carbamidomethyl	C	7
PSM812_2_2631	Carbamidomethyl	C	2
PSM812_2_26312	Carbamidomethyl	C	7
PSM812_2_26312	Carbamidomethyl	C	12
PSM812_2_26313	Carbamidomethyl	C	7
PSM812_2_26313	Carbamidomethyl	C	12
PSM812_2_26314	Carbamidomethyl	C	7
PSM812_2_26314	Carbamidomethyl	C	12
PSM812_2_26315	Carbamidomethyl	C	3
PSM812_2_26316	Carbamidomethyl	C	3
PSM812_2_26317	Carbamidomethyl	C	3
PSM812_2_2632	Carbamidomethyl	C	2
PSM812_2_26323	Carbamidomethyl	C	4
PSM812_2_26324	Carbamidomethyl	C	4
PSM812_2_26325	Carbamidomethyl	C	4
PSM812_2_26326	Carbamidomethyl	C	4
PSM812_2_26327	Carbamidomethyl	C	4
PSM812_2_2633	Acetyl	N-term	
PSM812_2_26333	Carbamidomethyl	C	4
PSM812_2_26334	Carbamidomethyl	C	4
PSM812_2_2634	Acetyl	N-term	
PSM812_2_26341	Carbamidomethyl	C	12
PSM812_2_26342	Carbamidomethyl	C	12
PSM812_2_26343	Carbamidomethyl	C	12
PSM812_2_26344	Carbamidomethyl	C	12
PSM812_2_26345	Carbamidomethyl	C	12
PSM812_2_2635	Acetyl	N-term	
PSM812_2_26351	Carbamidomethyl	C	16
PSM812_2_26352	Carbamidomethyl	C	16
PSM812_2_26353	Carbamidomethyl	C	17
PSM812_2_26353	Carbamidomethyl	C	25
PSM812_2_26354	Carbamidomethyl	C	17
PSM812_2_26354	Carbamidomethyl	C	25
PSM812_2_2636	Acetyl	N-term	
PSM812_2_26362	Carbamidomethyl	C	13
PSM812_2_2637	Gln->pyro-Glu	N-term	
PSM812_2_26370	Carbamidomethyl	C	13
PSM812_2_2638	Gln->pyro-Glu	N-term	
PSM812_2_264	Carbamidomethyl	C	27
PSM812_2_26410	Gln->pyro-Glu	N-term	
PSM812_2_26411	Gln->pyro-Glu	N-term	
PSM812_2_26412	Gln->pyro-Glu	N-term	
PSM812_2_26413	Gln->pyro-Glu	N-term	
PSM812_2_26414	Gln->pyro-Glu	N-term	
PSM812_2_26415	Gln->pyro-Glu	N-term	
PSM812_2_26416	Gln->pyro-Glu	N-term	
PSM812_2_26417	Gln->pyro-Glu	N-term	
PSM812_2_26418	Gln->pyro-Glu	N-term	
PSM812_2_26419	Gln->pyro-Glu	N-term	
PSM812_2_26420	Gln->pyro-Glu	N-term	
PSM812_2_26421	Gln->pyro-Glu	N-term	
PSM812_2_26422	Gln->pyro-Glu	N-term	
PSM812_2_26423	Gln->pyro-Glu	N-term	
PSM812_2_26424	Gln->pyro-Glu	N-term	
PSM812_2_26425	Gln->pyro-Glu	N-term	
PSM812_2_26426	Gln->pyro-Glu	N-term	
PSM812_2_26427	Gln->pyro-Glu	N-term	
PSM812_2_2643	Carbamidomethyl	C	25
PSM812_2_26433	Acetyl	N-term	
PSM812_2_26434	Acetyl	N-term	
PSM812_2_26435	Acetyl	N-term	
PSM812_2_26436	Acetyl	N-term	
PSM812_2_26437	Acetyl	N-term	
PSM812_2_26438	Gln->pyro-Glu	N-term	
PSM812_2_26439	Gln->pyro-Glu	N-term	
PSM812_2_2644	Carbamidomethyl	C	25
PSM812_2_26444	Acetyl	N-term	
PSM812_2_26444	Carbamidomethyl	C	12
PSM812_2_26444	Carbamidomethyl	C	15
PSM812_2_26444	Carbamidomethyl	C	16
PSM812_2_26444	Carbamidomethyl	C	25
PSM812_2_26445	Acetyl	N-term	
PSM812_2_26445	Carbamidomethyl	C	12
PSM812_2_26445	Carbamidomethyl	C	15
PSM812_2_26445	Carbamidomethyl	C	16
PSM812_2_26445	Carbamidomethyl	C	25
PSM812_2_26446	Acetyl	N-term	
PSM812_2_26446	Carbamidomethyl	C	12
PSM812_2_26446	Carbamidomethyl	C	15
PSM812_2_26446	Carbamidomethyl	C	16
PSM812_2_26446	Carbamidomethyl	C	25
PSM812_2_26447	Acetyl	N-term	
PSM812_2_26447	Carbamidomethyl	C	12
PSM812_2_26447	Carbamidomethyl	C	15
PSM812_2_26447	Carbamidomethyl	C	16
PSM812_2_26447	Carbamidomethyl	C	25
PSM812_2_26454	Gln->pyro-Glu	N-term	
PSM812_2_26455	Gln->pyro-Glu	N-term	
PSM812_2_26456	Gln->pyro-Glu	N-term	
PSM812_2_26457	Gln->pyro-Glu	N-term	
PSM812_2_26457	Carbamidomethyl	C	11
PSM812_2_26457	Carbamidomethyl	C	18
PSM812_2_26458	Gln->pyro-Glu	N-term	
PSM812_2_26458	Carbamidomethyl	C	11
PSM812_2_26458	Carbamidomethyl	C	18
PSM812_2_26459	Gln->pyro-Glu	N-term	
PSM812_2_26459	Carbamidomethyl	C	11
PSM812_2_26459	Carbamidomethyl	C	18
PSM812_2_26460	Gln->pyro-Glu	N-term	
PSM812_2_26460	Carbamidomethyl	C	11
PSM812_2_26460	Carbamidomethyl	C	18
PSM812_2_26488	Carbamidomethyl	C	15
PSM812_2_26488	Carbamidomethyl	C	16
PSM812_2_26489	Carbamidomethyl	C	15
PSM812_2_26489	Carbamidomethyl	C	16
PSM812_2_26490	Carbamidomethyl	C	12
PSM812_2_26490	Carbamidomethyl	C	26
PSM812_2_26493	Carbamidomethyl	C	3
PSM812_2_26494	Carbamidomethyl	C	3
PSM812_2_26495	Carbamidomethyl	C	3
PSM812_2_26496	Carbamidomethyl	C	3
PSM812_2_26499	Carbamidomethyl	C	5
PSM812_2_26499	Carbamidomethyl	C	12
PSM812_2_26499	Carbamidomethyl	C	17
PSM812_2_265	Carbamidomethyl	C	27
PSM812_2_26500	Carbamidomethyl	C	5
PSM812_2_26500	Carbamidomethyl	C	12
PSM812_2_26500	Carbamidomethyl	C	17
PSM812_2_26503	Carbamidomethyl	C	17
PSM812_2_26504	Carbamidomethyl	C	10
PSM812_2_26511	Carbamidomethyl	C	1
PSM812_2_26512	Carbamidomethyl	C	1
PSM812_2_26515	Carbamidomethyl	C	5
PSM812_2_26515	Carbamidomethyl	C	20
PSM812_2_26516	Carbamidomethyl	C	5
PSM812_2_26516	Carbamidomethyl	C	20
PSM812_2_26517	Carbamidomethyl	C	5
PSM812_2_26517	Carbamidomethyl	C	20
PSM812_2_26518	Carbamidomethyl	C	5
PSM812_2_26518	Carbamidomethyl	C	20
PSM812_2_26519	Carbamidomethyl	C	5
PSM812_2_26519	Carbamidomethyl	C	20
PSM812_2_26520	Carbamidomethyl	C	22
PSM812_2_26529	Carbamidomethyl	C	2
PSM812_2_26529	Carbamidomethyl	C	21
PSM812_2_26531	Gln->pyro-Glu	N-term	
PSM812_2_26531	Carbamidomethyl	C	6
PSM812_2_26531	Carbamidomethyl	C	7
PSM812_2_26532	Gln->pyro-Glu	N-term	
PSM812_2_26532	Carbamidomethyl	C	6
PSM812_2_26532	Carbamidomethyl	C	7
PSM812_2_26553	Gln->pyro-Glu	N-term	
PSM812_2_26553	Carbamidomethyl	C	6
PSM812_2_26554	Carbamidomethyl	C	6
PSM812_2_26555	Ammonia-loss	N-term	
PSM812_2_26555	Carbamidomethyl	C	1
PSM812_2_26556	Ammonia-loss	N-term	
PSM812_2_26556	Carbamidomethyl	C	1
PSM812_2_26557	Ammonia-loss	N-term	
PSM812_2_26557	Carbamidomethyl	C	1
PSM812_2_26558	Gln->pyro-Glu	N-term	
PSM812_2_26559	Gln->pyro-Glu	N-term	
PSM812_2_26560	Gln->pyro-Glu	N-term	
PSM812_2_26561	Gln->pyro-Glu	N-term	
PSM812_2_26562	Gln->pyro-Glu	N-term	
PSM812_2_26563	Ammonia-loss	N-term	
PSM812_2_26563	Carbamidomethyl	C	1
PSM812_2_26563	Carbamidomethyl	C	4
PSM812_2_26564	Ammonia-loss	N-term	
PSM812_2_26564	Carbamidomethyl	C	1
PSM812_2_26564	Carbamidomethyl	C	4
PSM812_2_26565	Ammonia-loss	N-term	
PSM812_2_26565	Carbamidomethyl	C	1
PSM812_2_26565	Carbamidomethyl	C	4
PSM812_2_26566	Gln->pyro-Glu	N-term	
PSM812_2_26567	Gln->pyro-Glu	N-term	
PSM812_2_26571	Carbamidomethyl	C	5
PSM812_2_26581	Carbamidomethyl	C	3
PSM812_2_26581	Carbamidomethyl	C	11
PSM812_2_26582	Carbamidomethyl	C	3
PSM812_2_26582	Carbamidomethyl	C	11
PSM812_2_26583	Carbamidomethyl	C	5
PSM812_2_26584	Carbamidomethyl	C	5
PSM812_2_26590	Carbamidomethyl	C	7
PSM812_2_26591	Carbamidomethyl	C	7
PSM812_2_26592	Carbamidomethyl	C	7
PSM812_2_26593	Carbamidomethyl	C	10
PSM812_2_26594	Carbamidomethyl	C	10
PSM812_2_26595	Carbamidomethyl	C	10
PSM812_2_26596	Carbamidomethyl	C	1
PSM812_2_26599	Carbamidomethyl	C	6
PSM812_2_266	Carbamidomethyl	C	27
PSM812_2_26600	Carbamidomethyl	C	7
PSM812_2_26601	Carbamidomethyl	C	7
PSM812_2_26602	Carbamidomethyl	C	5
PSM812_2_26603	Carbamidomethyl	C	5
PSM812_2_26609	Carbamidomethyl	C	12
PSM812_2_26616	Carbamidomethyl	C	5
PSM812_2_26616	Carbamidomethyl	C	6
PSM812_2_26617	Carbamidomethyl	C	5
PSM812_2_26617	Carbamidomethyl	C	6
PSM812_2_26618	Carbamidomethyl	C	5
PSM812_2_26618	Carbamidomethyl	C	6
PSM812_2_26619	Carbamidomethyl	C	5
PSM812_2_26619	Carbamidomethyl	C	6
PSM812_2_26624	Carbamidomethyl	C	1
PSM812_2_26624	Carbamidomethyl	C	4
PSM812_2_26625	Carbamidomethyl	C	1
PSM812_2_26625	Carbamidomethyl	C	4
PSM812_2_26626	Carbamidomethyl	C	1
PSM812_2_26626	Carbamidomethyl	C	4
PSM812_2_26636	Carbamidomethyl	C	7
PSM812_2_26637	Carbamidomethyl	C	10
PSM812_2_2665	Carbamidomethyl	C	18
PSM812_2_26650	Carbamidomethyl	C	4
PSM812_2_26651	Carbamidomethyl	C	4
PSM812_2_26652	Carbamidomethyl	C	4
PSM812_2_26654	Carbamidomethyl	C	2
PSM812_2_26654	Carbamidomethyl	C	4
PSM812_2_26654	Carbamidomethyl	C	15
PSM812_2_26655	Carbamidomethyl	C	2
PSM812_2_26655	Carbamidomethyl	C	4
PSM812_2_26655	Carbamidomethyl	C	15
PSM812_2_2666	Carbamidomethyl	C	18
PSM812_2_26672	Carbamidomethyl	C	4
PSM812_2_26673	Carbamidomethyl	C	4
PSM812_2_26674	Carbamidomethyl	C	4
PSM812_2_26675	Carbamidomethyl	C	4
PSM812_2_26676	Carbamidomethyl	C	4
PSM812_2_26687	Carbamidomethyl	C	7
PSM812_2_26688	Carbamidomethyl	C	7
PSM812_2_26689	Carbamidomethyl	C	7
PSM812_2_26696	Carbamidomethyl	C	1
PSM812_2_26696	Carbamidomethyl	C	4
PSM812_2_26696	Carbamidomethyl	C	9
PSM812_2_26696	Carbamidomethyl	C	12
PSM812_2_26697	Carbamidomethyl	C	1
PSM812_2_26697	Carbamidomethyl	C	4
PSM812_2_26697	Carbamidomethyl	C	9
PSM812_2_26697	Carbamidomethyl	C	12
PSM812_2_267	Carbamidomethyl	C	27
PSM812_2_26708	Carbamidomethyl	C	8
PSM812_2_26723	Carbamidomethyl	C	7
PSM812_2_26723	Carbamidomethyl	C	12
PSM812_2_26735	Carbamidomethyl	C	4
PSM812_2_26735	Carbamidomethyl	C	10
PSM812_2_26742	Carbamidomethyl	C	6
PSM812_2_26742	Carbamidomethyl	C	7
PSM812_2_26743	Carbamidomethyl	C	6
PSM812_2_26743	Carbamidomethyl	C	7
PSM812_2_26744	Carbamidomethyl	C	6
PSM812_2_26744	Carbamidomethyl	C	7
PSM812_2_26745	Carbamidomethyl	C	6
PSM812_2_26745	Carbamidomethyl	C	7
PSM812_2_26746	Carbamidomethyl	C	6
PSM812_2_26746	Carbamidomethyl	C	7
PSM812_2_26747	Carbamidomethyl	C	6
PSM812_2_26747	Carbamidomethyl	C	7
PSM812_2_26748	Carbamidomethyl	C	6
PSM812_2_26748	Carbamidomethyl	C	7
PSM812_2_26749	Carbamidomethyl	C	6
PSM812_2_26749	Carbamidomethyl	C	7
PSM812_2_26750	Acetyl	N-term	
PSM812_2_26750	Carbamidomethyl	C	12
PSM812_2_26751	Acetyl	N-term	
PSM812_2_26751	Carbamidomethyl	C	12
PSM812_2_26752	Carbamidomethyl	C	11
PSM812_2_26775	Carbamidomethyl	C	12
PSM812_2_26776	Carbamidomethyl	C	12
PSM812_2_26777	Carbamidomethyl	C	12
PSM812_2_26784	Carbamidomethyl	C	9
PSM812_2_268	Carbamidomethyl	C	27
PSM812_2_26806	Carbamidomethyl	C	5
PSM812_2_26806	Carbamidomethyl	C	12
PSM812_2_26814	Carbamidomethyl	C	10
PSM812_2_26815	Carbamidomethyl	C	8
PSM812_2_26816	Carbamidomethyl	C	8
PSM812_2_26817	Oxidation	M	5
PSM812_2_26832	Carbamidomethyl	C	2
PSM812_2_26832	Carbamidomethyl	C	12
PSM812_2_26846	Carbamidomethyl	C	8
PSM812_2_26847	Carbamidomethyl	C	8
PSM812_2_26848	Carbamidomethyl	C	10
PSM812_2_26849	Carbamidomethyl	C	10
PSM812_2_26850	Carbamidomethyl	C	10
PSM812_2_26851	Carbamidomethyl	C	10
PSM812_2_26852	Carbamidomethyl	C	7
PSM812_2_26853	Carbamidomethyl	C	7
PSM812_2_26854	Carbamidomethyl	C	7
PSM812_2_26857	Carbamidomethyl	C	7
PSM812_2_26858	Carbamidomethyl	C	7
PSM812_2_26859	Carbamidomethyl	C	7
PSM812_2_26860	Carbamidomethyl	C	7
PSM812_2_26861	Carbamidomethyl	C	7
PSM812_2_26862	Carbamidomethyl	C	7
PSM812_2_26863	Carbamidomethyl	C	7
PSM812_2_26864	Carbamidomethyl	C	7
PSM812_2_26865	Carbamidomethyl	C	12
PSM812_2_26865	Carbamidomethyl	C	13
PSM812_2_26867	Carbamidomethyl	C	16
PSM812_2_26868	Carbamidomethyl	C	16
PSM812_2_26872	Carbamidomethyl	C	3
PSM812_2_26873	Carbamidomethyl	C	3
PSM812_2_26874	Carbamidomethyl	C	3
PSM812_2_26875	Carbamidomethyl	C	3
PSM812_2_26876	Carbamidomethyl	C	3
PSM812_2_26877	Carbamidomethyl	C	3
PSM812_2_26878	Carbamidomethyl	C	3
PSM812_2_269	Carbamidomethyl	C	27
PSM812_2_26909	Carbamidomethyl	C	7
PSM812_2_26909	Carbamidomethyl	C	12
PSM812_2_26910	Carbamidomethyl	C	7
PSM812_2_26910	Carbamidomethyl	C	12
PSM812_2_26929	Carbamidomethyl	C	9
PSM812_2_26943	Carbamidomethyl	C	13
PSM812_2_26953	Carbamidomethyl	C	10
PSM812_2_26956	Carbamidomethyl	C	7
PSM812_2_26957	Carbamidomethyl	C	1
PSM812_2_26958	Carbamidomethyl	C	1
PSM812_2_26963	Carbamidomethyl	C	1
PSM812_2_26968	Carbamidomethyl	C	9
PSM812_2_26969	Carbamidomethyl	C	9
PSM812_2_26970	Carbamidomethyl	C	4
PSM812_2_26975	Carbamidomethyl	C	19
PSM812_2_26977	Carbamidomethyl	C	6
PSM812_2_26978	Carbamidomethyl	C	6
PSM812_2_26979	Carbamidomethyl	C	9
PSM812_2_26980	Carbamidomethyl	C	1
PSM812_2_26980	Carbamidomethyl	C	9
PSM812_2_26981	Carbamidomethyl	C	1
PSM812_2_26981	Carbamidomethyl	C	9
PSM812_2_26982	Carbamidomethyl	C	1
PSM812_2_26982	Carbamidomethyl	C	9
PSM812_2_26988	Carbamidomethyl	C	1
PSM812_2_26992	Carbamidomethyl	C	6
PSM812_2_26993	Carbamidomethyl	C	6
PSM812_2_26994	Carbamidomethyl	C	6
PSM812_2_26995	Carbamidomethyl	C	6
PSM812_2_26996	Carbamidomethyl	C	6
PSM812_2_26997	Carbamidomethyl	C	6
PSM812_2_26998	Carbamidomethyl	C	6
PSM812_2_270	Carbamidomethyl	C	27
PSM812_2_27007	Carbamidomethyl	C	1
PSM812_2_27007	Carbamidomethyl	C	4
PSM812_2_27007	Carbamidomethyl	C	15
PSM812_2_27009	Carbamidomethyl	C	4
PSM812_2_27029	Carbamidomethyl	C	14
PSM812_2_27030	Carbamidomethyl	C	14
PSM812_2_27031	Carbamidomethyl	C	9
PSM812_2_27032	Carbamidomethyl	C	9
PSM812_2_27039	Carbamidomethyl	C	8
PSM812_2_27040	Carbamidomethyl	C	8
PSM812_2_27041	Carbamidomethyl	C	8
PSM812_2_27042	Carbamidomethyl	C	8
PSM812_2_27043	Carbamidomethyl	C	8
PSM812_2_27055	Carbamidomethyl	C	4
PSM812_2_27057	Carbamidomethyl	C	5
PSM812_2_27058	Carbamidomethyl	C	5
PSM812_2_27079	Carbamidomethyl	C	11
PSM812_2_27087	Carbamidomethyl	C	6
PSM812_2_27088	Carbamidomethyl	C	6
PSM812_2_27089	Carbamidomethyl	C	6
PSM812_2_27090	Carbamidomethyl	C	10
PSM812_2_27091	Carbamidomethyl	C	10
PSM812_2_27092	Carbamidomethyl	C	10
PSM812_2_27093	Carbamidomethyl	C	3
PSM812_2_27094	Carbamidomethyl	C	3
PSM812_2_271	Carbamidomethyl	C	27
PSM812_2_27130	Carbamidomethyl	C	6
PSM812_2_27131	Carbamidomethyl	C	6
PSM812_2_27132	Carbamidomethyl	C	7
PSM812_2_27133	Carbamidomethyl	C	7
PSM812_2_27140	Carbamidomethyl	C	9
PSM812_2_27141	Carbamidomethyl	C	9
PSM812_2_27142	Carbamidomethyl	C	9
PSM812_2_27143	Carbamidomethyl	C	9
PSM812_2_27147	Carbamidomethyl	C	1
PSM812_2_27148	Carbamidomethyl	C	2
PSM812_2_27149	Carbamidomethyl	C	2
PSM812_2_27167	Carbamidomethyl	C	8
PSM812_2_27168	Carbamidomethyl	C	8
PSM812_2_27169	Carbamidomethyl	C	8
PSM812_2_27170	Carbamidomethyl	C	8
PSM812_2_27171	Carbamidomethyl	C	8
PSM812_2_27172	Carbamidomethyl	C	8
PSM812_2_27173	Carbamidomethyl	C	8
PSM812_2_27191	Carbamidomethyl	C	8
PSM812_2_27192	Carbamidomethyl	C	8
PSM812_2_27193	Carbamidomethyl	C	8
PSM812_2_27194	Carbamidomethyl	C	8
PSM812_2_272	Carbamidomethyl	C	27
PSM812_2_27203	Carbamidomethyl	C	11
PSM812_2_27204	Carbamidomethyl	C	11
PSM812_2_27205	Carbamidomethyl	C	8
PSM812_2_27215	Carbamidomethyl	C	15
PSM812_2_27216	Carbamidomethyl	C	15
PSM812_2_27217	Carbamidomethyl	C	15
PSM812_2_27218	Carbamidomethyl	C	15
PSM812_2_27228	Carbamidomethyl	C	8
PSM812_2_27232	Carbamidomethyl	C	12
PSM812_2_27241	Carbamidomethyl	C	12
PSM812_2_27241	Carbamidomethyl	C	15
PSM812_2_27252	Carbamidomethyl	C	10
PSM812_2_27253	Carbamidomethyl	C	10
PSM812_2_27274	Carbamidomethyl	C	12
PSM812_2_27275	Carbamidomethyl	C	12
PSM812_2_27276	Carbamidomethyl	C	12
PSM812_2_27277	Carbamidomethyl	C	12
PSM812_2_27285	Carbamidomethyl	C	4
PSM812_2_27294	Carbamidomethyl	C	4
PSM812_2_27295	Carbamidomethyl	C	4
PSM812_2_27296	Carbamidomethyl	C	4
PSM812_2_273	Carbamidomethyl	C	27
PSM812_2_2730	Carbamidomethyl	C	14
PSM812_2_2731	Carbamidomethyl	C	14
PSM812_2_2732	Carbamidomethyl	C	14
PSM812_2_27322	Carbamidomethyl	C	3
PSM812_2_27323	Carbamidomethyl	C	3
PSM812_2_27324	Carbamidomethyl	C	2
PSM812_2_27325	Carbamidomethyl	C	2
PSM812_2_2733	Carbamidomethyl	C	14
PSM812_2_27332	Carbamidomethyl	C	10
PSM812_2_27338	Carbamidomethyl	C	2
PSM812_2_27339	Carbamidomethyl	C	2
PSM812_2_2734	Carbamidomethyl	C	14
PSM812_2_27344	Carbamidomethyl	C	6
PSM812_2_27345	Carbamidomethyl	C	6
PSM812_2_27346	Carbamidomethyl	C	6
PSM812_2_27347	Carbamidomethyl	C	6
PSM812_2_27348	Carbamidomethyl	C	6
PSM812_2_27349	Carbamidomethyl	C	6
PSM812_2_2735	Carbamidomethyl	C	14
PSM812_2_27350	Carbamidomethyl	C	6
PSM812_2_27351	Carbamidomethyl	C	6
PSM812_2_27357	Carbamidomethyl	C	12
PSM812_2_27357	Carbamidomethyl	C	13
PSM812_2_27358	Carbamidomethyl	C	7
PSM812_2_27358	Carbamidomethyl	C	18
PSM812_2_27359	Carbamidomethyl	C	7
PSM812_2_27359	Carbamidomethyl	C	18
PSM812_2_2736	Carbamidomethyl	C	14
PSM812_2_2737	Carbamidomethyl	C	14
PSM812_2_2738	Carbamidomethyl	C	14
PSM812_2_2739	Carbamidomethyl	C	14
PSM812_2_27390	Carbamidomethyl	C	7
PSM812_2_27391	Carbamidomethyl	C	7
PSM812_2_27392	Carbamidomethyl	C	7
PSM812_2_274	Carbamidomethyl	C	27
PSM812_2_2740	Carbamidomethyl	C	14
PSM812_2_2741	Carbamidomethyl	C	14
PSM812_2_2742	Carbamidomethyl	C	1
PSM812_2_2742	Carbamidomethyl	C	19
PSM812_2_27420	Carbamidomethyl	C	6
PSM812_2_27421	Carbamidomethyl	C	6
PSM812_2_2743	Carbamidomethyl	C	1
PSM812_2_2743	Carbamidomethyl	C	19
PSM812_2_2744	Carbamidomethyl	C	1
PSM812_2_2744	Carbamidomethyl	C	19
PSM812_2_27449	Carbamidomethyl	C	12
PSM812_2_2745	Carbamidomethyl	C	1
PSM812_2_2745	Carbamidomethyl	C	19
PSM812_2_27450	Carbamidomethyl	C	12
PSM812_2_27452	Carbamidomethyl	C	17
PSM812_2_27453	Carbamidomethyl	C	17
PSM812_2_2746	Carbamidomethyl	C	1
PSM812_2_2746	Carbamidomethyl	C	19
PSM812_2_2747	Carbamidomethyl	C	1
PSM812_2_2747	Carbamidomethyl	C	19
PSM812_2_27474	Carbamidomethyl	C	2
PSM812_2_27475	Carbamidomethyl	C	2
PSM812_2_27483	Carbamidomethyl	C	6
PSM812_2_27499	Carbamidomethyl	C	12
PSM812_2_275	Carbamidomethyl	C	27
PSM812_2_27503	Carbamidomethyl	C	15
PSM812_2_27504	Carbamidomethyl	C	15
PSM812_2_27506	Carbamidomethyl	C	13
PSM812_2_27507	Carbamidomethyl	C	5
PSM812_2_27508	Carbamidomethyl	C	5
PSM812_2_27511	Carbamidomethyl	C	8
PSM812_2_27512	Carbamidomethyl	C	8
PSM812_2_27515	Carbamidomethyl	C	6
PSM812_2_27515	Carbamidomethyl	C	7
PSM812_2_27516	Carbamidomethyl	C	6
PSM812_2_27516	Carbamidomethyl	C	7
PSM812_2_27517	Carbamidomethyl	C	6
PSM812_2_27517	Carbamidomethyl	C	7
PSM812_2_27518	Carbamidomethyl	C	6
PSM812_2_27518	Carbamidomethyl	C	7
PSM812_2_27519	Gln->pyro-Glu	N-term	
PSM812_2_27520	Gln->pyro-Glu	N-term	
PSM812_2_27521	Gln->pyro-Glu	N-term	
PSM812_2_27522	Gln->pyro-Glu	N-term	
PSM812_2_27527	Acetyl	N-term	
PSM812_2_27531	Gln->pyro-Glu	N-term	
PSM812_2_27532	Acetyl	N-term	
PSM812_2_27532	Carbamidomethyl	C	2
PSM812_2_27533	Acetyl	N-term	
PSM812_2_27533	Carbamidomethyl	C	2
PSM812_2_27534	Gln->pyro-Glu	N-term	
PSM812_2_27535	Gln->pyro-Glu	N-term	
PSM812_2_27536	Gln->pyro-Glu	N-term	
PSM812_2_27537	Gln->pyro-Glu	N-term	
PSM812_2_27538	Gln->pyro-Glu	N-term	
PSM812_2_27539	Gln->pyro-Glu	N-term	
PSM812_2_27540	Gln->pyro-Glu	N-term	
PSM812_2_27541	Acetyl	N-term	
PSM812_2_27542	Acetyl	N-term	
PSM812_2_27543	Acetyl	N-term	
PSM812_2_27544	Acetyl	N-term	
PSM812_2_27545	Acetyl	N-term	
PSM812_2_27548	Carbamidomethyl	C	5
PSM812_2_27549	Carbamidomethyl	C	5
PSM812_2_27550	Carbamidomethyl	C	5
PSM812_2_27551	Carbamidomethyl	C	5
PSM812_2_27552	Carbamidomethyl	C	5
PSM812_2_27553	Carbamidomethyl	C	5
PSM812_2_27554	Carbamidomethyl	C	5
PSM812_2_27567	Acetyl	N-term	
PSM812_2_27567	Carbamidomethyl	C	9
PSM812_2_27568	Gln->pyro-Glu	N-term	
PSM812_2_27569	Gln->pyro-Glu	N-term	
PSM812_2_27570	Acetyl	N-term	
PSM812_2_27571	Acetyl	N-term	
PSM812_2_27572	Acetyl	N-term	
PSM812_2_27575	Carbamidomethyl	C	18
PSM812_2_27576	Carbamidomethyl	C	18
PSM812_2_27577	Carbamidomethyl	C	1
PSM812_2_27591	Carbamidomethyl	C	13
PSM812_2_276	Carbamidomethyl	C	27
PSM812_2_27613	Carbamidomethyl	C	2
PSM812_2_27613	Carbamidomethyl	C	10
PSM812_2_27614	Carbamidomethyl	C	2
PSM812_2_27614	Carbamidomethyl	C	10
PSM812_2_27689	Carbamidomethyl	C	13
PSM812_2_27690	Carbamidomethyl	C	13
PSM812_2_27691	Carbamidomethyl	C	13
PSM812_2_27692	Carbamidomethyl	C	13
PSM812_2_27693	Carbamidomethyl	C	10
PSM812_2_27693	Carbamidomethyl	C	15
PSM812_2_27694	Carbamidomethyl	C	10
PSM812_2_27694	Carbamidomethyl	C	15
PSM812_2_27695	Carbamidomethyl	C	10
PSM812_2_27695	Carbamidomethyl	C	15
PSM812_2_27696	Carbamidomethyl	C	10
PSM812_2_27696	Carbamidomethyl	C	15
PSM812_2_27697	Carbamidomethyl	C	10
PSM812_2_27697	Carbamidomethyl	C	15
PSM812_2_277	Carbamidomethyl	C	27
PSM812_2_2770	Carbamidomethyl	C	9
PSM812_2_2770	Carbamidomethyl	C	14
PSM812_2_2771	Carbamidomethyl	C	9
PSM812_2_2771	Carbamidomethyl	C	14
PSM812_2_27714	Carbamidomethyl	C	14
PSM812_2_27718	Carbamidomethyl	C	5
PSM812_2_27719	Carbamidomethyl	C	5
PSM812_2_2772	Carbamidomethyl	C	9
PSM812_2_2772	Carbamidomethyl	C	14
PSM812_2_27721	Carbamidomethyl	C	5
PSM812_2_27722	Carbamidomethyl	C	5
PSM812_2_27723	Carbamidomethyl	C	5
PSM812_2_27724	Carbamidomethyl	C	14
PSM812_2_27725	Carbamidomethyl	C	14
PSM812_2_27728	Carbamidomethyl	C	10
PSM812_2_27729	Carbamidomethyl	C	10
PSM812_2_2773	Carbamidomethyl	C	9
PSM812_2_2773	Carbamidomethyl	C	14
PSM812_2_27730	Carbamidomethyl	C	10
PSM812_2_27731	Carbamidomethyl	C	10
PSM812_2_2774	Carbamidomethyl	C	9
PSM812_2_2774	Carbamidomethyl	C	14
PSM812_2_27741	Carbamidomethyl	C	1
PSM812_2_27742	Carbamidomethyl	C	1
PSM812_2_27743	Carbamidomethyl	C	1
PSM812_2_27748	Carbamidomethyl	C	2
PSM812_2_27749	Carbamidomethyl	C	2
PSM812_2_2775	Carbamidomethyl	C	20
PSM812_2_2776	Carbamidomethyl	C	20
PSM812_2_27760	Carbamidomethyl	C	14
PSM812_2_27767	Carbamidomethyl	C	14
PSM812_2_27768	Carbamidomethyl	C	14
PSM812_2_27769	Carbamidomethyl	C	14
PSM812_2_2777	Carbamidomethyl	C	20
PSM812_2_278	Carbamidomethyl	C	27
PSM812_2_27808	Carbamidomethyl	C	13
PSM812_2_27808	Carbamidomethyl	C	16
PSM812_2_27809	Carbamidomethyl	C	13
PSM812_2_27809	Carbamidomethyl	C	16
PSM812_2_2781	Carbamidomethyl	C	14
PSM812_2_27810	Carbamidomethyl	C	13
PSM812_2_27810	Carbamidomethyl	C	16
PSM812_2_27816	Carbamidomethyl	C	20
PSM812_2_27817	Carbamidomethyl	C	20
PSM812_2_27819	Carbamidomethyl	C	13
PSM812_2_2782	Carbamidomethyl	C	14
PSM812_2_27820	Carbamidomethyl	C	17
PSM812_2_27821	Carbamidomethyl	C	17
PSM812_2_27825	Carbamidomethyl	C	3
PSM812_2_27826	Carbamidomethyl	C	3
PSM812_2_27827	Carbamidomethyl	C	3
PSM812_2_2783	Carbamidomethyl	C	14
PSM812_2_27832	Carbamidomethyl	C	3
PSM812_2_27833	Carbamidomethyl	C	3
PSM812_2_27834	Carbamidomethyl	C	3
PSM812_2_27849	Carbamidomethyl	C	15
PSM812_2_27855	Carbamidomethyl	C	11
PSM812_2_27855	Carbamidomethyl	C	14
PSM812_2_27856	Carbamidomethyl	C	9
PSM812_2_2787	Carbamidomethyl	C	20
PSM812_2_2788	Carbamidomethyl	C	20
PSM812_2_2789	Carbamidomethyl	C	20
PSM812_2_27893	Carbamidomethyl	C	9
PSM812_2_27893	Carbamidomethyl	C	17
PSM812_2_27894	Carbamidomethyl	C	9
PSM812_2_27894	Carbamidomethyl	C	17
PSM812_2_279	Carbamidomethyl	C	27
PSM812_2_2790	Carbamidomethyl	C	20
PSM812_2_27909	Carbamidomethyl	C	6
PSM812_2_2791	Carbamidomethyl	C	20
PSM812_2_27910	Carbamidomethyl	C	6
PSM812_2_27911	Carbamidomethyl	C	6
PSM812_2_27915	Carbamidomethyl	C	13
PSM812_2_27916	Carbamidomethyl	C	13
PSM812_2_27917	Carbamidomethyl	C	13
PSM812_2_27918	Carbamidomethyl	C	3
PSM812_2_27919	Carbamidomethyl	C	3
PSM812_2_2792	Carbamidomethyl	C	20
PSM812_2_27925	Carbamidomethyl	C	5
PSM812_2_27926	Carbamidomethyl	C	5
PSM812_2_27927	Carbamidomethyl	C	5
PSM812_2_27957	Carbamidomethyl	C	9
PSM812_2_27958	Carbamidomethyl	C	9
PSM812_2_27959	Carbamidomethyl	C	5
PSM812_2_27960	Carbamidomethyl	C	12
PSM812_2_27967	Carbamidomethyl	C	13
PSM812_2_27968	Carbamidomethyl	C	13
PSM812_2_27971	Carbamidomethyl	C	15
PSM812_2_27972	Carbamidomethyl	C	11
PSM812_2_27973	Carbamidomethyl	C	11
PSM812_2_27974	Carbamidomethyl	C	11
PSM812_2_27975	Carbamidomethyl	C	11
PSM812_2_27979	Carbamidomethyl	C	6
PSM812_2_27980	Carbamidomethyl	C	6
PSM812_2_27981	Carbamidomethyl	C	9
PSM812_2_27988	Carbamidomethyl	C	1
PSM812_2_27989	Carbamidomethyl	C	1
PSM812_2_27990	Carbamidomethyl	C	1
PSM812_2_27991	Carbamidomethyl	C	1
PSM812_2_27992	Carbamidomethyl	C	1
PSM812_2_27993	Carbamidomethyl	C	1
PSM812_2_27994	Carbamidomethyl	C	1
PSM812_2_27999	Carbamidomethyl	C	4
PSM812_2_280	Carbamidomethyl	C	27
PSM812_2_28000	Carbamidomethyl	C	4
PSM812_2_28004	Carbamidomethyl	C	5
PSM812_2_28004	Carbamidomethyl	C	7
PSM812_2_28004	Oxidation	M	25
PSM812_2_28005	Carbamidomethyl	C	5
PSM812_2_28005	Carbamidomethyl	C	7
PSM812_2_28005	Oxidation	M	25
PSM812_2_28006	Carbamidomethyl	C	4
PSM812_2_28007	Carbamidomethyl	C	4
PSM812_2_28008	Carbamidomethyl	C	4
PSM812_2_28009	Carbamidomethyl	C	7
PSM812_2_28010	Carbamidomethyl	C	7
PSM812_2_28011	Carbamidomethyl	C	9
PSM812_2_28012	Carbamidomethyl	C	9
PSM812_2_28013	Carbamidomethyl	C	9
PSM812_2_28014	Carbamidomethyl	C	9
PSM812_2_2802	Carbamidomethyl	C	9
PSM812_2_2802	Carbamidomethyl	C	20
PSM812_2_28022	Carbamidomethyl	C	11
PSM812_2_28028	Carbamidomethyl	C	9
PSM812_2_28029	Carbamidomethyl	C	9
PSM812_2_2803	Carbamidomethyl	C	9
PSM812_2_2803	Carbamidomethyl	C	20
PSM812_2_28030	Carbamidomethyl	C	9
PSM812_2_28035	Carbamidomethyl	C	2
PSM812_2_28036	Carbamidomethyl	C	2
PSM812_2_2804	Carbamidomethyl	C	9
PSM812_2_2804	Carbamidomethyl	C	20
PSM812_2_28041	Carbamidomethyl	C	13
PSM812_2_28062	Carbamidomethyl	C	7
PSM812_2_28072	Carbamidomethyl	C	10
PSM812_2_28076	Carbamidomethyl	C	3
PSM812_2_28076	Carbamidomethyl	C	10
PSM812_2_28077	Carbamidomethyl	C	3
PSM812_2_28077	Carbamidomethyl	C	10
PSM812_2_28078	Carbamidomethyl	C	3
PSM812_2_28078	Carbamidomethyl	C	10
PSM812_2_28094	Carbamidomethyl	C	7
PSM812_2_28095	Carbamidomethyl	C	7
PSM812_2_28096	Carbamidomethyl	C	7
PSM812_2_28097	Carbamidomethyl	C	7
PSM812_2_28098	Carbamidomethyl	C	7
PSM812_2_28099	Carbamidomethyl	C	7
PSM812_2_281	Carbamidomethyl	C	27
PSM812_2_28100	Carbamidomethyl	C	7
PSM812_2_28105	Carbamidomethyl	C	7
PSM812_2_28106	Carbamidomethyl	C	7
PSM812_2_28107	Carbamidomethyl	C	7
PSM812_2_28108	Carbamidomethyl	C	8
PSM812_2_28109	Carbamidomethyl	C	8
PSM812_2_28110	Carbamidomethyl	C	8
PSM812_2_28130	Carbamidomethyl	C	12
PSM812_2_28131	Carbamidomethyl	C	12
PSM812_2_28132	Carbamidomethyl	C	12
PSM812_2_28137	Carbamidomethyl	C	3
PSM812_2_28138	Carbamidomethyl	C	3
PSM812_2_28139	Carbamidomethyl	C	3
PSM812_2_28140	Carbamidomethyl	C	3
PSM812_2_28141	Carbamidomethyl	C	3
PSM812_2_28142	Carbamidomethyl	C	3
PSM812_2_28161	Carbamidomethyl	C	2
PSM812_2_28161	Carbamidomethyl	C	14
PSM812_2_28164	Carbamidomethyl	C	8
PSM812_2_28167	Carbamidomethyl	C	13
PSM812_2_28167	Carbamidomethyl	C	20
PSM812_2_28168	Carbamidomethyl	C	13
PSM812_2_28168	Carbamidomethyl	C	20
PSM812_2_28170	Carbamidomethyl	C	9
PSM812_2_28179	Carbamidomethyl	C	18
PSM812_2_28180	Carbamidomethyl	C	18
PSM812_2_28181	Carbamidomethyl	C	18
PSM812_2_28182	Carbamidomethyl	C	18
PSM812_2_28183	Carbamidomethyl	C	1
PSM812_2_28184	Carbamidomethyl	C	1
PSM812_2_28185	Carbamidomethyl	C	1
PSM812_2_28186	Carbamidomethyl	C	1
PSM812_2_28187	Carbamidomethyl	C	1
PSM812_2_28188	Carbamidomethyl	C	1
PSM812_2_28189	Carbamidomethyl	C	1
PSM812_2_2819	Carbamidomethyl	C	18
PSM812_2_28190	Carbamidomethyl	C	1
PSM812_2_282	Carbamidomethyl	C	27
PSM812_2_2820	Carbamidomethyl	C	18
PSM812_2_28204	Carbamidomethyl	C	8
PSM812_2_28205	Carbamidomethyl	C	8
PSM812_2_28206	Carbamidomethyl	C	8
PSM812_2_28207	Carbamidomethyl	C	8
PSM812_2_2821	Carbamidomethyl	C	18
PSM812_2_2822	Carbamidomethyl	C	18
PSM812_2_2823	Carbamidomethyl	C	18
PSM812_2_2824	Carbamidomethyl	C	18
PSM812_2_28248	Carbamidomethyl	C	2
PSM812_2_28248	Carbamidomethyl	C	7
PSM812_2_28249	Carbamidomethyl	C	2
PSM812_2_28249	Carbamidomethyl	C	7
PSM812_2_2825	Carbamidomethyl	C	18
PSM812_2_28250	Carbamidomethyl	C	2
PSM812_2_28250	Carbamidomethyl	C	7
PSM812_2_28251	Carbamidomethyl	C	5
PSM812_2_28252	Carbamidomethyl	C	5
PSM812_2_2826	Carbamidomethyl	C	18
PSM812_2_2827	Carbamidomethyl	C	18
PSM812_2_28273	Carbamidomethyl	C	2
PSM812_2_28273	Carbamidomethyl	C	9
PSM812_2_28274	Carbamidomethyl	C	2
PSM812_2_28274	Carbamidomethyl	C	9
PSM812_2_28275	Carbamidomethyl	C	9
PSM812_2_28277	Carbamidomethyl	C	14
PSM812_2_28278	Carbamidomethyl	C	14
PSM812_2_2828	Carbamidomethyl	C	18
PSM812_2_2829	Carbamidomethyl	C	18
PSM812_2_283	Carbamidomethyl	C	27
PSM812_2_2830	Carbamidomethyl	C	18
PSM812_2_28305	Carbamidomethyl	C	9
PSM812_2_28306	Carbamidomethyl	C	9
PSM812_2_28307	Carbamidomethyl	C	9
PSM812_2_2831	Carbamidomethyl	C	18
PSM812_2_28314	Carbamidomethyl	C	4
PSM812_2_28315	Carbamidomethyl	C	4
PSM812_2_28316	Carbamidomethyl	C	4
PSM812_2_28317	Carbamidomethyl	C	4
PSM812_2_28318	Carbamidomethyl	C	4
PSM812_2_2832	Carbamidomethyl	C	18
PSM812_2_2833	Carbamidomethyl	C	18
PSM812_2_2834	Carbamidomethyl	C	18
PSM812_2_2835	Carbamidomethyl	C	18
PSM812_2_28358	Carbamidomethyl	C	9
PSM812_2_28358	Carbamidomethyl	C	12
PSM812_2_28359	Carbamidomethyl	C	9
PSM812_2_28359	Carbamidomethyl	C	12
PSM812_2_2836	Carbamidomethyl	C	18
PSM812_2_28367	Carbamidomethyl	C	5
PSM812_2_28368	Carbamidomethyl	C	5
PSM812_2_28379	Carbamidomethyl	C	14
PSM812_2_28380	Carbamidomethyl	C	14
PSM812_2_284	Carbamidomethyl	C	27
PSM812_2_28409	Carbamidomethyl	C	2
PSM812_2_28410	Carbamidomethyl	C	2
PSM812_2_28411	Carbamidomethyl	C	2
PSM812_2_28416	Carbamidomethyl	C	14
PSM812_2_28421	Carbamidomethyl	C	1
PSM812_2_28422	Carbamidomethyl	C	1
PSM812_2_28423	Carbamidomethyl	C	9
PSM812_2_28424	Carbamidomethyl	C	9
PSM812_2_28456	Carbamidomethyl	C	18
PSM812_2_28484	Carbamidomethyl	C	8
PSM812_2_28484	Carbamidomethyl	C	22
PSM812_2_28485	Carbamidomethyl	C	8
PSM812_2_28485	Carbamidomethyl	C	22
PSM812_2_28486	Carbamidomethyl	C	8
PSM812_2_28486	Carbamidomethyl	C	22
PSM812_2_28487	Carbamidomethyl	C	8
PSM812_2_28487	Carbamidomethyl	C	22
PSM812_2_28488	Carbamidomethyl	C	8
PSM812_2_28488	Carbamidomethyl	C	22
PSM812_2_28489	Carbamidomethyl	C	8
PSM812_2_28490	Carbamidomethyl	C	8
PSM812_2_28498	Carbamidomethyl	C	12
PSM812_2_28499	Carbamidomethyl	C	12
PSM812_2_285	Carbamidomethyl	C	27
PSM812_2_28505	Carbamidomethyl	C	15
PSM812_2_28542	Carbamidomethyl	C	7
PSM812_2_28543	Carbamidomethyl	C	14
PSM812_2_28543	Carbamidomethyl	C	18
PSM812_2_28544	Carbamidomethyl	C	13
PSM812_2_28545	Carbamidomethyl	C	13
PSM812_2_28546	Carbamidomethyl	C	13
PSM812_2_28547	Carbamidomethyl	C	3
PSM812_2_28548	Carbamidomethyl	C	3
PSM812_2_28549	Carbamidomethyl	C	3
PSM812_2_28550	Carbamidomethyl	C	3
PSM812_2_28551	Carbamidomethyl	C	3
PSM812_2_28552	Carbamidomethyl	C	18
PSM812_2_28553	Carbamidomethyl	C	18
PSM812_2_28554	Carbamidomethyl	C	4
PSM812_2_28554	Carbamidomethyl	C	20
PSM812_2_28554	Carbamidomethyl	C	25
PSM812_2_28555	Carbamidomethyl	C	4
PSM812_2_28555	Carbamidomethyl	C	20
PSM812_2_28555	Carbamidomethyl	C	25
PSM812_2_28559	Carbamidomethyl	C	8
PSM812_2_28560	Carbamidomethyl	C	8
PSM812_2_2858	Carbamidomethyl	C	26
PSM812_2_2859	Carbamidomethyl	C	26
PSM812_2_28597	Carbamidomethyl	C	10
PSM812_2_286	Carbamidomethyl	C	27
PSM812_2_2860	Carbamidomethyl	C	26
PSM812_2_28609	Carbamidomethyl	C	8
PSM812_2_28611	Carbamidomethyl	C	13
PSM812_2_28612	Carbamidomethyl	C	13
PSM812_2_28613	Carbamidomethyl	C	13
PSM812_2_28618	Carbamidomethyl	C	5
PSM812_2_28623	Carbamidomethyl	C	15
PSM812_2_28624	Carbamidomethyl	C	7
PSM812_2_28625	Carbamidomethyl	C	9
PSM812_2_28625	Carbamidomethyl	C	14
PSM812_2_28631	Acetyl	N-term	
PSM812_2_28639	Acetyl	N-term	
PSM812_2_28640	Acetyl	N-term	
PSM812_2_28641	Acetyl	N-term	
PSM812_2_28642	Ammonia-loss	N-term	
PSM812_2_28642	Carbamidomethyl	C	1
PSM812_2_28645	Gln->pyro-Glu	N-term	
PSM812_2_28646	Gln->pyro-Glu	N-term	
PSM812_2_28647	Gln->pyro-Glu	N-term	
PSM812_2_28653	Carbamidomethyl	C	1
PSM812_2_28654	Acetyl	N-term	
PSM812_2_28655	Acetyl	N-term	
PSM812_2_28663	Ammonia-loss	N-term	
PSM812_2_28663	Carbamidomethyl	C	1
PSM812_2_28664	Gln->pyro-Glu	N-term	
PSM812_2_28665	Gln->pyro-Glu	N-term	
PSM812_2_28667	Carbamidomethyl	C	9
PSM812_2_28668	Gln->pyro-Glu	N-term	
PSM812_2_28669	Gln->pyro-Glu	N-term	
PSM812_2_28670	Gln->pyro-Glu	N-term	
PSM812_2_28671	Acetyl	N-term	
PSM812_2_28672	Gln->pyro-Glu	N-term	
PSM812_2_28673	Acetyl	N-term	
PSM812_2_28674	Acetyl	N-term	
PSM812_2_28675	Ammonia-loss	N-term	
PSM812_2_28675	Carbamidomethyl	C	1
PSM812_2_28676	Ammonia-loss	N-term	
PSM812_2_28676	Carbamidomethyl	C	1
PSM812_2_28677	Acetyl	N-term	
PSM812_2_28677	Carbamidomethyl	C	12
PSM812_2_28678	Acetyl	N-term	
PSM812_2_28678	Carbamidomethyl	C	12
PSM812_2_28679	Carbamidomethyl	C	4
PSM812_2_28679	Carbamidomethyl	C	28
PSM812_2_28680	Acetyl	N-term	
PSM812_2_28681	Acetyl	N-term	
PSM812_2_28682	Ammonia-loss	N-term	
PSM812_2_28682	Carbamidomethyl	C	1
PSM812_2_28683	Ammonia-loss	N-term	
PSM812_2_28683	Carbamidomethyl	C	1
PSM812_2_28684	Ammonia-loss	N-term	
PSM812_2_28684	Carbamidomethyl	C	1
PSM812_2_28685	Acetyl	N-term	
PSM812_2_28685	Carbamidomethyl	C	7
PSM812_2_28685	Carbamidomethyl	C	15
PSM812_2_28686	Carbamidomethyl	C	14
PSM812_2_28687	Ammonia-loss	N-term	
PSM812_2_28687	Carbamidomethyl	C	1
PSM812_2_28687	Carbamidomethyl	C	9
PSM812_2_28687	Carbamidomethyl	C	16
PSM812_2_28688	Ammonia-loss	N-term	
PSM812_2_28688	Carbamidomethyl	C	1
PSM812_2_28688	Carbamidomethyl	C	9
PSM812_2_28688	Carbamidomethyl	C	16
PSM812_2_28691	Gln->pyro-Glu	N-term	
PSM812_2_28692	Gln->pyro-Glu	N-term	
PSM812_2_28693	Carbamidomethyl	C	1
PSM812_2_28694	Carbamidomethyl	C	1
PSM812_2_28695	Gln->pyro-Glu	N-term	
PSM812_2_28696	Gln->pyro-Glu	N-term	
PSM812_2_28697	Gln->pyro-Glu	N-term	
PSM812_2_287	Carbamidomethyl	C	27
PSM812_2_28700	Carbamidomethyl	C	6
PSM812_2_28702	Carbamidomethyl	C	2
PSM812_2_28703	Carbamidomethyl	C	2
PSM812_2_28704	Carbamidomethyl	C	2
PSM812_2_28709	Carbamidomethyl	C	1
PSM812_2_28718	Carbamidomethyl	C	8
PSM812_2_28718	Carbamidomethyl	C	14
PSM812_2_28727	Carbamidomethyl	C	18
PSM812_2_28728	Carbamidomethyl	C	18
PSM812_2_28758	Carbamidomethyl	C	2
PSM812_2_28759	Carbamidomethyl	C	2
PSM812_2_28760	Carbamidomethyl	C	2
PSM812_2_28763	Carbamidomethyl	C	25
PSM812_2_28764	Carbamidomethyl	C	25
PSM812_2_28765	Carbamidomethyl	C	25
PSM812_2_28766	Carbamidomethyl	C	25
PSM812_2_28789	Carbamidomethyl	C	13
PSM812_2_28790	Carbamidomethyl	C	13
PSM812_2_28794	Carbamidomethyl	C	15
PSM812_2_28795	Carbamidomethyl	C	5
PSM812_2_28796	Carbamidomethyl	C	5
PSM812_2_288	Carbamidomethyl	C	27
PSM812_2_28810	Carbamidomethyl	C	2
PSM812_2_28811	Carbamidomethyl	C	2
PSM812_2_28812	Carbamidomethyl	C	2
PSM812_2_28813	Carbamidomethyl	C	9
PSM812_2_28814	Carbamidomethyl	C	9
PSM812_2_28817	Carbamidomethyl	C	6
PSM812_2_28817	Carbamidomethyl	C	9
PSM812_2_28817	Carbamidomethyl	C	10
PSM812_2_28818	Carbamidomethyl	C	2
PSM812_2_28818	Carbamidomethyl	C	4
PSM812_2_28818	Carbamidomethyl	C	11
PSM812_2_28818	Carbamidomethyl	C	21
PSM812_2_28819	Carbamidomethyl	C	2
PSM812_2_28819	Carbamidomethyl	C	4
PSM812_2_28819	Carbamidomethyl	C	11
PSM812_2_28819	Carbamidomethyl	C	21
PSM812_2_28820	Carbamidomethyl	C	2
PSM812_2_28820	Carbamidomethyl	C	4
PSM812_2_28820	Carbamidomethyl	C	11
PSM812_2_28820	Carbamidomethyl	C	21
PSM812_2_28821	Carbamidomethyl	C	2
PSM812_2_28821	Carbamidomethyl	C	4
PSM812_2_28821	Carbamidomethyl	C	11
PSM812_2_28821	Carbamidomethyl	C	21
PSM812_2_28822	Carbamidomethyl	C	2
PSM812_2_28822	Carbamidomethyl	C	4
PSM812_2_28822	Carbamidomethyl	C	11
PSM812_2_28822	Carbamidomethyl	C	21
PSM812_2_28833	Carbamidomethyl	C	8
PSM812_2_28834	Carbamidomethyl	C	8
PSM812_2_28835	Carbamidomethyl	C	8
PSM812_2_28836	Carbamidomethyl	C	16
PSM812_2_28837	Carbamidomethyl	C	16
PSM812_2_28838	Carbamidomethyl	C	16
PSM812_2_28839	Carbamidomethyl	C	16
PSM812_2_28840	Carbamidomethyl	C	4
PSM812_2_28841	Carbamidomethyl	C	20
PSM812_2_28842	Carbamidomethyl	C	20
PSM812_2_28843	Carbamidomethyl	C	20
PSM812_2_28844	Carbamidomethyl	C	20
PSM812_2_28845	Carbamidomethyl	C	20
PSM812_2_28846	Carbamidomethyl	C	6
PSM812_2_28847	Carbamidomethyl	C	6
PSM812_2_28848	Carbamidomethyl	C	5
PSM812_2_28849	Carbamidomethyl	C	5
PSM812_2_2885	Carbamidomethyl	C	17
PSM812_2_28850	Carbamidomethyl	C	5
PSM812_2_28856	Carbamidomethyl	C	17
PSM812_2_28857	Carbamidomethyl	C	17
PSM812_2_28858	Carbamidomethyl	C	13
PSM812_2_28859	Carbamidomethyl	C	13
PSM812_2_2886	Carbamidomethyl	C	17
PSM812_2_28860	Carbamidomethyl	C	13
PSM812_2_28861	Carbamidomethyl	C	13
PSM812_2_28862	Carbamidomethyl	C	5
PSM812_2_2887	Carbamidomethyl	C	17
PSM812_2_28870	Carbamidomethyl	C	19
PSM812_2_28871	Carbamidomethyl	C	19
PSM812_2_28872	Carbamidomethyl	C	19
PSM812_2_28873	Carbamidomethyl	C	19
PSM812_2_28874	Carbamidomethyl	C	19
PSM812_2_2888	Carbamidomethyl	C	17
PSM812_2_28885	Carbamidomethyl	C	1
PSM812_2_28886	Carbamidomethyl	C	1
PSM812_2_28887	Carbamidomethyl	C	1
PSM812_2_28888	Carbamidomethyl	C	1
PSM812_2_28889	Carbamidomethyl	C	1
PSM812_2_2889	Carbamidomethyl	C	17
PSM812_2_289	Carbamidomethyl	C	27
PSM812_2_2890	Carbamidomethyl	C	17
PSM812_2_28907	Carbamidomethyl	C	23
PSM812_2_28908	Carbamidomethyl	C	23
PSM812_2_28909	Carbamidomethyl	C	23
PSM812_2_2891	Carbamidomethyl	C	17
PSM812_2_28910	Carbamidomethyl	C	2
PSM812_2_28911	Carbamidomethyl	C	2
PSM812_2_28912	Carbamidomethyl	C	2
PSM812_2_28913	Carbamidomethyl	C	16
PSM812_2_28914	Carbamidomethyl	C	16
PSM812_2_28915	Carbamidomethyl	C	16
PSM812_2_28916	Carbamidomethyl	C	16
PSM812_2_28917	Carbamidomethyl	C	16
PSM812_2_28918	Carbamidomethyl	C	16
PSM812_2_28919	Carbamidomethyl	C	16
PSM812_2_2892	Carbamidomethyl	C	17
PSM812_2_28920	Carbamidomethyl	C	16
PSM812_2_28928	Carbamidomethyl	C	13
PSM812_2_2893	Carbamidomethyl	C	17
PSM812_2_28933	Carbamidomethyl	C	10
PSM812_2_2894	Carbamidomethyl	C	17
PSM812_2_2895	Carbamidomethyl	C	17
PSM812_2_28954	Carbamidomethyl	C	1
PSM812_2_28955	Carbamidomethyl	C	1
PSM812_2_28956	Carbamidomethyl	C	1
PSM812_2_28957	Carbamidomethyl	C	1
PSM812_2_28958	Carbamidomethyl	C	1
PSM812_2_28959	Carbamidomethyl	C	1
PSM812_2_2896	Carbamidomethyl	C	17
PSM812_2_2897	Carbamidomethyl	C	17
PSM812_2_28975	Carbamidomethyl	C	33
PSM812_2_28976	Carbamidomethyl	C	33
PSM812_2_28977	Carbamidomethyl	C	13
PSM812_2_2898	Carbamidomethyl	C	17
PSM812_2_2899	Carbamidomethyl	C	17
PSM812_2_290	Carbamidomethyl	C	5
PSM812_2_290	Carbamidomethyl	C	9
PSM812_2_2900	Carbamidomethyl	C	17
PSM812_2_2901	Carbamidomethyl	C	17
PSM812_2_29016	Gln->pyro-Glu	N-term	
PSM812_2_29017	Gln->pyro-Glu	N-term	
PSM812_2_29018	Gln->pyro-Glu	N-term	
PSM812_2_29019	Gln->pyro-Glu	N-term	
PSM812_2_2902	Carbamidomethyl	C	17
PSM812_2_29020	Carbamidomethyl	C	17
PSM812_2_29021	Carbamidomethyl	C	17
PSM812_2_29022	Carbamidomethyl	C	17
PSM812_2_29023	Carbamidomethyl	C	17
PSM812_2_29024	Carbamidomethyl	C	17
PSM812_2_29025	Carbamidomethyl	C	17
PSM812_2_29026	Gln->pyro-Glu	N-term	
PSM812_2_29027	Gln->pyro-Glu	N-term	
PSM812_2_29028	Gln->pyro-Glu	N-term	
PSM812_2_29029	Gln->pyro-Glu	N-term	
PSM812_2_2903	Carbamidomethyl	C	17
PSM812_2_29030	Gln->pyro-Glu	N-term	
PSM812_2_29030	Carbamidomethyl	C	2
PSM812_2_29030	Carbamidomethyl	C	3
PSM812_2_29031	Gln->pyro-Glu	N-term	
PSM812_2_29031	Carbamidomethyl	C	2
PSM812_2_29031	Carbamidomethyl	C	3
PSM812_2_29037	Gln->pyro-Glu	N-term	
PSM812_2_29038	Gln->pyro-Glu	N-term	
PSM812_2_29039	Acetyl	N-term	
PSM812_2_2904	Carbamidomethyl	C	17
PSM812_2_29040	Acetyl	N-term	
PSM812_2_29041	Acetyl	N-term	
PSM812_2_29042	Acetyl	N-term	
PSM812_2_29043	Acetyl	N-term	
PSM812_2_29044	Acetyl	N-term	
PSM812_2_29045	Carbamidomethyl	C	22
PSM812_2_29046	Carbamidomethyl	C	22
PSM812_2_29047	Carbamidomethyl	C	7
PSM812_2_29048	Gln->pyro-Glu	N-term	
PSM812_2_29049	Gln->pyro-Glu	N-term	
PSM812_2_2905	Carbamidomethyl	C	17
PSM812_2_29050	Gln->pyro-Glu	N-term	
PSM812_2_29051	Acetyl	N-term	
PSM812_2_29052	Acetyl	N-term	
PSM812_2_2906	Carbamidomethyl	C	17
PSM812_2_2907	Carbamidomethyl	C	17
PSM812_2_29071	Carbamidomethyl	C	18
PSM812_2_29072	Carbamidomethyl	C	18
PSM812_2_29073	Carbamidomethyl	C	17
PSM812_2_29073	Carbamidomethyl	C	21
PSM812_2_29074	Carbamidomethyl	C	3
PSM812_2_2908	Carbamidomethyl	C	17
PSM812_2_29084	Carbamidomethyl	C	12
PSM812_2_29085	Carbamidomethyl	C	12
PSM812_2_2909	Carbamidomethyl	C	17
PSM812_2_29090	Carbamidomethyl	C	19
PSM812_2_29091	Carbamidomethyl	C	19
PSM812_2_29092	Carbamidomethyl	C	19
PSM812_2_29093	Carbamidomethyl	C	22
PSM812_2_29094	Carbamidomethyl	C	22
PSM812_2_29095	Carbamidomethyl	C	22
PSM812_2_29096	Carbamidomethyl	C	22
PSM812_2_29097	Carbamidomethyl	C	22
PSM812_2_29098	Carbamidomethyl	C	22
PSM812_2_29099	Carbamidomethyl	C	22
PSM812_2_291	Carbamidomethyl	C	5
PSM812_2_291	Carbamidomethyl	C	9
PSM812_2_2910	Carbamidomethyl	C	17
PSM812_2_29100	Carbamidomethyl	C	22
PSM812_2_29101	Carbamidomethyl	C	22
PSM812_2_29102	Carbamidomethyl	C	22
PSM812_2_29103	Carbamidomethyl	C	22
PSM812_2_29107	Carbamidomethyl	C	24
PSM812_2_29108	Carbamidomethyl	C	24
PSM812_2_29109	Carbamidomethyl	C	24
PSM812_2_2911	Carbamidomethyl	C	17
PSM812_2_29110	Carbamidomethyl	C	17
PSM812_2_29111	Carbamidomethyl	C	17
PSM812_2_29114	Carbamidomethyl	C	6
PSM812_2_29115	Carbamidomethyl	C	6
PSM812_2_29116	Carbamidomethyl	C	6
PSM812_2_29117	Carbamidomethyl	C	6
PSM812_2_29118	Carbamidomethyl	C	6
PSM812_2_29119	Carbamidomethyl	C	6
PSM812_2_2912	Carbamidomethyl	C	17
PSM812_2_29125	Oxidation	M	16
PSM812_2_29126	Oxidation	M	16
PSM812_2_29129	Carbamidomethyl	C	17
PSM812_2_2913	Carbamidomethyl	C	17
PSM812_2_29134	Carbamidomethyl	C	31
PSM812_2_29139	Ammonia-loss	N-term	
PSM812_2_29139	Carbamidomethyl	C	1
PSM812_2_2914	Carbamidomethyl	C	17
PSM812_2_29140	Ammonia-loss	N-term	
PSM812_2_29140	Carbamidomethyl	C	1
PSM812_2_29141	Ammonia-loss	N-term	
PSM812_2_29141	Carbamidomethyl	C	1
PSM812_2_29142	Acetyl	N-term	
PSM812_2_29143	Gln->pyro-Glu	N-term	
PSM812_2_29144	Gln->pyro-Glu	N-term	
PSM812_2_29146	Acetyl	N-term	
PSM812_2_29147	Gln->pyro-Glu	N-term	
PSM812_2_29148	Gln->pyro-Glu	N-term	
PSM812_2_29149	Gln->pyro-Glu	N-term	
PSM812_2_2915	Carbamidomethyl	C	17
PSM812_2_29150	Gln->pyro-Glu	N-term	
PSM812_2_29151	Gln->pyro-Glu	N-term	
PSM812_2_29152	Gln->pyro-Glu	N-term	
PSM812_2_29153	Gln->pyro-Glu	N-term	
PSM812_2_2916	Carbamidomethyl	C	17
PSM812_2_29162	Carbamidomethyl	C	3
PSM812_2_29163	Carbamidomethyl	C	3
PSM812_2_29164	Carbamidomethyl	C	3
PSM812_2_2917	Carbamidomethyl	C	17
PSM812_2_29173	Carbamidomethyl	C	3
PSM812_2_29173	Carbamidomethyl	C	9
PSM812_2_29174	Carbamidomethyl	C	12
PSM812_2_2918	Carbamidomethyl	C	17
PSM812_2_29187	Carbamidomethyl	C	4
PSM812_2_2919	Carbamidomethyl	C	17
PSM812_2_292	Carbamidomethyl	C	5
PSM812_2_292	Carbamidomethyl	C	9
PSM812_2_2920	Carbamidomethyl	C	17
PSM812_2_2921	Carbamidomethyl	C	17
PSM812_2_29213	Carbamidomethyl	C	3
PSM812_2_29214	Carbamidomethyl	C	3
PSM812_2_29215	Carbamidomethyl	C	3
PSM812_2_29216	Carbamidomethyl	C	3
PSM812_2_29217	Carbamidomethyl	C	3
PSM812_2_29218	Carbamidomethyl	C	3
PSM812_2_29219	Carbamidomethyl	C	3
PSM812_2_2922	Carbamidomethyl	C	17
PSM812_2_29220	Carbamidomethyl	C	3
PSM812_2_29221	Carbamidomethyl	C	3
PSM812_2_29222	Carbamidomethyl	C	3
PSM812_2_29223	Carbamidomethyl	C	3
PSM812_2_29224	Carbamidomethyl	C	3
PSM812_2_29225	Carbamidomethyl	C	3
PSM812_2_2923	Carbamidomethyl	C	17
PSM812_2_29231	Carbamidomethyl	C	5
PSM812_2_29232	Carbamidomethyl	C	5
PSM812_2_29232	Carbamidomethyl	C	11
PSM812_2_2924	Carbamidomethyl	C	17
PSM812_2_29241	Carbamidomethyl	C	2
PSM812_2_29242	Carbamidomethyl	C	2
PSM812_2_29243	Carbamidomethyl	C	2
PSM812_2_29244	Carbamidomethyl	C	2
PSM812_2_29248	Carbamidomethyl	C	4
PSM812_2_29248	Carbamidomethyl	C	7
PSM812_2_29249	Carbamidomethyl	C	4
PSM812_2_29249	Carbamidomethyl	C	7
PSM812_2_2925	Carbamidomethyl	C	17
PSM812_2_29250	Carbamidomethyl	C	4
PSM812_2_29250	Carbamidomethyl	C	7
PSM812_2_29251	Carbamidomethyl	C	4
PSM812_2_29251	Carbamidomethyl	C	7
PSM812_2_29252	Carbamidomethyl	C	4
PSM812_2_29252	Carbamidomethyl	C	7
PSM812_2_29253	Carbamidomethyl	C	7
PSM812_2_29254	Carbamidomethyl	C	7
PSM812_2_29255	Carbamidomethyl	C	7
PSM812_2_29256	Carbamidomethyl	C	7
PSM812_2_29257	Carbamidomethyl	C	7
PSM812_2_29258	Carbamidomethyl	C	11
PSM812_2_29259	Carbamidomethyl	C	11
PSM812_2_2926	Carbamidomethyl	C	17
PSM812_2_29260	Carbamidomethyl	C	11
PSM812_2_29261	Carbamidomethyl	C	11
PSM812_2_29262	Carbamidomethyl	C	11
PSM812_2_2927	Carbamidomethyl	C	17
PSM812_2_2928	Carbamidomethyl	C	17
PSM812_2_2929	Carbamidomethyl	C	17
PSM812_2_293	Carbamidomethyl	C	5
PSM812_2_293	Carbamidomethyl	C	9
PSM812_2_2930	Carbamidomethyl	C	17
PSM812_2_29305	Carbamidomethyl	C	2
PSM812_2_29306	Carbamidomethyl	C	2
PSM812_2_2931	Carbamidomethyl	C	17
PSM812_2_2932	Carbamidomethyl	C	17
PSM812_2_29329	Carbamidomethyl	C	7
PSM812_2_2933	Carbamidomethyl	C	17
PSM812_2_29330	Carbamidomethyl	C	7
PSM812_2_29331	Carbamidomethyl	C	7
PSM812_2_29332	Carbamidomethyl	C	7
PSM812_2_29333	Carbamidomethyl	C	7
PSM812_2_29334	Carbamidomethyl	C	2
PSM812_2_29334	Carbamidomethyl	C	5
PSM812_2_29335	Carbamidomethyl	C	2
PSM812_2_29335	Carbamidomethyl	C	5
PSM812_2_29336	Carbamidomethyl	C	11
PSM812_2_29336	Carbamidomethyl	C	12
PSM812_2_29337	Carbamidomethyl	C	11
PSM812_2_29337	Carbamidomethyl	C	12
PSM812_2_29338	Carbamidomethyl	C	11
PSM812_2_29338	Carbamidomethyl	C	12
PSM812_2_2934	Carbamidomethyl	C	17
PSM812_2_29344	Carbamidomethyl	C	11
PSM812_2_29345	Carbamidomethyl	C	11
PSM812_2_29346	Carbamidomethyl	C	11
PSM812_2_2935	Carbamidomethyl	C	17
PSM812_2_2936	Carbamidomethyl	C	17
PSM812_2_29367	Carbamidomethyl	C	6
PSM812_2_29368	Carbamidomethyl	C	6
PSM812_2_29369	Carbamidomethyl	C	6
PSM812_2_2937	Carbamidomethyl	C	17
PSM812_2_29370	Carbamidomethyl	C	6
PSM812_2_2938	Carbamidomethyl	C	17
PSM812_2_29380	Carbamidomethyl	C	12
PSM812_2_29381	Carbamidomethyl	C	11
PSM812_2_29382	Carbamidomethyl	C	3
PSM812_2_29383	Carbamidomethyl	C	3
PSM812_2_29384	Carbamidomethyl	C	3
PSM812_2_29389	Gln->pyro-Glu	N-term	
PSM812_2_29389	Carbamidomethyl	C	3
PSM812_2_29389	Carbamidomethyl	C	4
PSM812_2_29389	Carbamidomethyl	C	10
PSM812_2_2939	Carbamidomethyl	C	17
PSM812_2_29397	Carbamidomethyl	C	2
PSM812_2_29398	Carbamidomethyl	C	2
PSM812_2_29399	Carbamidomethyl	C	2
PSM812_2_294	Carbamidomethyl	C	5
PSM812_2_294	Carbamidomethyl	C	9
PSM812_2_2940	Carbamidomethyl	C	17
PSM812_2_2941	Carbamidomethyl	C	17
PSM812_2_2942	Carbamidomethyl	C	17
PSM812_2_2943	Carbamidomethyl	C	17
PSM812_2_29432	Carbamidomethyl	C	2
PSM812_2_29433	Carbamidomethyl	C	2
PSM812_2_29434	Carbamidomethyl	C	3
PSM812_2_29434	Carbamidomethyl	C	5
PSM812_2_29435	Carbamidomethyl	C	3
PSM812_2_29435	Carbamidomethyl	C	5
PSM812_2_29436	Carbamidomethyl	C	3
PSM812_2_29436	Carbamidomethyl	C	5
PSM812_2_29437	Carbamidomethyl	C	3
PSM812_2_29437	Carbamidomethyl	C	5
PSM812_2_29438	Carbamidomethyl	C	3
PSM812_2_29439	Carbamidomethyl	C	3
PSM812_2_2944	Carbamidomethyl	C	17
PSM812_2_2945	Carbamidomethyl	C	17
PSM812_2_2946	Carbamidomethyl	C	17
PSM812_2_29466	Carbamidomethyl	C	8
PSM812_2_2947	Carbamidomethyl	C	17
PSM812_2_2948	Carbamidomethyl	C	17
PSM812_2_2949	Carbamidomethyl	C	17
PSM812_2_295	Carbamidomethyl	C	5
PSM812_2_295	Carbamidomethyl	C	9
PSM812_2_2950	Carbamidomethyl	C	17
PSM812_2_29504	Carbamidomethyl	C	2
PSM812_2_29504	Carbamidomethyl	C	10
PSM812_2_29505	Carbamidomethyl	C	2
PSM812_2_29505	Carbamidomethyl	C	10
PSM812_2_2951	Carbamidomethyl	C	17
PSM812_2_29512	Carbamidomethyl	C	6
PSM812_2_29512	Carbamidomethyl	C	9
PSM812_2_29514	Carbamidomethyl	C	13
PSM812_2_29515	Carbamidomethyl	C	13
PSM812_2_29516	Carbamidomethyl	C	13
PSM812_2_2952	Carbamidomethyl	C	17
PSM812_2_29520	Carbamidomethyl	C	8
PSM812_2_29521	Carbamidomethyl	C	8
PSM812_2_29522	Carbamidomethyl	C	8
PSM812_2_29523	Carbamidomethyl	C	8
PSM812_2_29524	Carbamidomethyl	C	8
PSM812_2_29525	Carbamidomethyl	C	8
PSM812_2_2953	Carbamidomethyl	C	17
PSM812_2_2954	Carbamidomethyl	C	17
PSM812_2_2955	Carbamidomethyl	C	17
PSM812_2_2956	Carbamidomethyl	C	17
PSM812_2_29565	Carbamidomethyl	C	14
PSM812_2_29566	Carbamidomethyl	C	14
PSM812_2_29567	Carbamidomethyl	C	14
PSM812_2_2957	Carbamidomethyl	C	17
PSM812_2_29570	Carbamidomethyl	C	13
PSM812_2_29574	Carbamidomethyl	C	10
PSM812_2_29574	Carbamidomethyl	C	11
PSM812_2_29575	Carbamidomethyl	C	10
PSM812_2_29575	Carbamidomethyl	C	11
PSM812_2_29576	Carbamidomethyl	C	10
PSM812_2_29576	Carbamidomethyl	C	11
PSM812_2_2958	Carbamidomethyl	C	17
PSM812_2_2959	Carbamidomethyl	C	17
PSM812_2_29590	Carbamidomethyl	C	6
PSM812_2_29591	Carbamidomethyl	C	6
PSM812_2_29592	Carbamidomethyl	C	6
PSM812_2_296	Carbamidomethyl	C	11
PSM812_2_296	Carbamidomethyl	C	12
PSM812_2_296	Carbamidomethyl	C	15
PSM812_2_296	Carbamidomethyl	C	25
PSM812_2_296	Carbamidomethyl	C	28
PSM812_2_296	Carbamidomethyl	C	33
PSM812_2_296	Carbamidomethyl	C	36
PSM812_2_2960	Carbamidomethyl	C	17
PSM812_2_29604	Carbamidomethyl	C	6
PSM812_2_29605	Carbamidomethyl	C	6
PSM812_2_29606	Carbamidomethyl	C	6
PSM812_2_2961	Carbamidomethyl	C	17
PSM812_2_2962	Carbamidomethyl	C	17
PSM812_2_29620	Carbamidomethyl	C	9
PSM812_2_29620	Carbamidomethyl	C	14
PSM812_2_29621	Carbamidomethyl	C	9
PSM812_2_29621	Carbamidomethyl	C	14
PSM812_2_29622	Carbamidomethyl	C	9
PSM812_2_29622	Carbamidomethyl	C	14
PSM812_2_29623	Carbamidomethyl	C	9
PSM812_2_29623	Carbamidomethyl	C	14
PSM812_2_29624	Carbamidomethyl	C	13
PSM812_2_2963	Carbamidomethyl	C	17
PSM812_2_2964	Carbamidomethyl	C	17
PSM812_2_2965	Carbamidomethyl	C	17
PSM812_2_2966	Carbamidomethyl	C	17
PSM812_2_2967	Carbamidomethyl	C	17
PSM812_2_2968	Carbamidomethyl	C	17
PSM812_2_29684	Carbamidomethyl	C	19
PSM812_2_29685	Carbamidomethyl	C	19
PSM812_2_29686	Carbamidomethyl	C	19
PSM812_2_2969	Carbamidomethyl	C	17
PSM812_2_29691	Carbamidomethyl	C	6
PSM812_2_29692	Carbamidomethyl	C	6
PSM812_2_29693	Carbamidomethyl	C	6
PSM812_2_29694	Carbamidomethyl	C	6
PSM812_2_29697	Carbamidomethyl	C	8
PSM812_2_29698	Carbamidomethyl	C	8
PSM812_2_29699	Carbamidomethyl	C	8
PSM812_2_297	Carbamidomethyl	C	11
PSM812_2_297	Carbamidomethyl	C	12
PSM812_2_297	Carbamidomethyl	C	15
PSM812_2_297	Carbamidomethyl	C	25
PSM812_2_297	Carbamidomethyl	C	28
PSM812_2_297	Carbamidomethyl	C	33
PSM812_2_297	Carbamidomethyl	C	36
PSM812_2_2970	Carbamidomethyl	C	17
PSM812_2_29706	Carbamidomethyl	C	3
PSM812_2_29707	Carbamidomethyl	C	3
PSM812_2_2971	Carbamidomethyl	C	17
PSM812_2_29718	Carbamidomethyl	C	12
PSM812_2_29719	Carbamidomethyl	C	4
PSM812_2_2972	Carbamidomethyl	C	17
PSM812_2_29720	Carbamidomethyl	C	13
PSM812_2_29721	Carbamidomethyl	C	13
PSM812_2_29722	Carbamidomethyl	C	13
PSM812_2_29727	Carbamidomethyl	C	6
PSM812_2_2973	Carbamidomethyl	C	17
PSM812_2_29756	Carbamidomethyl	C	4
PSM812_2_29759	Carbamidomethyl	C	6
PSM812_2_29760	Carbamidomethyl	C	6
PSM812_2_29761	Carbamidomethyl	C	6
PSM812_2_29763	Carbamidomethyl	C	11
PSM812_2_29764	Carbamidomethyl	C	11
PSM812_2_29765	Carbamidomethyl	C	11
PSM812_2_29766	Carbamidomethyl	C	11
PSM812_2_29767	Carbamidomethyl	C	7
PSM812_2_29788	Carbamidomethyl	C	8
PSM812_2_29789	Carbamidomethyl	C	8
PSM812_2_29790	Carbamidomethyl	C	18
PSM812_2_29790	Carbamidomethyl	C	20
PSM812_2_29790	Carbamidomethyl	C	30
PSM812_2_29791	Carbamidomethyl	C	11
PSM812_2_298	Carbamidomethyl	C	11
PSM812_2_298	Carbamidomethyl	C	12
PSM812_2_298	Carbamidomethyl	C	15
PSM812_2_298	Carbamidomethyl	C	25
PSM812_2_298	Carbamidomethyl	C	28
PSM812_2_298	Carbamidomethyl	C	33
PSM812_2_298	Carbamidomethyl	C	36
PSM812_2_29811	Carbamidomethyl	C	10
PSM812_2_29812	Carbamidomethyl	C	10
PSM812_2_29813	Carbamidomethyl	C	13
PSM812_2_29819	Carbamidomethyl	C	8
PSM812_2_29820	Carbamidomethyl	C	8
PSM812_2_29821	Carbamidomethyl	C	8
PSM812_2_29824	Carbamidomethyl	C	4
PSM812_2_29825	Carbamidomethyl	C	4
PSM812_2_29826	Carbamidomethyl	C	4
PSM812_2_29843	Carbamidomethyl	C	2
PSM812_2_29844	Carbamidomethyl	C	2
PSM812_2_29845	Carbamidomethyl	C	7
PSM812_2_29845	Carbamidomethyl	C	11
PSM812_2_29846	Carbamidomethyl	C	7
PSM812_2_29846	Carbamidomethyl	C	11
PSM812_2_29847	Carbamidomethyl	C	7
PSM812_2_29847	Carbamidomethyl	C	11
PSM812_2_29848	Carbamidomethyl	C	7
PSM812_2_29848	Carbamidomethyl	C	11
PSM812_2_29849	Carbamidomethyl	C	7
PSM812_2_29849	Carbamidomethyl	C	11
PSM812_2_29850	Carbamidomethyl	C	1
PSM812_2_29850	Carbamidomethyl	C	4
PSM812_2_29851	Carbamidomethyl	C	13
PSM812_2_29852	Carbamidomethyl	C	13
PSM812_2_29853	Carbamidomethyl	C	13
PSM812_2_29869	Carbamidomethyl	C	12
PSM812_2_29870	Carbamidomethyl	C	2
PSM812_2_29871	Carbamidomethyl	C	2
PSM812_2_29872	Carbamidomethyl	C	2
PSM812_2_29873	Carbamidomethyl	C	2
PSM812_2_29886	Carbamidomethyl	C	6
PSM812_2_29889	Carbamidomethyl	C	3
PSM812_2_29890	Carbamidomethyl	C	3
PSM812_2_29891	Carbamidomethyl	C	3
PSM812_2_29892	Carbamidomethyl	C	3
PSM812_2_29893	Carbamidomethyl	C	3
PSM812_2_29894	Carbamidomethyl	C	3
PSM812_2_29895	Carbamidomethyl	C	3
PSM812_2_29907	Carbamidomethyl	C	1
PSM812_2_29908	Carbamidomethyl	C	1
PSM812_2_29909	Carbamidomethyl	C	1
PSM812_2_29910	Carbamidomethyl	C	1
PSM812_2_29911	Carbamidomethyl	C	1
PSM812_2_29912	Carbamidomethyl	C	1
PSM812_2_29913	Carbamidomethyl	C	1
PSM812_2_29914	Carbamidomethyl	C	1
PSM812_2_29916	Carbamidomethyl	C	9
PSM812_2_29917	Carbamidomethyl	C	9
PSM812_2_29918	Carbamidomethyl	C	9
PSM812_2_29919	Carbamidomethyl	C	9
PSM812_2_29920	Carbamidomethyl	C	9
PSM812_2_29924	Carbamidomethyl	C	5
PSM812_2_29925	Carbamidomethyl	C	5
PSM812_2_29926	Carbamidomethyl	C	5
PSM812_2_29935	Carbamidomethyl	C	5
PSM812_2_29936	Carbamidomethyl	C	5
PSM812_2_29937	Carbamidomethyl	C	5
PSM812_2_29944	Carbamidomethyl	C	12
PSM812_2_29944	Carbamidomethyl	C	13
PSM812_2_29945	Carbamidomethyl	C	12
PSM812_2_29945	Carbamidomethyl	C	13
PSM812_2_29946	Carbamidomethyl	C	12
PSM812_2_29946	Carbamidomethyl	C	13
PSM812_2_29950	Carbamidomethyl	C	11
PSM812_2_29951	Carbamidomethyl	C	11
PSM812_2_29952	Carbamidomethyl	C	11
PSM812_2_29953	Carbamidomethyl	C	12
PSM812_2_29954	Carbamidomethyl	C	12
PSM812_2_29957	Carbamidomethyl	C	12
PSM812_2_29967	Carbamidomethyl	C	11
PSM812_2_29968	Carbamidomethyl	C	11
PSM812_2_29975	Carbamidomethyl	C	9
PSM812_2_29976	Carbamidomethyl	C	9
PSM812_2_29977	Carbamidomethyl	C	9
PSM812_2_29978	Carbamidomethyl	C	9
PSM812_2_29979	Carbamidomethyl	C	9
PSM812_2_30034	Carbamidomethyl	C	12
PSM812_2_30035	Carbamidomethyl	C	3
PSM812_2_30036	Carbamidomethyl	C	3
PSM812_2_30050	Carbamidomethyl	C	1
PSM812_2_30051	Carbamidomethyl	C	1
PSM812_2_30052	Carbamidomethyl	C	1
PSM812_2_30060	Carbamidomethyl	C	4
PSM812_2_30074	Carbamidomethyl	C	13
PSM812_2_30083	Carbamidomethyl	C	5
PSM812_2_30084	Carbamidomethyl	C	5
PSM812_2_30085	Carbamidomethyl	C	5
PSM812_2_30104	Carbamidomethyl	C	10
PSM812_2_30105	Carbamidomethyl	C	10
PSM812_2_30106	Carbamidomethyl	C	10
PSM812_2_30117	Carbamidomethyl	C	13
PSM812_2_30120	Carbamidomethyl	C	12
PSM812_2_30121	Carbamidomethyl	C	12
PSM812_2_30122	Carbamidomethyl	C	12
PSM812_2_30123	Carbamidomethyl	C	12
PSM812_2_30124	Carbamidomethyl	C	12
PSM812_2_30137	Carbamidomethyl	C	11
PSM812_2_30155	Carbamidomethyl	C	15
PSM812_2_30156	Carbamidomethyl	C	15
PSM812_2_30157	Carbamidomethyl	C	15
PSM812_2_30158	Carbamidomethyl	C	15
PSM812_2_30159	Carbamidomethyl	C	2
PSM812_2_30168	Carbamidomethyl	C	6
PSM812_2_30169	Carbamidomethyl	C	6
PSM812_2_30171	Carbamidomethyl	C	14
PSM812_2_30172	Carbamidomethyl	C	14
PSM812_2_30173	Carbamidomethyl	C	14
PSM812_2_30174	Carbamidomethyl	C	14
PSM812_2_30175	Carbamidomethyl	C	14
PSM812_2_30176	Carbamidomethyl	C	4
PSM812_2_30192	Carbamidomethyl	C	6
PSM812_2_30192	Carbamidomethyl	C	18
PSM812_2_30202	Carbamidomethyl	C	3
PSM812_2_30203	Carbamidomethyl	C	3
PSM812_2_30204	Carbamidomethyl	C	3
PSM812_2_30209	Carbamidomethyl	C	9
PSM812_2_30210	Carbamidomethyl	C	9
PSM812_2_30211	Carbamidomethyl	C	17
PSM812_2_30212	Carbamidomethyl	C	17
PSM812_2_30213	Carbamidomethyl	C	17
PSM812_2_30221	Carbamidomethyl	C	5
PSM812_2_30222	Carbamidomethyl	C	5
PSM812_2_30223	Carbamidomethyl	C	5
PSM812_2_30226	Carbamidomethyl	C	3
PSM812_2_30227	Carbamidomethyl	C	3
PSM812_2_30246	Carbamidomethyl	C	5
PSM812_2_30247	Carbamidomethyl	C	5
PSM812_2_30248	Carbamidomethyl	C	5
PSM812_2_30249	Carbamidomethyl	C	5
PSM812_2_30250	Carbamidomethyl	C	5
PSM812_2_30271	Carbamidomethyl	C	8
PSM812_2_30272	Carbamidomethyl	C	8
PSM812_2_30275	Carbamidomethyl	C	14
PSM812_2_30276	Carbamidomethyl	C	14
PSM812_2_30277	Carbamidomethyl	C	14
PSM812_2_30294	Carbamidomethyl	C	7
PSM812_2_30301	Carbamidomethyl	C	5
PSM812_2_30304	Carbamidomethyl	C	15
PSM812_2_30305	Carbamidomethyl	C	15
PSM812_2_30310	Carbamidomethyl	C	6
PSM812_2_30310	Carbamidomethyl	C	14
PSM812_2_30319	Gln->pyro-Glu	N-term	
PSM812_2_30336	Carbamidomethyl	C	1
PSM812_2_30336	Carbamidomethyl	C	13
PSM812_2_30337	Carbamidomethyl	C	1
PSM812_2_30337	Carbamidomethyl	C	13
PSM812_2_30338	Carbamidomethyl	C	1
PSM812_2_30359	Acetyl	N-term	
PSM812_2_30363	Gln->pyro-Glu	N-term	
PSM812_2_30364	Gln->pyro-Glu	N-term	
PSM812_2_30365	Gln->pyro-Glu	N-term	
PSM812_2_30372	Acetyl	N-term	
PSM812_2_30373	Acetyl	N-term	
PSM812_2_30378	Gln->pyro-Glu	N-term	
PSM812_2_30379	Carbamidomethyl	C	8
PSM812_2_30380	Carbamidomethyl	C	8
PSM812_2_30381	Acetyl	N-term	
PSM812_2_30382	Acetyl	N-term	
PSM812_2_30383	Acetyl	N-term	
PSM812_2_30383	Carbamidomethyl	C	18
PSM812_2_30383	Carbamidomethyl	C	19
PSM812_2_30384	Acetyl	N-term	
PSM812_2_30384	Carbamidomethyl	C	18
PSM812_2_30384	Carbamidomethyl	C	19
PSM812_2_30385	Acetyl	N-term	
PSM812_2_30385	Carbamidomethyl	C	18
PSM812_2_30385	Carbamidomethyl	C	19
PSM812_2_30386	Acetyl	N-term	
PSM812_2_30392	Gln->pyro-Glu	N-term	
PSM812_2_30392	Carbamidomethyl	C	2
PSM812_2_30392	Carbamidomethyl	C	4
PSM812_2_30392	Carbamidomethyl	C	15
PSM812_2_30393	Gln->pyro-Glu	N-term	
PSM812_2_30393	Carbamidomethyl	C	2
PSM812_2_30393	Carbamidomethyl	C	4
PSM812_2_30393	Carbamidomethyl	C	15
PSM812_2_30395	Acetyl	N-term	
PSM812_2_30396	Acetyl	N-term	
PSM812_2_30397	Acetyl	N-term	
PSM812_2_30398	Acetyl	N-term	
PSM812_2_30399	Acetyl	N-term	
PSM812_2_30404	Acetyl	N-term	
PSM812_2_30405	Acetyl	N-term	
PSM812_2_30406	Acetyl	N-term	
PSM812_2_30407	Acetyl	N-term	
PSM812_2_3041	Acetyl	N-term	
PSM812_2_30415	Carbamidomethyl	C	5
PSM812_2_30431	Carbamidomethyl	C	4
PSM812_2_30432	Carbamidomethyl	C	4
PSM812_2_30433	Carbamidomethyl	C	14
PSM812_2_30434	Carbamidomethyl	C	14
PSM812_2_30445	Carbamidomethyl	C	1
PSM812_2_30455	Carbamidomethyl	C	9
PSM812_2_30456	Carbamidomethyl	C	9
PSM812_2_30457	Carbamidomethyl	C	9
PSM812_2_30458	Carbamidomethyl	C	9
PSM812_2_30459	Carbamidomethyl	C	9
PSM812_2_30471	Carbamidomethyl	C	12
PSM812_2_30472	Carbamidomethyl	C	12
PSM812_2_30473	Carbamidomethyl	C	12
PSM812_2_30474	Carbamidomethyl	C	12
PSM812_2_30475	Carbamidomethyl	C	8
PSM812_2_3049	Carbamidomethyl	C	19
PSM812_2_3050	Carbamidomethyl	C	19
PSM812_2_30500	Carbamidomethyl	C	4
PSM812_2_30501	Carbamidomethyl	C	4
PSM812_2_30502	Carbamidomethyl	C	4
PSM812_2_30503	Carbamidomethyl	C	4
PSM812_2_30504	Carbamidomethyl	C	4
PSM812_2_30505	Carbamidomethyl	C	4
PSM812_2_30506	Carbamidomethyl	C	4
PSM812_2_30507	Carbamidomethyl	C	4
PSM812_2_30511	Carbamidomethyl	C	5
PSM812_2_30512	Carbamidomethyl	C	5
PSM812_2_30521	Carbamidomethyl	C	6
PSM812_2_30522	Carbamidomethyl	C	6
PSM812_2_30523	Carbamidomethyl	C	2
PSM812_2_30523	Carbamidomethyl	C	9
PSM812_2_30523	Carbamidomethyl	C	10
PSM812_2_30523	Carbamidomethyl	C	11
PSM812_2_30523	Carbamidomethyl	C	14
PSM812_2_30524	Carbamidomethyl	C	6
PSM812_2_30535	Carbamidomethyl	C	11
PSM812_2_30536	Carbamidomethyl	C	11
PSM812_2_30537	Carbamidomethyl	C	11
PSM812_2_30538	Carbamidomethyl	C	11
PSM812_2_30539	Carbamidomethyl	C	11
PSM812_2_30540	Carbamidomethyl	C	11
PSM812_2_30541	Carbamidomethyl	C	11
PSM812_2_30552	Carbamidomethyl	C	2
PSM812_2_30557	Carbamidomethyl	C	10
PSM812_2_30579	Carbamidomethyl	C	8
PSM812_2_30580	Carbamidomethyl	C	17
PSM812_2_30581	Carbamidomethyl	C	17
PSM812_2_30630	Carbamidomethyl	C	13
PSM812_2_30630	Carbamidomethyl	C	16
PSM812_2_30631	Carbamidomethyl	C	13
PSM812_2_30631	Carbamidomethyl	C	16
PSM812_2_30632	Carbamidomethyl	C	13
PSM812_2_30632	Carbamidomethyl	C	16
PSM812_2_30633	Carbamidomethyl	C	13
PSM812_2_30633	Carbamidomethyl	C	16
PSM812_2_30634	Carbamidomethyl	C	13
PSM812_2_30634	Carbamidomethyl	C	16
PSM812_2_30635	Carbamidomethyl	C	10
PSM812_2_30635	Carbamidomethyl	C	20
PSM812_2_30636	Carbamidomethyl	C	10
PSM812_2_30636	Carbamidomethyl	C	20
PSM812_2_30637	Carbamidomethyl	C	16
PSM812_2_30638	Carbamidomethyl	C	5
PSM812_2_30638	Carbamidomethyl	C	11
PSM812_2_3064	Carbamidomethyl	C	19
PSM812_2_30641	Carbamidomethyl	C	14
PSM812_2_30642	Carbamidomethyl	C	14
PSM812_2_30643	Carbamidomethyl	C	14
PSM812_2_30644	Carbamidomethyl	C	14
PSM812_2_3065	Carbamidomethyl	C	19
PSM812_2_30650	Carbamidomethyl	C	6
PSM812_2_30651	Carbamidomethyl	C	6
PSM812_2_30652	Carbamidomethyl	C	6
PSM812_2_30653	Carbamidomethyl	C	7
PSM812_2_30654	Carbamidomethyl	C	7
PSM812_2_3066	Carbamidomethyl	C	19
PSM812_2_30670	Carbamidomethyl	C	5
PSM812_2_30671	Carbamidomethyl	C	5
PSM812_2_30733	Carbamidomethyl	C	6
PSM812_2_30734	Carbamidomethyl	C	6
PSM812_2_30735	Carbamidomethyl	C	6
PSM812_2_30736	Carbamidomethyl	C	9
PSM812_2_30737	Carbamidomethyl	C	9
PSM812_2_30738	Carbamidomethyl	C	9
PSM812_2_30739	Carbamidomethyl	C	9
PSM812_2_30742	Carbamidomethyl	C	8
PSM812_2_30743	Carbamidomethyl	C	8
PSM812_2_30744	Carbamidomethyl	C	8
PSM812_2_30745	Carbamidomethyl	C	8
PSM812_2_30746	Carbamidomethyl	C	8
PSM812_2_30747	Carbamidomethyl	C	8
PSM812_2_30771	Carbamidomethyl	C	13
PSM812_2_30772	Carbamidomethyl	C	13
PSM812_2_30773	Carbamidomethyl	C	13
PSM812_2_30774	Carbamidomethyl	C	13
PSM812_2_30775	Carbamidomethyl	C	13
PSM812_2_30776	Carbamidomethyl	C	13
PSM812_2_30777	Carbamidomethyl	C	13
PSM812_2_30798	Carbamidomethyl	C	11
PSM812_2_30799	Carbamidomethyl	C	11
PSM812_2_30800	Carbamidomethyl	C	11
PSM812_2_30801	Carbamidomethyl	C	11
PSM812_2_3081	Carbamidomethyl	C	11
PSM812_2_3082	Carbamidomethyl	C	11
PSM812_2_3083	Carbamidomethyl	C	11
PSM812_2_3084	Carbamidomethyl	C	18
PSM812_2_30847	Carbamidomethyl	C	1
PSM812_2_30848	Carbamidomethyl	C	6
PSM812_2_30849	Carbamidomethyl	C	6
PSM812_2_3085	Carbamidomethyl	C	18
PSM812_2_30850	Carbamidomethyl	C	6
PSM812_2_30851	Carbamidomethyl	C	6
PSM812_2_3086	Carbamidomethyl	C	18
PSM812_2_30866	Carbamidomethyl	C	9
PSM812_2_30867	Carbamidomethyl	C	9
PSM812_2_30868	Carbamidomethyl	C	9
PSM812_2_30869	Carbamidomethyl	C	9
PSM812_2_3087	Carbamidomethyl	C	18
PSM812_2_30870	Carbamidomethyl	C	9
PSM812_2_3088	Carbamidomethyl	C	18
PSM812_2_30880	Carbamidomethyl	C	8
PSM812_2_30881	Carbamidomethyl	C	8
PSM812_2_3089	Carbamidomethyl	C	18
PSM812_2_30899	Carbamidomethyl	C	1
PSM812_2_3090	Carbamidomethyl	C	18
PSM812_2_30900	Carbamidomethyl	C	1
PSM812_2_30901	Carbamidomethyl	C	1
PSM812_2_3091	Acetyl	N-term	
PSM812_2_3092	Acetyl	N-term	
PSM812_2_30920	Carbamidomethyl	C	7
PSM812_2_30921	Carbamidomethyl	C	7
PSM812_2_3093	Acetyl	N-term	
PSM812_2_30933	Carbamidomethyl	C	5
PSM812_2_30934	Carbamidomethyl	C	5
PSM812_2_30935	Carbamidomethyl	C	5
PSM812_2_30936	Carbamidomethyl	C	5
PSM812_2_30937	Carbamidomethyl	C	5
PSM812_2_3094	Carbamidomethyl	C	7
PSM812_2_30941	Carbamidomethyl	C	6
PSM812_2_30942	Carbamidomethyl	C	6
PSM812_2_30943	Carbamidomethyl	C	6
PSM812_2_30944	Carbamidomethyl	C	6
PSM812_2_30945	Carbamidomethyl	C	6
PSM812_2_3095	Carbamidomethyl	C	7
PSM812_2_30950	Carbamidomethyl	C	3
PSM812_2_30951	Carbamidomethyl	C	3
PSM812_2_3096	Carbamidomethyl	C	7
PSM812_2_3097	Carbamidomethyl	C	7
PSM812_2_30978	Carbamidomethyl	C	5
PSM812_2_30978	Carbamidomethyl	C	18
PSM812_2_30979	Carbamidomethyl	C	5
PSM812_2_30979	Carbamidomethyl	C	18
PSM812_2_3098	Carbamidomethyl	C	7
PSM812_2_3099	Carbamidomethyl	C	7
PSM812_2_30991	Carbamidomethyl	C	7
PSM812_2_30992	Carbamidomethyl	C	7
PSM812_2_30997	Carbamidomethyl	C	11
PSM812_2_30998	Carbamidomethyl	C	11
PSM812_2_30999	Carbamidomethyl	C	7
PSM812_2_3100	Carbamidomethyl	C	7
PSM812_2_31000	Carbamidomethyl	C	7
PSM812_2_31001	Carbamidomethyl	C	7
PSM812_2_31006	Carbamidomethyl	C	5
PSM812_2_31006	Carbamidomethyl	C	17
PSM812_2_31007	Carbamidomethyl	C	5
PSM812_2_31007	Carbamidomethyl	C	17
PSM812_2_31008	Carbamidomethyl	C	13
PSM812_2_31009	Carbamidomethyl	C	13
PSM812_2_3101	Carbamidomethyl	C	7
PSM812_2_31010	Carbamidomethyl	C	13
PSM812_2_31011	Carbamidomethyl	C	13
PSM812_2_31014	Carbamidomethyl	C	19
PSM812_2_31014	Carbamidomethyl	C	25
PSM812_2_31015	Carbamidomethyl	C	19
PSM812_2_31015	Carbamidomethyl	C	25
PSM812_2_3102	Carbamidomethyl	C	7
PSM812_2_31020	Carbamidomethyl	C	3
PSM812_2_31020	Carbamidomethyl	C	15
PSM812_2_3103	Carbamidomethyl	C	7
PSM812_2_31030	Carbamidomethyl	C	6
PSM812_2_31031	Carbamidomethyl	C	6
PSM812_2_31032	Carbamidomethyl	C	6
PSM812_2_3104	Carbamidomethyl	C	7
PSM812_2_31047	Carbamidomethyl	C	10
PSM812_2_31048	Carbamidomethyl	C	10
PSM812_2_3105	Carbamidomethyl	C	7
PSM812_2_31050	Carbamidomethyl	C	13
PSM812_2_31050	Carbamidomethyl	C	14
PSM812_2_31051	Carbamidomethyl	C	13
PSM812_2_31051	Carbamidomethyl	C	14
PSM812_2_31052	Carbamidomethyl	C	13
PSM812_2_31052	Carbamidomethyl	C	14
PSM812_2_3106	Carbamidomethyl	C	8
PSM812_2_31066	Carbamidomethyl	C	11
PSM812_2_31067	Carbamidomethyl	C	11
PSM812_2_31068	Carbamidomethyl	C	4
PSM812_2_31068	Carbamidomethyl	C	14
PSM812_2_31068	Carbamidomethyl	C	16
PSM812_2_31069	Carbamidomethyl	C	4
PSM812_2_31069	Carbamidomethyl	C	14
PSM812_2_31069	Carbamidomethyl	C	16
PSM812_2_3107	Carbamidomethyl	C	8
PSM812_2_31070	Carbamidomethyl	C	4
PSM812_2_31070	Carbamidomethyl	C	14
PSM812_2_31070	Carbamidomethyl	C	16
PSM812_2_31074	Carbamidomethyl	C	10
PSM812_2_31075	Carbamidomethyl	C	10
PSM812_2_31082	Carbamidomethyl	C	11
PSM812_2_31083	Carbamidomethyl	C	11
PSM812_2_31084	Carbamidomethyl	C	11
PSM812_2_31085	Carbamidomethyl	C	3
PSM812_2_31086	Carbamidomethyl	C	3
PSM812_2_31095	Carbamidomethyl	C	6
PSM812_2_31095	Carbamidomethyl	C	7
PSM812_2_31095	Carbamidomethyl	C	11
PSM812_2_31095	Carbamidomethyl	C	20
PSM812_2_31096	Carbamidomethyl	C	6
PSM812_2_31096	Carbamidomethyl	C	7
PSM812_2_31096	Carbamidomethyl	C	11
PSM812_2_31096	Carbamidomethyl	C	20
PSM812_2_31100	Carbamidomethyl	C	7
PSM812_2_31101	Carbamidomethyl	C	7
PSM812_2_31102	Carbamidomethyl	C	7
PSM812_2_31117	Carbamidomethyl	C	6
PSM812_2_31117	Carbamidomethyl	C	15
PSM812_2_3112	Carbamidomethyl	C	12
PSM812_2_3113	Carbamidomethyl	C	12
PSM812_2_31134	Carbamidomethyl	C	19
PSM812_2_31134	Carbamidomethyl	C	22
PSM812_2_31135	Carbamidomethyl	C	19
PSM812_2_31135	Carbamidomethyl	C	22
PSM812_2_31136	Carbamidomethyl	C	19
PSM812_2_31136	Carbamidomethyl	C	22
PSM812_2_31137	Carbamidomethyl	C	19
PSM812_2_31137	Carbamidomethyl	C	22
PSM812_2_31138	Carbamidomethyl	C	5
PSM812_2_31139	Carbamidomethyl	C	5
PSM812_2_3114	Carbamidomethyl	C	12
PSM812_2_31140	Carbamidomethyl	C	5
PSM812_2_3115	Carbamidomethyl	C	12
PSM812_2_3116	Carbamidomethyl	C	12
PSM812_2_31160	Carbamidomethyl	C	2
PSM812_2_31160	Carbamidomethyl	C	8
PSM812_2_31161	Carbamidomethyl	C	2
PSM812_2_31161	Carbamidomethyl	C	8
PSM812_2_31162	Carbamidomethyl	C	2
PSM812_2_31162	Carbamidomethyl	C	8
PSM812_2_31163	Carbamidomethyl	C	2
PSM812_2_31163	Carbamidomethyl	C	8
PSM812_2_31168	Carbamidomethyl	C	14
PSM812_2_3117	Carbamidomethyl	C	12
PSM812_2_3118	Carbamidomethyl	C	12
PSM812_2_31180	Carbamidomethyl	C	10
PSM812_2_31181	Carbamidomethyl	C	10
PSM812_2_31182	Carbamidomethyl	C	10
PSM812_2_31183	Carbamidomethyl	C	10
PSM812_2_3119	Carbamidomethyl	C	12
PSM812_2_31193	Carbamidomethyl	C	5
PSM812_2_31197	Carbamidomethyl	C	15
PSM812_2_31197	Carbamidomethyl	C	18
PSM812_2_31198	Carbamidomethyl	C	15
PSM812_2_31198	Carbamidomethyl	C	18
PSM812_2_31199	Carbamidomethyl	C	15
PSM812_2_31199	Carbamidomethyl	C	18
PSM812_2_3120	Carbamidomethyl	C	12
PSM812_2_31200	Carbamidomethyl	C	9
PSM812_2_31200	Carbamidomethyl	C	14
PSM812_2_31204	Carbamidomethyl	C	6
PSM812_2_31205	Carbamidomethyl	C	6
PSM812_2_3121	Carbamidomethyl	C	12
PSM812_2_3122	Carbamidomethyl	C	12
PSM812_2_31220	Carbamidomethyl	C	6
PSM812_2_31221	Carbamidomethyl	C	6
PSM812_2_31222	Carbamidomethyl	C	6
PSM812_2_31223	Carbamidomethyl	C	6
PSM812_2_31224	Carbamidomethyl	C	6
PSM812_2_31227	Carbamidomethyl	C	6
PSM812_2_31228	Carbamidomethyl	C	6
PSM812_2_31229	Carbamidomethyl	C	6
PSM812_2_3123	Carbamidomethyl	C	12
PSM812_2_31230	Carbamidomethyl	C	6
PSM812_2_31231	Carbamidomethyl	C	6
PSM812_2_31232	Carbamidomethyl	C	5
PSM812_2_31232	Carbamidomethyl	C	8
PSM812_2_31233	Carbamidomethyl	C	5
PSM812_2_31233	Carbamidomethyl	C	8
PSM812_2_31234	Carbamidomethyl	C	5
PSM812_2_31234	Carbamidomethyl	C	8
PSM812_2_3124	Carbamidomethyl	C	12
PSM812_2_31243	Oxidation	M	5
PSM812_2_31244	Oxidation	M	5
PSM812_2_31245	Oxidation	M	5
PSM812_2_31246	Oxidation	M	5
PSM812_2_3125	Carbamidomethyl	C	12
PSM812_2_31250	Carbamidomethyl	C	2
PSM812_2_31251	Carbamidomethyl	C	4
PSM812_2_31254	Carbamidomethyl	C	15
PSM812_2_31255	Carbamidomethyl	C	11
PSM812_2_31256	Carbamidomethyl	C	11
PSM812_2_31257	Carbamidomethyl	C	11
PSM812_2_31258	Carbamidomethyl	C	11
PSM812_2_31259	Carbamidomethyl	C	11
PSM812_2_31261	Carbamidomethyl	C	10
PSM812_2_31261	Carbamidomethyl	C	18
PSM812_2_31262	Carbamidomethyl	C	10
PSM812_2_31262	Carbamidomethyl	C	18
PSM812_2_31263	Carbamidomethyl	C	10
PSM812_2_31263	Carbamidomethyl	C	18
PSM812_2_31271	Carbamidomethyl	C	11
PSM812_2_31272	Carbamidomethyl	C	11
PSM812_2_31273	Carbamidomethyl	C	11
PSM812_2_31274	Carbamidomethyl	C	11
PSM812_2_31275	Carbamidomethyl	C	11
PSM812_2_31276	Carbamidomethyl	C	11
PSM812_2_31277	Carbamidomethyl	C	8
PSM812_2_31293	Carbamidomethyl	C	7
PSM812_2_31294	Carbamidomethyl	C	7
PSM812_2_31295	Carbamidomethyl	C	7
PSM812_2_31296	Carbamidomethyl	C	7
PSM812_2_31300	Carbamidomethyl	C	10
PSM812_2_31307	Carbamidomethyl	C	3
PSM812_2_31311	Carbamidomethyl	C	29
PSM812_2_31325	Carbamidomethyl	C	8
PSM812_2_31326	Carbamidomethyl	C	8
PSM812_2_31327	Carbamidomethyl	C	15
PSM812_2_31328	Carbamidomethyl	C	15
PSM812_2_31329	Carbamidomethyl	C	15
PSM812_2_3133	Carbamidomethyl	C	13
PSM812_2_31330	Carbamidomethyl	C	15
PSM812_2_31331	Carbamidomethyl	C	15
PSM812_2_31332	Carbamidomethyl	C	15
PSM812_2_31333	Carbamidomethyl	C	15
PSM812_2_31334	Carbamidomethyl	C	15
PSM812_2_3134	Carbamidomethyl	C	13
PSM812_2_31372	Carbamidomethyl	C	8
PSM812_2_31373	Carbamidomethyl	C	8
PSM812_2_31374	Carbamidomethyl	C	8
PSM812_2_31376	Carbamidomethyl	C	15
PSM812_2_31377	Carbamidomethyl	C	15
PSM812_2_31378	Carbamidomethyl	C	15
PSM812_2_31379	Carbamidomethyl	C	15
PSM812_2_31381	Carbamidomethyl	C	6
PSM812_2_31381	Carbamidomethyl	C	11
PSM812_2_31387	Carbamidomethyl	C	3
PSM812_2_31389	Carbamidomethyl	C	9
PSM812_2_31389	Carbamidomethyl	C	11
PSM812_2_31390	Carbamidomethyl	C	9
PSM812_2_31390	Carbamidomethyl	C	11
PSM812_2_31391	Carbamidomethyl	C	9
PSM812_2_31391	Carbamidomethyl	C	11
PSM812_2_31423	Carbamidomethyl	C	3
PSM812_2_31424	Carbamidomethyl	C	1
PSM812_2_31425	Carbamidomethyl	C	1
PSM812_2_31426	Carbamidomethyl	C	1
PSM812_2_31427	Carbamidomethyl	C	1
PSM812_2_31428	Carbamidomethyl	C	1
PSM812_2_31429	Carbamidomethyl	C	1
PSM812_2_31430	Carbamidomethyl	C	1
PSM812_2_31431	Carbamidomethyl	C	1
PSM812_2_31432	Carbamidomethyl	C	1
PSM812_2_31433	Carbamidomethyl	C	1
PSM812_2_31434	Carbamidomethyl	C	1
PSM812_2_31439	Carbamidomethyl	C	1
PSM812_2_31446	Carbamidomethyl	C	10
PSM812_2_31447	Carbamidomethyl	C	10
PSM812_2_31448	Carbamidomethyl	C	10
PSM812_2_3145	Carbamidomethyl	C	10
PSM812_2_31456	Carbamidomethyl	C	12
PSM812_2_31459	Carbamidomethyl	C	11
PSM812_2_3146	Carbamidomethyl	C	10
PSM812_2_31460	Carbamidomethyl	C	11
PSM812_2_3147	Carbamidomethyl	C	10
PSM812_2_3148	Carbamidomethyl	C	10
PSM812_2_31484	Carbamidomethyl	C	8
PSM812_2_31485	Carbamidomethyl	C	8
PSM812_2_31486	Carbamidomethyl	C	8
PSM812_2_31487	Carbamidomethyl	C	10
PSM812_2_3149	Carbamidomethyl	C	10
PSM812_2_31498	Carbamidomethyl	C	28
PSM812_2_31498	Carbamidomethyl	C	35
PSM812_2_31499	Carbamidomethyl	C	28
PSM812_2_31499	Carbamidomethyl	C	35
PSM812_2_3150	Carbamidomethyl	C	10
PSM812_2_31500	Carbamidomethyl	C	19
PSM812_2_31501	Carbamidomethyl	C	3
PSM812_2_31502	Carbamidomethyl	C	3
PSM812_2_31503	Carbamidomethyl	C	3
PSM812_2_3151	Carbamidomethyl	C	10
PSM812_2_31510	Carbamidomethyl	C	23
PSM812_2_31511	Carbamidomethyl	C	23
PSM812_2_31518	Carbamidomethyl	C	6
PSM812_2_31520	Carbamidomethyl	C	2
PSM812_2_31520	Carbamidomethyl	C	9
PSM812_2_31529	Ammonia-loss	N-term	
PSM812_2_31529	Carbamidomethyl	C	1
PSM812_2_31530	Ammonia-loss	N-term	
PSM812_2_31530	Carbamidomethyl	C	1
PSM812_2_31531	Ammonia-loss	N-term	
PSM812_2_31531	Carbamidomethyl	C	1
PSM812_2_31532	Gln->pyro-Glu	N-term	
PSM812_2_31533	Gln->pyro-Glu	N-term	
PSM812_2_31534	Gln->pyro-Glu	N-term	
PSM812_2_31535	Carbamidomethyl	C	1
PSM812_2_31535	Carbamidomethyl	C	3
PSM812_2_31535	Carbamidomethyl	C	6
PSM812_2_31536	Carbamidomethyl	C	1
PSM812_2_31536	Carbamidomethyl	C	3
PSM812_2_31536	Carbamidomethyl	C	6
PSM812_2_31537	Carbamidomethyl	C	1
PSM812_2_31537	Carbamidomethyl	C	3
PSM812_2_31537	Carbamidomethyl	C	6
PSM812_2_31538	Gln->pyro-Glu	N-term	
PSM812_2_31541	Acetyl	N-term	
PSM812_2_31541	Oxidation	M	15
PSM812_2_31541	Carbamidomethyl	C	16
PSM812_2_31542	Acetyl	N-term	
PSM812_2_31542	Oxidation	M	15
PSM812_2_31542	Carbamidomethyl	C	16
PSM812_2_31543	Acetyl	N-term	
PSM812_2_31543	Carbamidomethyl	C	16
PSM812_2_31544	Acetyl	N-term	
PSM812_2_31544	Carbamidomethyl	C	16
PSM812_2_31545	Acetyl	N-term	
PSM812_2_31545	Carbamidomethyl	C	16
PSM812_2_31546	Acetyl	N-term	
PSM812_2_31546	Carbamidomethyl	C	16
PSM812_2_31547	Acetyl	N-term	
PSM812_2_31547	Carbamidomethyl	C	16
PSM812_2_31548	Acetyl	N-term	
PSM812_2_31548	Carbamidomethyl	C	16
PSM812_2_31549	Acetyl	N-term	
PSM812_2_31549	Carbamidomethyl	C	16
PSM812_2_31550	Acetyl	N-term	
PSM812_2_31550	Carbamidomethyl	C	16
PSM812_2_31551	Carbamidomethyl	C	11
PSM812_2_31551	Carbamidomethyl	C	15
PSM812_2_31552	Ammonia-loss	N-term	
PSM812_2_31552	Carbamidomethyl	C	1
PSM812_2_31557	Gln->pyro-Glu	N-term	
PSM812_2_31558	Gln->pyro-Glu	N-term	
PSM812_2_31559	Acetyl	N-term	
PSM812_2_31560	Acetyl	N-term	
PSM812_2_31561	Acetyl	N-term	
PSM812_2_31566	Ammonia-loss	N-term	
PSM812_2_31566	Carbamidomethyl	C	1
PSM812_2_31567	Ammonia-loss	N-term	
PSM812_2_31567	Carbamidomethyl	C	1
PSM812_2_31568	Acetyl	N-term	
PSM812_2_31569	Acetyl	N-term	
PSM812_2_31570	Gln->pyro-Glu	N-term	
PSM812_2_31574	Acetyl	N-term	
PSM812_2_31575	Acetyl	N-term	
PSM812_2_31576	Gln->pyro-Glu	N-term	
PSM812_2_31576	Carbamidomethyl	C	18
PSM812_2_31576	Carbamidomethyl	C	19
PSM812_2_31577	Gln->pyro-Glu	N-term	
PSM812_2_31578	Gln->pyro-Glu	N-term	
PSM812_2_31579	Gln->pyro-Glu	N-term	
PSM812_2_31580	Gln->pyro-Glu	N-term	
PSM812_2_31581	Gln->pyro-Glu	N-term	
PSM812_2_31582	Carbamidomethyl	C	6
PSM812_2_31583	Carbamidomethyl	C	6
PSM812_2_31584	Carbamidomethyl	C	6
PSM812_2_31585	Carbamidomethyl	C	6
PSM812_2_31588	Acetyl	N-term	
PSM812_2_31589	Acetyl	N-term	
PSM812_2_31590	Acetyl	N-term	
PSM812_2_31591	Acetyl	N-term	
PSM812_2_31592	Gln->pyro-Glu	N-term	
PSM812_2_31593	Carbamidomethyl	C	5
PSM812_2_31593	Carbamidomethyl	C	14
PSM812_2_31594	Carbamidomethyl	C	5
PSM812_2_31594	Carbamidomethyl	C	14
PSM812_2_31599	Carbamidomethyl	C	12
PSM812_2_31599	Carbamidomethyl	C	13
PSM812_2_31600	Carbamidomethyl	C	12
PSM812_2_31600	Carbamidomethyl	C	13
PSM812_2_31601	Acetyl	N-term	
PSM812_2_31602	Acetyl	N-term	
PSM812_2_31603	Acetyl	N-term	
PSM812_2_31604	Acetyl	N-term	
PSM812_2_31606	Gln->pyro-Glu	N-term	
PSM812_2_31607	Carbamidomethyl	C	7
PSM812_2_31614	Acetyl	N-term	
PSM812_2_31614	Carbamidomethyl	C	15
PSM812_2_31615	Acetyl	N-term	
PSM812_2_31615	Carbamidomethyl	C	15
PSM812_2_31619	Acetyl	N-term	
PSM812_2_31620	Acetyl	N-term	
PSM812_2_31632	Acetyl	N-term	
PSM812_2_31633	Acetyl	N-term	
PSM812_2_31634	Acetyl	N-term	
PSM812_2_31635	Acetyl	N-term	
PSM812_2_31636	Gln->pyro-Glu	N-term	
PSM812_2_31637	Gln->pyro-Glu	N-term	
PSM812_2_31649	Carbamidomethyl	C	1
PSM812_2_3166	Carbamidomethyl	C	12
PSM812_2_31663	Carbamidomethyl	C	9
PSM812_2_31664	Carbamidomethyl	C	9
PSM812_2_31665	Carbamidomethyl	C	9
PSM812_2_31666	Carbamidomethyl	C	9
PSM812_2_3167	Carbamidomethyl	C	12
PSM812_2_31671	Carbamidomethyl	C	14
PSM812_2_31672	Carbamidomethyl	C	14
PSM812_2_3168	Carbamidomethyl	C	12
PSM812_2_3169	Carbamidomethyl	C	12
PSM812_2_3170	Carbamidomethyl	C	12
PSM812_2_3171	Carbamidomethyl	C	12
PSM812_2_3172	Carbamidomethyl	C	12
PSM812_2_31726	Carbamidomethyl	C	7
PSM812_2_31726	Carbamidomethyl	C	14
PSM812_2_31727	Carbamidomethyl	C	7
PSM812_2_31727	Carbamidomethyl	C	14
PSM812_2_31750	Carbamidomethyl	C	3
PSM812_2_31750	Carbamidomethyl	C	10
PSM812_2_31751	Carbamidomethyl	C	3
PSM812_2_31751	Carbamidomethyl	C	10
PSM812_2_31752	Carbamidomethyl	C	3
PSM812_2_31752	Carbamidomethyl	C	10
PSM812_2_31753	Carbamidomethyl	C	19
PSM812_2_31754	Carbamidomethyl	C	19
PSM812_2_31796	Carbamidomethyl	C	9
PSM812_2_31797	Carbamidomethyl	C	9
PSM812_2_31801	Carbamidomethyl	C	4
PSM812_2_31802	Carbamidomethyl	C	4
PSM812_2_31803	Carbamidomethyl	C	4
PSM812_2_31804	Carbamidomethyl	C	4
PSM812_2_31805	Carbamidomethyl	C	6
PSM812_2_31806	Carbamidomethyl	C	6
PSM812_2_31815	Carbamidomethyl	C	27
PSM812_2_31815	Carbamidomethyl	C	37
PSM812_2_31816	Carbamidomethyl	C	27
PSM812_2_31816	Carbamidomethyl	C	37
PSM812_2_31817	Carbamidomethyl	C	27
PSM812_2_31817	Carbamidomethyl	C	37
PSM812_2_31818	Carbamidomethyl	C	27
PSM812_2_31818	Carbamidomethyl	C	37
PSM812_2_31819	Carbamidomethyl	C	27
PSM812_2_31819	Carbamidomethyl	C	37
PSM812_2_31820	Carbamidomethyl	C	27
PSM812_2_31820	Carbamidomethyl	C	37
PSM812_2_31821	Carbamidomethyl	C	27
PSM812_2_31821	Carbamidomethyl	C	37
PSM812_2_31822	Carbamidomethyl	C	27
PSM812_2_31822	Carbamidomethyl	C	37
PSM812_2_31823	Carbamidomethyl	C	27
PSM812_2_31823	Carbamidomethyl	C	37
PSM812_2_31824	Carbamidomethyl	C	27
PSM812_2_31824	Carbamidomethyl	C	37
PSM812_2_31825	Carbamidomethyl	C	27
PSM812_2_31825	Carbamidomethyl	C	37
PSM812_2_31826	Carbamidomethyl	C	27
PSM812_2_31826	Carbamidomethyl	C	37
PSM812_2_31827	Carbamidomethyl	C	27
PSM812_2_31827	Carbamidomethyl	C	37
PSM812_2_31828	Carbamidomethyl	C	27
PSM812_2_31828	Carbamidomethyl	C	37
PSM812_2_31829	Carbamidomethyl	C	27
PSM812_2_31829	Carbamidomethyl	C	37
PSM812_2_31830	Carbamidomethyl	C	27
PSM812_2_31830	Carbamidomethyl	C	37
PSM812_2_31831	Carbamidomethyl	C	27
PSM812_2_31831	Carbamidomethyl	C	37
PSM812_2_31832	Carbamidomethyl	C	27
PSM812_2_31832	Carbamidomethyl	C	37
PSM812_2_31833	Carbamidomethyl	C	27
PSM812_2_31833	Carbamidomethyl	C	37
PSM812_2_31834	Carbamidomethyl	C	27
PSM812_2_31834	Carbamidomethyl	C	37
PSM812_2_31835	Carbamidomethyl	C	27
PSM812_2_31835	Carbamidomethyl	C	37
PSM812_2_31836	Carbamidomethyl	C	27
PSM812_2_31836	Carbamidomethyl	C	37
PSM812_2_31837	Carbamidomethyl	C	27
PSM812_2_31837	Carbamidomethyl	C	37
PSM812_2_31838	Carbamidomethyl	C	27
PSM812_2_31838	Carbamidomethyl	C	37
PSM812_2_31839	Carbamidomethyl	C	27
PSM812_2_31839	Carbamidomethyl	C	37
PSM812_2_31840	Carbamidomethyl	C	27
PSM812_2_31840	Carbamidomethyl	C	37
PSM812_2_31841	Carbamidomethyl	C	27
PSM812_2_31841	Carbamidomethyl	C	37
PSM812_2_31842	Carbamidomethyl	C	27
PSM812_2_31842	Carbamidomethyl	C	37
PSM812_2_31843	Carbamidomethyl	C	27
PSM812_2_31843	Carbamidomethyl	C	37
PSM812_2_31844	Carbamidomethyl	C	27
PSM812_2_31844	Carbamidomethyl	C	37
PSM812_2_31845	Carbamidomethyl	C	27
PSM812_2_31845	Carbamidomethyl	C	37
PSM812_2_31846	Carbamidomethyl	C	27
PSM812_2_31846	Carbamidomethyl	C	37
PSM812_2_31847	Carbamidomethyl	C	27
PSM812_2_31847	Carbamidomethyl	C	37
PSM812_2_31848	Carbamidomethyl	C	27
PSM812_2_31848	Carbamidomethyl	C	37
PSM812_2_31849	Carbamidomethyl	C	27
PSM812_2_31849	Carbamidomethyl	C	37
PSM812_2_31850	Carbamidomethyl	C	27
PSM812_2_31850	Carbamidomethyl	C	37
PSM812_2_31851	Carbamidomethyl	C	27
PSM812_2_31851	Carbamidomethyl	C	37
PSM812_2_31852	Carbamidomethyl	C	27
PSM812_2_31852	Carbamidomethyl	C	37
PSM812_2_31853	Carbamidomethyl	C	27
PSM812_2_31853	Carbamidomethyl	C	37
PSM812_2_31854	Carbamidomethyl	C	27
PSM812_2_31854	Carbamidomethyl	C	37
PSM812_2_31855	Carbamidomethyl	C	27
PSM812_2_31855	Carbamidomethyl	C	37
PSM812_2_31856	Carbamidomethyl	C	27
PSM812_2_31856	Carbamidomethyl	C	37
PSM812_2_31857	Carbamidomethyl	C	27
PSM812_2_31857	Carbamidomethyl	C	37
PSM812_2_31858	Carbamidomethyl	C	27
PSM812_2_31858	Carbamidomethyl	C	37
PSM812_2_31859	Carbamidomethyl	C	27
PSM812_2_31859	Carbamidomethyl	C	37
PSM812_2_31860	Carbamidomethyl	C	27
PSM812_2_31860	Carbamidomethyl	C	37
PSM812_2_31861	Carbamidomethyl	C	27
PSM812_2_31861	Carbamidomethyl	C	37
PSM812_2_31862	Carbamidomethyl	C	27
PSM812_2_31862	Carbamidomethyl	C	37
PSM812_2_31863	Carbamidomethyl	C	27
PSM812_2_31863	Carbamidomethyl	C	37
PSM812_2_3188	Carbamidomethyl	C	17
PSM812_2_31887	Carbamidomethyl	C	17
PSM812_2_31888	Carbamidomethyl	C	17
PSM812_2_31889	Carbamidomethyl	C	17
PSM812_2_31896	Carbamidomethyl	C	11
PSM812_2_31897	Carbamidomethyl	C	11
PSM812_2_31898	Carbamidomethyl	C	11
PSM812_2_31905	Carbamidomethyl	C	3
PSM812_2_31905	Carbamidomethyl	C	22
PSM812_2_31906	Carbamidomethyl	C	3
PSM812_2_31906	Carbamidomethyl	C	22
PSM812_2_31907	Carbamidomethyl	C	3
PSM812_2_31907	Carbamidomethyl	C	22
PSM812_2_31908	Carbamidomethyl	C	3
PSM812_2_31908	Carbamidomethyl	C	22
PSM812_2_31915	Carbamidomethyl	C	23
PSM812_2_31916	Carbamidomethyl	C	23
PSM812_2_31917	Carbamidomethyl	C	14
PSM812_2_31918	Carbamidomethyl	C	14
PSM812_2_31919	Carbamidomethyl	C	14
PSM812_2_31936	Carbamidomethyl	C	8
PSM812_2_31937	Carbamidomethyl	C	5
PSM812_2_31939	Carbamidomethyl	C	1
PSM812_2_31940	Carbamidomethyl	C	1
PSM812_2_31941	Carbamidomethyl	C	1
PSM812_2_31942	Carbamidomethyl	C	1
PSM812_2_31943	Carbamidomethyl	C	1
PSM812_2_31944	Carbamidomethyl	C	1
PSM812_2_31947	Carbamidomethyl	C	5
PSM812_2_31948	Carbamidomethyl	C	5
PSM812_2_31949	Carbamidomethyl	C	5
PSM812_2_31950	Carbamidomethyl	C	5
PSM812_2_31967	Carbamidomethyl	C	5
PSM812_2_31968	Carbamidomethyl	C	5
PSM812_2_31969	Carbamidomethyl	C	5
PSM812_2_31970	Carbamidomethyl	C	5
PSM812_2_31971	Carbamidomethyl	C	5
PSM812_2_31985	Carbamidomethyl	C	2
PSM812_2_31985	Carbamidomethyl	C	22
PSM812_2_32004	Carbamidomethyl	C	2
PSM812_2_32005	Carbamidomethyl	C	2
PSM812_2_32012	Carbamidomethyl	C	6
PSM812_2_32015	Carbamidomethyl	C	29
PSM812_2_32016	Carbamidomethyl	C	29
PSM812_2_32021	Carbamidomethyl	C	23
PSM812_2_32022	Carbamidomethyl	C	23
PSM812_2_32023	Carbamidomethyl	C	23
PSM812_2_32024	Carbamidomethyl	C	23
PSM812_2_32025	Carbamidomethyl	C	23
PSM812_2_32026	Carbamidomethyl	C	23
PSM812_2_32027	Carbamidomethyl	C	23
PSM812_2_32033	Carbamidomethyl	C	23
PSM812_2_32034	Carbamidomethyl	C	23
PSM812_2_32035	Carbamidomethyl	C	23
PSM812_2_32036	Carbamidomethyl	C	23
PSM812_2_32041	Carbamidomethyl	C	1
PSM812_2_32041	Carbamidomethyl	C	4
PSM812_2_32042	Carbamidomethyl	C	1
PSM812_2_32042	Carbamidomethyl	C	4
PSM812_2_32043	Carbamidomethyl	C	1
PSM812_2_32043	Carbamidomethyl	C	4
PSM812_2_32046	Carbamidomethyl	C	14
PSM812_2_32047	Carbamidomethyl	C	14
PSM812_2_32048	Gln->pyro-Glu	N-term	
PSM812_2_32048	Carbamidomethyl	C	2
PSM812_2_32048	Carbamidomethyl	C	4
PSM812_2_32048	Carbamidomethyl	C	11
PSM812_2_32048	Carbamidomethyl	C	21
PSM812_2_32049	Gln->pyro-Glu	N-term	
PSM812_2_32049	Carbamidomethyl	C	2
PSM812_2_32049	Carbamidomethyl	C	4
PSM812_2_32049	Carbamidomethyl	C	11
PSM812_2_32049	Carbamidomethyl	C	21
PSM812_2_32050	Gln->pyro-Glu	N-term	
PSM812_2_32050	Carbamidomethyl	C	2
PSM812_2_32050	Carbamidomethyl	C	4
PSM812_2_32050	Carbamidomethyl	C	11
PSM812_2_32050	Carbamidomethyl	C	21
PSM812_2_32051	Ammonia-loss	N-term	
PSM812_2_32051	Carbamidomethyl	C	1
PSM812_2_32052	Ammonia-loss	N-term	
PSM812_2_32052	Carbamidomethyl	C	1
PSM812_2_32053	Ammonia-loss	N-term	
PSM812_2_32053	Carbamidomethyl	C	1
PSM812_2_32054	Ammonia-loss	N-term	
PSM812_2_32054	Carbamidomethyl	C	1
PSM812_2_32055	Ammonia-loss	N-term	
PSM812_2_32055	Carbamidomethyl	C	1
PSM812_2_32056	Ammonia-loss	N-term	
PSM812_2_32056	Carbamidomethyl	C	1
PSM812_2_32057	Gln->pyro-Glu	N-term	
PSM812_2_32058	Gln->pyro-Glu	N-term	
PSM812_2_32059	Gln->pyro-Glu	N-term	
PSM812_2_32060	Gln->pyro-Glu	N-term	
PSM812_2_32061	Gln->pyro-Glu	N-term	
PSM812_2_32062	Gln->pyro-Glu	N-term	
PSM812_2_32063	Ammonia-loss	N-term	
PSM812_2_32063	Carbamidomethyl	C	1
PSM812_2_32064	Ammonia-loss	N-term	
PSM812_2_32064	Carbamidomethyl	C	1
PSM812_2_32065	Ammonia-loss	N-term	
PSM812_2_32065	Carbamidomethyl	C	1
PSM812_2_32066	Ammonia-loss	N-term	
PSM812_2_32066	Carbamidomethyl	C	1
PSM812_2_32067	Carbamidomethyl	C	21
PSM812_2_32068	Carbamidomethyl	C	21
PSM812_2_32069	Carbamidomethyl	C	21
PSM812_2_32070	Acetyl	N-term	
PSM812_2_32070	Carbamidomethyl	C	16
PSM812_2_32071	Acetyl	N-term	
PSM812_2_32071	Carbamidomethyl	C	16
PSM812_2_32072	Acetyl	N-term	
PSM812_2_32072	Carbamidomethyl	C	16
PSM812_2_32073	Acetyl	N-term	
PSM812_2_32073	Carbamidomethyl	C	16
PSM812_2_32074	Acetyl	N-term	
PSM812_2_32074	Carbamidomethyl	C	16
PSM812_2_32075	Gln->pyro-Glu	N-term	
PSM812_2_32076	Gln->pyro-Glu	N-term	
PSM812_2_32077	Gln->pyro-Glu	N-term	
PSM812_2_32080	Gln->pyro-Glu	N-term	
PSM812_2_32081	Gln->pyro-Glu	N-term	
PSM812_2_32088	Carbamidomethyl	C	2
PSM812_2_32089	Carbamidomethyl	C	2
PSM812_2_32090	Carbamidomethyl	C	2
PSM812_2_32091	Gln->pyro-Glu	N-term	
PSM812_2_32092	Ammonia-loss	N-term	
PSM812_2_32092	Carbamidomethyl	C	1
PSM812_2_32093	Ammonia-loss	N-term	
PSM812_2_32093	Carbamidomethyl	C	1
PSM812_2_32094	Ammonia-loss	N-term	
PSM812_2_32094	Carbamidomethyl	C	1
PSM812_2_32095	Ammonia-loss	N-term	
PSM812_2_32095	Carbamidomethyl	C	1
PSM812_2_32096	Ammonia-loss	N-term	
PSM812_2_32096	Carbamidomethyl	C	1
PSM812_2_32097	Ammonia-loss	N-term	
PSM812_2_32097	Carbamidomethyl	C	1
PSM812_2_32098	Ammonia-loss	N-term	
PSM812_2_32098	Carbamidomethyl	C	1
PSM812_2_32102	Carbamidomethyl	C	15
PSM812_2_32103	Carbamidomethyl	C	15
PSM812_2_32104	Carbamidomethyl	C	15
PSM812_2_32105	Carbamidomethyl	C	15
PSM812_2_32106	Carbamidomethyl	C	15
PSM812_2_32107	Carbamidomethyl	C	15
PSM812_2_32123	Carbamidomethyl	C	2
PSM812_2_32124	Carbamidomethyl	C	2
PSM812_2_32134	Carbamidomethyl	C	11
PSM812_2_32135	Carbamidomethyl	C	11
PSM812_2_32144	Carbamidomethyl	C	18
PSM812_2_32145	Carbamidomethyl	C	18
PSM812_2_32146	Carbamidomethyl	C	18
PSM812_2_32147	Carbamidomethyl	C	18
PSM812_2_32148	Carbamidomethyl	C	18
PSM812_2_32149	Carbamidomethyl	C	18
PSM812_2_32160	Carbamidomethyl	C	23
PSM812_2_32161	Carbamidomethyl	C	23
PSM812_2_32162	Carbamidomethyl	C	16
PSM812_2_32162	Carbamidomethyl	C	17
PSM812_2_32163	Carbamidomethyl	C	16
PSM812_2_32163	Carbamidomethyl	C	17
PSM812_2_32166	Carbamidomethyl	C	7
PSM812_2_32167	Carbamidomethyl	C	7
PSM812_2_32168	Carbamidomethyl	C	12
PSM812_2_32170	Carbamidomethyl	C	6
PSM812_2_32171	Carbamidomethyl	C	9
PSM812_2_32172	Carbamidomethyl	C	9
PSM812_2_32173	Carbamidomethyl	C	9
PSM812_2_32177	Carbamidomethyl	C	31
PSM812_2_32177	Carbamidomethyl	C	32
PSM812_2_32178	Carbamidomethyl	C	31
PSM812_2_32178	Carbamidomethyl	C	32
PSM812_2_32179	Carbamidomethyl	C	1
PSM812_2_32180	Carbamidomethyl	C	1
PSM812_2_32181	Carbamidomethyl	C	1
PSM812_2_32192	Carbamidomethyl	C	8
PSM812_2_32192	Carbamidomethyl	C	12
PSM812_2_32192	Carbamidomethyl	C	19
PSM812_2_32193	Carbamidomethyl	C	28
PSM812_2_32194	Carbamidomethyl	C	22
PSM812_2_32195	Carbamidomethyl	C	22
PSM812_2_32196	Gln->pyro-Glu	N-term	
PSM812_2_32197	Ammonia-loss	N-term	
PSM812_2_32197	Carbamidomethyl	C	1
PSM812_2_32198	Ammonia-loss	N-term	
PSM812_2_32198	Carbamidomethyl	C	1
PSM812_2_32199	Ammonia-loss	N-term	
PSM812_2_32199	Carbamidomethyl	C	1
PSM812_2_32200	Ammonia-loss	N-term	
PSM812_2_32200	Carbamidomethyl	C	1
PSM812_2_32201	Ammonia-loss	N-term	
PSM812_2_32201	Carbamidomethyl	C	1
PSM812_2_32202	Acetyl	N-term	
PSM812_2_32203	Acetyl	N-term	
PSM812_2_32204	Ammonia-loss	N-term	
PSM812_2_32204	Carbamidomethyl	C	1
PSM812_2_32205	Ammonia-loss	N-term	
PSM812_2_32205	Carbamidomethyl	C	1
PSM812_2_32206	Ammonia-loss	N-term	
PSM812_2_32206	Carbamidomethyl	C	1
PSM812_2_32207	Ammonia-loss	N-term	
PSM812_2_32207	Carbamidomethyl	C	1
PSM812_2_32207	Carbamidomethyl	C	16
PSM812_2_32208	Gln->pyro-Glu	N-term	
PSM812_2_32209	Gln->pyro-Glu	N-term	
PSM812_2_32210	Gln->pyro-Glu	N-term	
PSM812_2_32211	Gln->pyro-Glu	N-term	
PSM812_2_32215	Acetyl	N-term	
PSM812_2_32216	Gln->pyro-Glu	N-term	
PSM812_2_32217	Gln->pyro-Glu	N-term	
PSM812_2_32223	Carbamidomethyl	C	9
PSM812_2_32224	Carbamidomethyl	C	9
PSM812_2_32225	Carbamidomethyl	C	9
PSM812_2_32226	Carbamidomethyl	C	9
PSM812_2_32234	Carbamidomethyl	C	6
PSM812_2_32241	Carbamidomethyl	C	4
PSM812_2_32241	Carbamidomethyl	C	7
PSM812_2_32242	Carbamidomethyl	C	4
PSM812_2_32242	Carbamidomethyl	C	7
PSM812_2_32243	Carbamidomethyl	C	4
PSM812_2_32243	Carbamidomethyl	C	7
PSM812_2_32258	Carbamidomethyl	C	2
PSM812_2_32259	Carbamidomethyl	C	2
PSM812_2_3227	Acetyl	N-term	
PSM812_2_3228	Acetyl	N-term	
PSM812_2_3229	Acetyl	N-term	
PSM812_2_32290	Carbamidomethyl	C	3
PSM812_2_32291	Carbamidomethyl	C	3
PSM812_2_32292	Carbamidomethyl	C	3
PSM812_2_32293	Carbamidomethyl	C	3
PSM812_2_32294	Carbamidomethyl	C	3
PSM812_2_32295	Carbamidomethyl	C	3
PSM812_2_32296	Carbamidomethyl	C	3
PSM812_2_32297	Carbamidomethyl	C	3
PSM812_2_32298	Carbamidomethyl	C	3
PSM812_2_32299	Carbamidomethyl	C	3
PSM812_2_3230	Carbamidomethyl	C	9
PSM812_2_32300	Carbamidomethyl	C	3
PSM812_2_32301	Carbamidomethyl	C	3
PSM812_2_32302	Carbamidomethyl	C	3
PSM812_2_3231	Carbamidomethyl	C	9
PSM812_2_32311	Carbamidomethyl	C	12
PSM812_2_32312	Carbamidomethyl	C	7
PSM812_2_32317	Carbamidomethyl	C	8
PSM812_2_32318	Carbamidomethyl	C	8
PSM812_2_3232	Carbamidomethyl	C	9
PSM812_2_32330	Carbamidomethyl	C	2
PSM812_2_32330	Carbamidomethyl	C	5
PSM812_2_32332	Carbamidomethyl	C	14
PSM812_2_32333	Carbamidomethyl	C	14
PSM812_2_32334	Carbamidomethyl	C	14
PSM812_2_32343	Carbamidomethyl	C	6
PSM812_2_32344	Carbamidomethyl	C	6
PSM812_2_32347	Carbamidomethyl	C	7
PSM812_2_32348	Carbamidomethyl	C	7
PSM812_2_32349	Carbamidomethyl	C	7
PSM812_2_32349	Carbamidomethyl	C	10
PSM812_2_32350	Carbamidomethyl	C	7
PSM812_2_32350	Carbamidomethyl	C	10
PSM812_2_32351	Carbamidomethyl	C	7
PSM812_2_32351	Carbamidomethyl	C	10
PSM812_2_32360	Carbamidomethyl	C	11
PSM812_2_32360	Carbamidomethyl	C	12
PSM812_2_32361	Carbamidomethyl	C	11
PSM812_2_32361	Carbamidomethyl	C	12
PSM812_2_32362	Carbamidomethyl	C	11
PSM812_2_32362	Carbamidomethyl	C	12
PSM812_2_32369	Carbamidomethyl	C	7
PSM812_2_32370	Carbamidomethyl	C	7
PSM812_2_32379	Carbamidomethyl	C	8
PSM812_2_32380	Carbamidomethyl	C	8
PSM812_2_32382	Carbamidomethyl	C	8
PSM812_2_32383	Carbamidomethyl	C	8
PSM812_2_32384	Carbamidomethyl	C	8
PSM812_2_32394	Carbamidomethyl	C	4
PSM812_2_32395	Carbamidomethyl	C	4
PSM812_2_32396	Carbamidomethyl	C	4
PSM812_2_32399	Carbamidomethyl	C	8
PSM812_2_32400	Carbamidomethyl	C	8
PSM812_2_32402	Carbamidomethyl	C	3
PSM812_2_32402	Carbamidomethyl	C	4
PSM812_2_32402	Carbamidomethyl	C	7
PSM812_2_32403	Carbamidomethyl	C	11
PSM812_2_32403	Carbamidomethyl	C	18
PSM812_2_32404	Carbamidomethyl	C	11
PSM812_2_32404	Carbamidomethyl	C	18
PSM812_2_32407	Carbamidomethyl	C	1
PSM812_2_32408	Carbamidomethyl	C	1
PSM812_2_32409	Carbamidomethyl	C	1
PSM812_2_32415	Gln->pyro-Glu	N-term	
PSM812_2_32416	Ammonia-loss	N-term	
PSM812_2_32416	Carbamidomethyl	C	1
PSM812_2_32416	Carbamidomethyl	C	11
PSM812_2_32417	Ammonia-loss	N-term	
PSM812_2_32417	Carbamidomethyl	C	1
PSM812_2_32417	Carbamidomethyl	C	11
PSM812_2_32418	Carbamidomethyl	C	6
PSM812_2_32419	Carbamidomethyl	C	6
PSM812_2_32420	Carbamidomethyl	C	6
PSM812_2_32421	Carbamidomethyl	C	6
PSM812_2_32422	Acetyl	N-term	
PSM812_2_32423	Acetyl	N-term	
PSM812_2_32424	Acetyl	N-term	
PSM812_2_32425	Acetyl	N-term	
PSM812_2_32425	Carbamidomethyl	C	12
PSM812_2_32439	Carbamidomethyl	C	3
PSM812_2_32440	Carbamidomethyl	C	3
PSM812_2_32441	Carbamidomethyl	C	3
PSM812_2_32442	Carbamidomethyl	C	3
PSM812_2_32443	Carbamidomethyl	C	3
PSM812_2_32447	Carbamidomethyl	C	2
PSM812_2_32448	Carbamidomethyl	C	2
PSM812_2_32448	Carbamidomethyl	C	9
PSM812_2_32448	Carbamidomethyl	C	12
PSM812_2_32449	Carbamidomethyl	C	2
PSM812_2_32449	Carbamidomethyl	C	9
PSM812_2_32449	Carbamidomethyl	C	12
PSM812_2_32450	Carbamidomethyl	C	2
PSM812_2_32450	Carbamidomethyl	C	9
PSM812_2_32450	Carbamidomethyl	C	12
PSM812_2_32468	Carbamidomethyl	C	5
PSM812_2_32469	Carbamidomethyl	C	5
PSM812_2_32474	Carbamidomethyl	C	4
PSM812_2_32475	Carbamidomethyl	C	4
PSM812_2_32476	Carbamidomethyl	C	4
PSM812_2_32519	Carbamidomethyl	C	4
PSM812_2_32520	Carbamidomethyl	C	4
PSM812_2_32521	Carbamidomethyl	C	4
PSM812_2_32522	Carbamidomethyl	C	6
PSM812_2_32523	Carbamidomethyl	C	6
PSM812_2_32524	Carbamidomethyl	C	6
PSM812_2_32535	Carbamidomethyl	C	4
PSM812_2_32536	Carbamidomethyl	C	3
PSM812_2_32536	Carbamidomethyl	C	5
PSM812_2_32536	Carbamidomethyl	C	17
PSM812_2_32537	Carbamidomethyl	C	3
PSM812_2_32537	Carbamidomethyl	C	5
PSM812_2_32537	Carbamidomethyl	C	17
PSM812_2_32538	Carbamidomethyl	C	5
PSM812_2_32539	Carbamidomethyl	C	5
PSM812_2_32540	Carbamidomethyl	C	5
PSM812_2_32583	Carbamidomethyl	C	2
PSM812_2_32584	Carbamidomethyl	C	5
PSM812_2_32585	Carbamidomethyl	C	5
PSM812_2_32586	Carbamidomethyl	C	13
PSM812_2_32587	Carbamidomethyl	C	12
PSM812_2_32600	Carbamidomethyl	C	13
PSM812_2_32603	Carbamidomethyl	C	5
PSM812_2_32603	Carbamidomethyl	C	8
PSM812_2_32618	Carbamidomethyl	C	3
PSM812_2_32618	Carbamidomethyl	C	11
PSM812_2_32619	Carbamidomethyl	C	3
PSM812_2_32619	Carbamidomethyl	C	11
PSM812_2_32620	Carbamidomethyl	C	8
PSM812_2_32621	Carbamidomethyl	C	8
PSM812_2_32622	Carbamidomethyl	C	11
PSM812_2_32623	Carbamidomethyl	C	11
PSM812_2_32624	Carbamidomethyl	C	11
PSM812_2_32625	Carbamidomethyl	C	1
PSM812_2_32633	Carbamidomethyl	C	4
PSM812_2_32633	Carbamidomethyl	C	8
PSM812_2_32634	Carbamidomethyl	C	4
PSM812_2_32634	Carbamidomethyl	C	8
PSM812_2_32635	Carbamidomethyl	C	4
PSM812_2_32635	Carbamidomethyl	C	8
PSM812_2_32636	Carbamidomethyl	C	4
PSM812_2_32636	Carbamidomethyl	C	8
PSM812_2_32637	Carbamidomethyl	C	4
PSM812_2_32637	Carbamidomethyl	C	8
PSM812_2_32638	Carbamidomethyl	C	11
PSM812_2_32638	Carbamidomethyl	C	14
PSM812_2_32650	Carbamidomethyl	C	4
PSM812_2_32651	Carbamidomethyl	C	4
PSM812_2_32652	Carbamidomethyl	C	4
PSM812_2_32653	Carbamidomethyl	C	4
PSM812_2_32658	Carbamidomethyl	C	1
PSM812_2_32658	Carbamidomethyl	C	2
PSM812_2_32659	Carbamidomethyl	C	1
PSM812_2_32659	Carbamidomethyl	C	2
PSM812_2_32660	Carbamidomethyl	C	1
PSM812_2_32660	Carbamidomethyl	C	2
PSM812_2_32661	Carbamidomethyl	C	1
PSM812_2_32661	Carbamidomethyl	C	2
PSM812_2_32664	Carbamidomethyl	C	14
PSM812_2_32665	Carbamidomethyl	C	14
PSM812_2_32682	Carbamidomethyl	C	3
PSM812_2_32682	Carbamidomethyl	C	8
PSM812_2_32682	Carbamidomethyl	C	11
PSM812_2_32701	Carbamidomethyl	C	11
PSM812_2_32706	Carbamidomethyl	C	16
PSM812_2_32709	Carbamidomethyl	C	6
PSM812_2_32720	Carbamidomethyl	C	21
PSM812_2_32724	Carbamidomethyl	C	7
PSM812_2_32725	Carbamidomethyl	C	7
PSM812_2_32726	Carbamidomethyl	C	7
PSM812_2_32729	Carbamidomethyl	C	5
PSM812_2_32730	Carbamidomethyl	C	5
PSM812_2_32742	Carbamidomethyl	C	7
PSM812_2_32743	Carbamidomethyl	C	2
PSM812_2_32744	Carbamidomethyl	C	2
PSM812_2_32745	Carbamidomethyl	C	2
PSM812_2_3276	Carbamidomethyl	C	18
PSM812_2_32761	Carbamidomethyl	C	3
PSM812_2_32761	Carbamidomethyl	C	5
PSM812_2_3277	Carbamidomethyl	C	18
PSM812_2_32775	Carbamidomethyl	C	5
PSM812_2_32776	Carbamidomethyl	C	5
PSM812_2_32777	Carbamidomethyl	C	5
PSM812_2_3278	Carbamidomethyl	C	18
PSM812_2_3279	Carbamidomethyl	C	18
PSM812_2_32795	Carbamidomethyl	C	5
PSM812_2_3280	Carbamidomethyl	C	18
PSM812_2_32800	Carbamidomethyl	C	10
PSM812_2_32801	Carbamidomethyl	C	10
PSM812_2_32802	Carbamidomethyl	C	10
PSM812_2_32803	Carbamidomethyl	C	10
PSM812_2_32804	Carbamidomethyl	C	3
PSM812_2_32804	Carbamidomethyl	C	4
PSM812_2_32804	Carbamidomethyl	C	6
PSM812_2_3281	Carbamidomethyl	C	2
PSM812_2_32818	Carbamidomethyl	C	3
PSM812_2_3282	Carbamidomethyl	C	2
PSM812_2_32825	Carbamidomethyl	C	10
PSM812_2_32825	Carbamidomethyl	C	11
PSM812_2_32826	Carbamidomethyl	C	10
PSM812_2_32826	Carbamidomethyl	C	11
PSM812_2_32827	Carbamidomethyl	C	10
PSM812_2_32827	Carbamidomethyl	C	11
PSM812_2_32828	Carbamidomethyl	C	10
PSM812_2_32828	Carbamidomethyl	C	11
PSM812_2_32829	Carbamidomethyl	C	10
PSM812_2_32829	Carbamidomethyl	C	11
PSM812_2_3283	Carbamidomethyl	C	2
PSM812_2_3284	Carbamidomethyl	C	2
PSM812_2_32840	Carbamidomethyl	C	2
PSM812_2_32841	Carbamidomethyl	C	2
PSM812_2_3285	Carbamidomethyl	C	2
PSM812_2_32851	Carbamidomethyl	C	10
PSM812_2_32852	Carbamidomethyl	C	10
PSM812_2_32853	Carbamidomethyl	C	10
PSM812_2_32854	Carbamidomethyl	C	10
PSM812_2_32855	Carbamidomethyl	C	10
PSM812_2_32856	Carbamidomethyl	C	10
PSM812_2_3286	Carbamidomethyl	C	2
PSM812_2_3287	Carbamidomethyl	C	2
PSM812_2_32873	Carbamidomethyl	C	4
PSM812_2_32873	Carbamidomethyl	C	13
PSM812_2_32873	Carbamidomethyl	C	16
PSM812_2_3288	Carbamidomethyl	C	2
PSM812_2_32886	Carbamidomethyl	C	2
PSM812_2_32888	Carbamidomethyl	C	2
PSM812_2_3289	Carbamidomethyl	C	2
PSM812_2_32894	Carbamidomethyl	C	6
PSM812_2_32895	Carbamidomethyl	C	6
PSM812_2_3290	Carbamidomethyl	C	2
PSM812_2_32906	Carbamidomethyl	C	12
PSM812_2_32907	Carbamidomethyl	C	12
PSM812_2_32908	Carbamidomethyl	C	12
PSM812_2_32909	Carbamidomethyl	C	12
PSM812_2_3291	Carbamidomethyl	C	2
PSM812_2_32910	Carbamidomethyl	C	12
PSM812_2_32911	Carbamidomethyl	C	12
PSM812_2_32912	Carbamidomethyl	C	3
PSM812_2_32913	Carbamidomethyl	C	3
PSM812_2_32914	Carbamidomethyl	C	3
PSM812_2_3292	Carbamidomethyl	C	2
PSM812_2_32923	Carbamidomethyl	C	17
PSM812_2_32924	Carbamidomethyl	C	17
PSM812_2_3293	Carbamidomethyl	C	2
PSM812_2_3294	Carbamidomethyl	C	2
PSM812_2_3295	Carbamidomethyl	C	2
PSM812_2_32953	Carbamidomethyl	C	6
PSM812_2_32954	Carbamidomethyl	C	6
PSM812_2_3296	Carbamidomethyl	C	2
PSM812_2_32964	Carbamidomethyl	C	7
PSM812_2_32965	Carbamidomethyl	C	7
PSM812_2_32966	Carbamidomethyl	C	7
PSM812_2_32967	Carbamidomethyl	C	7
PSM812_2_3297	Carbamidomethyl	C	2
PSM812_2_32971	Carbamidomethyl	C	2
PSM812_2_32972	Carbamidomethyl	C	2
PSM812_2_32973	Carbamidomethyl	C	2
PSM812_2_32974	Carbamidomethyl	C	2
PSM812_2_32974	Carbamidomethyl	C	14
PSM812_2_32974	Carbamidomethyl	C	15
PSM812_2_3298	Carbamidomethyl	C	2
PSM812_2_32983	Carbamidomethyl	C	3
PSM812_2_32984	Carbamidomethyl	C	3
PSM812_2_32987	Carbamidomethyl	C	12
PSM812_2_32987	Carbamidomethyl	C	43
PSM812_2_32987	Carbamidomethyl	C	54
PSM812_2_32988	Carbamidomethyl	C	12
PSM812_2_32988	Carbamidomethyl	C	43
PSM812_2_32988	Carbamidomethyl	C	54
PSM812_2_32989	Carbamidomethyl	C	12
PSM812_2_32989	Carbamidomethyl	C	43
PSM812_2_32989	Carbamidomethyl	C	54
PSM812_2_3299	Carbamidomethyl	C	2
PSM812_2_32995	Carbamidomethyl	C	6
PSM812_2_32996	Carbamidomethyl	C	6
PSM812_2_3300	Carbamidomethyl	C	2
PSM812_2_3301	Carbamidomethyl	C	2
PSM812_2_33018	Carbamidomethyl	C	7
PSM812_2_33019	Carbamidomethyl	C	7
PSM812_2_3302	Carbamidomethyl	C	2
PSM812_2_33020	Carbamidomethyl	C	2
PSM812_2_33020	Carbamidomethyl	C	9
PSM812_2_33021	Carbamidomethyl	C	2
PSM812_2_33021	Carbamidomethyl	C	9
PSM812_2_33022	Carbamidomethyl	C	2
PSM812_2_33022	Carbamidomethyl	C	9
PSM812_2_33023	Carbamidomethyl	C	2
PSM812_2_33023	Carbamidomethyl	C	9
PSM812_2_33026	Carbamidomethyl	C	1
PSM812_2_33027	Carbamidomethyl	C	1
PSM812_2_33028	Carbamidomethyl	C	1
PSM812_2_33029	Carbamidomethyl	C	1
PSM812_2_3303	Carbamidomethyl	C	2
PSM812_2_33037	Carbamidomethyl	C	2
PSM812_2_33037	Carbamidomethyl	C	10
PSM812_2_33038	Carbamidomethyl	C	2
PSM812_2_33038	Carbamidomethyl	C	10
PSM812_2_3304	Carbamidomethyl	C	2
PSM812_2_3305	Carbamidomethyl	C	2
PSM812_2_3306	Carbamidomethyl	C	2
PSM812_2_3307	Carbamidomethyl	C	2
PSM812_2_33074	Carbamidomethyl	C	10
PSM812_2_3308	Carbamidomethyl	C	2
PSM812_2_33081	Carbamidomethyl	C	5
PSM812_2_33081	Carbamidomethyl	C	6
PSM812_2_33085	Carbamidomethyl	C	15
PSM812_2_33085	Carbamidomethyl	C	16
PSM812_2_33086	Carbamidomethyl	C	15
PSM812_2_33086	Carbamidomethyl	C	16
PSM812_2_33087	Carbamidomethyl	C	15
PSM812_2_33087	Carbamidomethyl	C	16
PSM812_2_3309	Carbamidomethyl	C	2
PSM812_2_3310	Carbamidomethyl	C	2
PSM812_2_3311	Carbamidomethyl	C	2
PSM812_2_33111	Carbamidomethyl	C	18
PSM812_2_33112	Carbamidomethyl	C	11
PSM812_2_33113	Carbamidomethyl	C	11
PSM812_2_33114	Carbamidomethyl	C	11
PSM812_2_33115	Carbamidomethyl	C	11
PSM812_2_33116	Carbamidomethyl	C	11
PSM812_2_33117	Carbamidomethyl	C	11
PSM812_2_3312	Carbamidomethyl	C	2
PSM812_2_33126	Carbamidomethyl	C	11
PSM812_2_33127	Carbamidomethyl	C	11
PSM812_2_3313	Carbamidomethyl	C	2
PSM812_2_33134	Carbamidomethyl	C	1
PSM812_2_33135	Carbamidomethyl	C	1
PSM812_2_3314	Carbamidomethyl	C	2
PSM812_2_3315	Carbamidomethyl	C	2
PSM812_2_33156	Carbamidomethyl	C	12
PSM812_2_3316	Carbamidomethyl	C	2
PSM812_2_33160	Carbamidomethyl	C	17
PSM812_2_33161	Carbamidomethyl	C	17
PSM812_2_33166	Carbamidomethyl	C	3
PSM812_2_33167	Carbamidomethyl	C	3
PSM812_2_3317	Carbamidomethyl	C	2
PSM812_2_3318	Carbamidomethyl	C	2
PSM812_2_3319	Carbamidomethyl	C	2
PSM812_2_3320	Carbamidomethyl	C	2
PSM812_2_33209	Carbamidomethyl	C	1
PSM812_2_3321	Carbamidomethyl	C	2
PSM812_2_33217	Carbamidomethyl	C	10
PSM812_2_3322	Carbamidomethyl	C	2
PSM812_2_3323	Carbamidomethyl	C	2
PSM812_2_3324	Carbamidomethyl	C	2
PSM812_2_33247	Carbamidomethyl	C	6
PSM812_2_33248	Carbamidomethyl	C	6
PSM812_2_33249	Carbamidomethyl	C	6
PSM812_2_3325	Carbamidomethyl	C	2
PSM812_2_33251	Carbamidomethyl	C	5
PSM812_2_33252	Carbamidomethyl	C	5
PSM812_2_33253	Carbamidomethyl	C	5
PSM812_2_3326	Carbamidomethyl	C	2
PSM812_2_33268	Carbamidomethyl	C	5
PSM812_2_33269	Carbamidomethyl	C	5
PSM812_2_3327	Carbamidomethyl	C	2
PSM812_2_33270	Carbamidomethyl	C	5
PSM812_2_33272	Oxidation	M	14
PSM812_2_33273	Oxidation	M	14
PSM812_2_33275	Carbamidomethyl	C	1
PSM812_2_3328	Carbamidomethyl	C	2
PSM812_2_3329	Carbamidomethyl	C	2
PSM812_2_33291	Carbamidomethyl	C	16
PSM812_2_33295	Carbamidomethyl	C	2
PSM812_2_33296	Carbamidomethyl	C	12
PSM812_2_3330	Carbamidomethyl	C	2
PSM812_2_33301	Carbamidomethyl	C	2
PSM812_2_33302	Carbamidomethyl	C	1
PSM812_2_33303	Carbamidomethyl	C	1
PSM812_2_33304	Carbamidomethyl	C	1
PSM812_2_33305	Gln->pyro-Glu	N-term	
PSM812_2_3331	Carbamidomethyl	C	2
PSM812_2_3332	Carbamidomethyl	C	2
PSM812_2_33325	Gln->pyro-Glu	N-term	
PSM812_2_33326	Gln->pyro-Glu	N-term	
PSM812_2_33327	Acetyl	N-term	
PSM812_2_33328	Acetyl	N-term	
PSM812_2_33329	Ammonia-loss	N-term	
PSM812_2_33329	Carbamidomethyl	C	1
PSM812_2_3333	Carbamidomethyl	C	2
PSM812_2_33330	Ammonia-loss	N-term	
PSM812_2_33330	Carbamidomethyl	C	1
PSM812_2_33331	Ammonia-loss	N-term	
PSM812_2_33331	Carbamidomethyl	C	1
PSM812_2_33332	Gln->pyro-Glu	N-term	
PSM812_2_33333	Gln->pyro-Glu	N-term	
PSM812_2_33334	Gln->pyro-Glu	N-term	
PSM812_2_33335	Gln->pyro-Glu	N-term	
PSM812_2_33336	Gln->pyro-Glu	N-term	
PSM812_2_33337	Acetyl	N-term	
PSM812_2_33338	Acetyl	N-term	
PSM812_2_3334	Carbamidomethyl	C	2
PSM812_2_33347	Gln->pyro-Glu	N-term	
PSM812_2_33347	Carbamidomethyl	C	13
PSM812_2_33348	Carbamidomethyl	C	6
PSM812_2_33348	Carbamidomethyl	C	9
PSM812_2_33349	Carbamidomethyl	C	6
PSM812_2_33349	Carbamidomethyl	C	9
PSM812_2_3335	Carbamidomethyl	C	2
PSM812_2_33354	Acetyl	N-term	
PSM812_2_33355	Acetyl	N-term	
PSM812_2_33356	Gln->pyro-Glu	N-term	
PSM812_2_33357	Gln->pyro-Glu	N-term	
PSM812_2_33358	Gln->pyro-Glu	N-term	
PSM812_2_3336	Carbamidomethyl	C	2
PSM812_2_33363	Carbamidomethyl	C	9
PSM812_2_33364	Carbamidomethyl	C	9
PSM812_2_33365	Acetyl	N-term	
PSM812_2_33365	Carbamidomethyl	C	4
PSM812_2_33366	Acetyl	N-term	
PSM812_2_33366	Carbamidomethyl	C	4
PSM812_2_33367	Acetyl	N-term	
PSM812_2_33367	Carbamidomethyl	C	4
PSM812_2_33368	Acetyl	N-term	
PSM812_2_33368	Carbamidomethyl	C	1
PSM812_2_33369	Acetyl	N-term	
PSM812_2_33369	Carbamidomethyl	C	1
PSM812_2_3337	Carbamidomethyl	C	2
PSM812_2_33370	Acetyl	N-term	
PSM812_2_33370	Carbamidomethyl	C	1
PSM812_2_33371	Acetyl	N-term	
PSM812_2_33371	Carbamidomethyl	C	1
PSM812_2_33372	Acetyl	N-term	
PSM812_2_33373	Acetyl	N-term	
PSM812_2_33374	Gln->pyro-Glu	N-term	
PSM812_2_33375	Gln->pyro-Glu	N-term	
PSM812_2_33375	Carbamidomethyl	C	14
PSM812_2_33376	Gln->pyro-Glu	N-term	
PSM812_2_33376	Carbamidomethyl	C	14
PSM812_2_33377	Gln->pyro-Glu	N-term	
PSM812_2_33378	Ammonia-loss	N-term	
PSM812_2_33378	Carbamidomethyl	C	1
PSM812_2_33378	Carbamidomethyl	C	6
PSM812_2_33379	Carbamidomethyl	C	10
PSM812_2_3338	Carbamidomethyl	C	2
PSM812_2_33380	Carbamidomethyl	C	10
PSM812_2_33381	Acetyl	N-term	
PSM812_2_33382	Acetyl	N-term	
PSM812_2_33383	Acetyl	N-term	
PSM812_2_33384	Acetyl	N-term	
PSM812_2_33385	Acetyl	N-term	
PSM812_2_33388	Carbamidomethyl	C	16
PSM812_2_33388	Carbamidomethyl	C	19
PSM812_2_3339	Carbamidomethyl	C	2
PSM812_2_33396	Carbamidomethyl	C	5
PSM812_2_33397	Carbamidomethyl	C	5
PSM812_2_33398	Carbamidomethyl	C	5
PSM812_2_3340	Carbamidomethyl	C	2
PSM812_2_33401	Carbamidomethyl	C	10
PSM812_2_33402	Carbamidomethyl	C	4
PSM812_2_3341	Carbamidomethyl	C	2
PSM812_2_3342	Carbamidomethyl	C	2
PSM812_2_33421	Carbamidomethyl	C	3
PSM812_2_33422	Carbamidomethyl	C	3
PSM812_2_33429	Carbamidomethyl	C	13
PSM812_2_3343	Carbamidomethyl	C	2
PSM812_2_33430	Carbamidomethyl	C	13
PSM812_2_3344	Carbamidomethyl	C	2
PSM812_2_3345	Carbamidomethyl	C	2
PSM812_2_3346	Carbamidomethyl	C	2
PSM812_2_3347	Carbamidomethyl	C	2
PSM812_2_33473	Carbamidomethyl	C	1
PSM812_2_33474	Carbamidomethyl	C	1
PSM812_2_33475	Carbamidomethyl	C	1
PSM812_2_33476	Carbamidomethyl	C	1
PSM812_2_33477	Carbamidomethyl	C	1
PSM812_2_33478	Carbamidomethyl	C	1
PSM812_2_33479	Carbamidomethyl	C	1
PSM812_2_3348	Carbamidomethyl	C	2
PSM812_2_33480	Carbamidomethyl	C	1
PSM812_2_33487	Carbamidomethyl	C	12
PSM812_2_33488	Carbamidomethyl	C	8
PSM812_2_33489	Carbamidomethyl	C	8
PSM812_2_3349	Carbamidomethyl	C	2
PSM812_2_3350	Carbamidomethyl	C	2
PSM812_2_33506	Carbamidomethyl	C	1
PSM812_2_3351	Carbamidomethyl	C	2
PSM812_2_33510	Carbamidomethyl	C	6
PSM812_2_33517	Carbamidomethyl	C	2
PSM812_2_33517	Carbamidomethyl	C	9
PSM812_2_3352	Carbamidomethyl	C	2
PSM812_2_3353	Carbamidomethyl	C	2
PSM812_2_33531	Carbamidomethyl	C	3
PSM812_2_33532	Carbamidomethyl	C	3
PSM812_2_3354	Carbamidomethyl	C	2
PSM812_2_33543	Carbamidomethyl	C	5
PSM812_2_33544	Carbamidomethyl	C	5
PSM812_2_3355	Carbamidomethyl	C	2
PSM812_2_3356	Carbamidomethyl	C	2
PSM812_2_33562	Carbamidomethyl	C	9
PSM812_2_33562	Carbamidomethyl	C	17
PSM812_2_3357	Carbamidomethyl	C	2
PSM812_2_33575	Carbamidomethyl	C	9
PSM812_2_3358	Carbamidomethyl	C	2
PSM812_2_3359	Carbamidomethyl	C	2
PSM812_2_33593	Carbamidomethyl	C	7
PSM812_2_33594	Carbamidomethyl	C	7
PSM812_2_33595	Carbamidomethyl	C	7
PSM812_2_33596	Carbamidomethyl	C	7
PSM812_2_33597	Carbamidomethyl	C	7
PSM812_2_3360	Carbamidomethyl	C	2
PSM812_2_33605	Carbamidomethyl	C	7
PSM812_2_33606	Carbamidomethyl	C	7
PSM812_2_33607	Carbamidomethyl	C	7
PSM812_2_33608	Carbamidomethyl	C	7
PSM812_2_33609	Carbamidomethyl	C	7
PSM812_2_3361	Carbamidomethyl	C	2
PSM812_2_33610	Carbamidomethyl	C	13
PSM812_2_33611	Carbamidomethyl	C	13
PSM812_2_3362	Carbamidomethyl	C	2
PSM812_2_3363	Carbamidomethyl	C	2
PSM812_2_33631	Carbamidomethyl	C	7
PSM812_2_33632	Carbamidomethyl	C	7
PSM812_2_33633	Carbamidomethyl	C	7
PSM812_2_3364	Carbamidomethyl	C	2
PSM812_2_33648	Carbamidomethyl	C	5
PSM812_2_3365	Carbamidomethyl	C	2
PSM812_2_3366	Carbamidomethyl	C	2
PSM812_2_33662	Carbamidomethyl	C	7
PSM812_2_33663	Carbamidomethyl	C	7
PSM812_2_33664	Carbamidomethyl	C	7
PSM812_2_3367	Carbamidomethyl	C	2
PSM812_2_33674	Carbamidomethyl	C	12
PSM812_2_33675	Carbamidomethyl	C	12
PSM812_2_33676	Carbamidomethyl	C	12
PSM812_2_33677	Carbamidomethyl	C	12
PSM812_2_3368	Carbamidomethyl	C	2
PSM812_2_33680	Carbamidomethyl	C	11
PSM812_2_33681	Carbamidomethyl	C	11
PSM812_2_33686	Carbamidomethyl	C	13
PSM812_2_3369	Carbamidomethyl	C	2
PSM812_2_33697	Carbamidomethyl	C	14
PSM812_2_33698	Carbamidomethyl	C	8
PSM812_2_3370	Carbamidomethyl	C	2
PSM812_2_33706	Carbamidomethyl	C	8
PSM812_2_33707	Carbamidomethyl	C	8
PSM812_2_33708	Carbamidomethyl	C	8
PSM812_2_3371	Carbamidomethyl	C	2
PSM812_2_33711	Carbamidomethyl	C	5
PSM812_2_33712	Carbamidomethyl	C	13
PSM812_2_33712	Carbamidomethyl	C	15
PSM812_2_33713	Carbamidomethyl	C	13
PSM812_2_33713	Carbamidomethyl	C	15
PSM812_2_3372	Carbamidomethyl	C	2
PSM812_2_3373	Carbamidomethyl	C	2
PSM812_2_33733	Carbamidomethyl	C	6
PSM812_2_33734	Carbamidomethyl	C	11
PSM812_2_33735	Carbamidomethyl	C	11
PSM812_2_33737	Carbamidomethyl	C	13
PSM812_2_33737	Carbamidomethyl	C	14
PSM812_2_33738	Carbamidomethyl	C	13
PSM812_2_33738	Carbamidomethyl	C	14
PSM812_2_3374	Carbamidomethyl	C	2
PSM812_2_3375	Carbamidomethyl	C	2
PSM812_2_33757	Carbamidomethyl	C	17
PSM812_2_33758	Carbamidomethyl	C	17
PSM812_2_3376	Carbamidomethyl	C	2
PSM812_2_3377	Carbamidomethyl	C	2
PSM812_2_33773	Carbamidomethyl	C	8
PSM812_2_33774	Carbamidomethyl	C	8
PSM812_2_33775	Carbamidomethyl	C	8
PSM812_2_33776	Carbamidomethyl	C	5
PSM812_2_33777	Carbamidomethyl	C	15
PSM812_2_3378	Carbamidomethyl	C	2
PSM812_2_33780	Carbamidomethyl	C	11
PSM812_2_33781	Carbamidomethyl	C	11
PSM812_2_33782	Carbamidomethyl	C	11
PSM812_2_33783	Carbamidomethyl	C	11
PSM812_2_3379	Carbamidomethyl	C	2
PSM812_2_33794	Carbamidomethyl	C	12
PSM812_2_33795	Carbamidomethyl	C	12
PSM812_2_33796	Carbamidomethyl	C	12
PSM812_2_33797	Carbamidomethyl	C	12
PSM812_2_3380	Carbamidomethyl	C	2
PSM812_2_33801	Carbamidomethyl	C	3
PSM812_2_33802	Carbamidomethyl	C	3
PSM812_2_33803	Carbamidomethyl	C	3
PSM812_2_3381	Carbamidomethyl	C	2
PSM812_2_33818	Carbamidomethyl	C	12
PSM812_2_33819	Carbamidomethyl	C	12
PSM812_2_3382	Carbamidomethyl	C	2
PSM812_2_33822	Carbamidomethyl	C	1
PSM812_2_33823	Carbamidomethyl	C	1
PSM812_2_33827	Carbamidomethyl	C	1
PSM812_2_33828	Carbamidomethyl	C	1
PSM812_2_33829	Carbamidomethyl	C	1
PSM812_2_3383	Carbamidomethyl	C	2
PSM812_2_33830	Carbamidomethyl	C	1
PSM812_2_33831	Carbamidomethyl	C	1
PSM812_2_33832	Carbamidomethyl	C	9
PSM812_2_33833	Carbamidomethyl	C	9
PSM812_2_3384	Carbamidomethyl	C	2
PSM812_2_33840	Carbamidomethyl	C	4
PSM812_2_33841	Carbamidomethyl	C	4
PSM812_2_3385	Carbamidomethyl	C	2
PSM812_2_33850	Carbamidomethyl	C	4
PSM812_2_33850	Carbamidomethyl	C	13
PSM812_2_33855	Carbamidomethyl	C	7
PSM812_2_33856	Carbamidomethyl	C	7
PSM812_2_33857	Carbamidomethyl	C	13
PSM812_2_33857	Carbamidomethyl	C	20
PSM812_2_33858	Carbamidomethyl	C	11
PSM812_2_3386	Carbamidomethyl	C	2
PSM812_2_3387	Carbamidomethyl	C	2
PSM812_2_3388	Carbamidomethyl	C	2
PSM812_2_33884	Carbamidomethyl	C	10
PSM812_2_33885	Carbamidomethyl	C	10
PSM812_2_33886	Carbamidomethyl	C	10
PSM812_2_3389	Carbamidomethyl	C	2
PSM812_2_33890	Carbamidomethyl	C	5
PSM812_2_33891	Carbamidomethyl	C	12
PSM812_2_33892	Carbamidomethyl	C	12
PSM812_2_33894	Carbamidomethyl	C	9
PSM812_2_33895	Carbamidomethyl	C	9
PSM812_2_33896	Carbamidomethyl	C	9
PSM812_2_33897	Carbamidomethyl	C	9
PSM812_2_33898	Carbamidomethyl	C	9
PSM812_2_33899	Carbamidomethyl	C	9
PSM812_2_3390	Carbamidomethyl	C	2
PSM812_2_33900	Carbamidomethyl	C	9
PSM812_2_33901	Carbamidomethyl	C	9
PSM812_2_3391	Carbamidomethyl	C	2
PSM812_2_33919	Carbamidomethyl	C	11
PSM812_2_3392	Carbamidomethyl	C	2
PSM812_2_33920	Carbamidomethyl	C	16
PSM812_2_33921	Carbamidomethyl	C	16
PSM812_2_33922	Carbamidomethyl	C	7
PSM812_2_3393	Carbamidomethyl	C	2
PSM812_2_33938	Carbamidomethyl	C	1
PSM812_2_33939	Carbamidomethyl	C	1
PSM812_2_3394	Carbamidomethyl	C	2
PSM812_2_33940	Carbamidomethyl	C	1
PSM812_2_33941	Carbamidomethyl	C	1
PSM812_2_33942	Carbamidomethyl	C	1
PSM812_2_3395	Carbamidomethyl	C	2
PSM812_2_3396	Carbamidomethyl	C	2
PSM812_2_3397	Carbamidomethyl	C	2
PSM812_2_3398	Carbamidomethyl	C	2
PSM812_2_3399	Carbamidomethyl	C	2
PSM812_2_33990	Carbamidomethyl	C	2
PSM812_2_33991	Carbamidomethyl	C	2
PSM812_2_33992	Carbamidomethyl	C	2
PSM812_2_33995	Carbamidomethyl	C	14
PSM812_2_33996	Carbamidomethyl	C	8
PSM812_2_33997	Carbamidomethyl	C	8
PSM812_2_33998	Carbamidomethyl	C	8
PSM812_2_33999	Carbamidomethyl	C	8
PSM812_2_3400	Carbamidomethyl	C	2
PSM812_2_34005	Carbamidomethyl	C	8
PSM812_2_34006	Carbamidomethyl	C	8
PSM812_2_3401	Carbamidomethyl	C	2
PSM812_2_34011	Carbamidomethyl	C	8
PSM812_2_34011	Carbamidomethyl	C	11
PSM812_2_34013	Carbamidomethyl	C	15
PSM812_2_34014	Carbamidomethyl	C	15
PSM812_2_3402	Carbamidomethyl	C	2
PSM812_2_34023	Carbamidomethyl	C	1
PSM812_2_34023	Carbamidomethyl	C	2
PSM812_2_34024	Carbamidomethyl	C	11
PSM812_2_34025	Carbamidomethyl	C	11
PSM812_2_34026	Carbamidomethyl	C	11
PSM812_2_3403	Carbamidomethyl	C	2
PSM812_2_3404	Carbamidomethyl	C	2
PSM812_2_3405	Carbamidomethyl	C	2
PSM812_2_3406	Carbamidomethyl	C	2
PSM812_2_34066	Carbamidomethyl	C	12
PSM812_2_34067	Carbamidomethyl	C	12
PSM812_2_3407	Carbamidomethyl	C	2
PSM812_2_34073	Carbamidomethyl	C	7
PSM812_2_34073	Carbamidomethyl	C	12
PSM812_2_34074	Carbamidomethyl	C	7
PSM812_2_34074	Carbamidomethyl	C	12
PSM812_2_34075	Carbamidomethyl	C	7
PSM812_2_34075	Carbamidomethyl	C	12
PSM812_2_34076	Carbamidomethyl	C	7
PSM812_2_34076	Carbamidomethyl	C	12
PSM812_2_3408	Carbamidomethyl	C	2
PSM812_2_34089	Carbamidomethyl	C	9
PSM812_2_3409	Carbamidomethyl	C	2
PSM812_2_34090	Carbamidomethyl	C	9
PSM812_2_34091	Carbamidomethyl	C	9
PSM812_2_34095	Carbamidomethyl	C	10
PSM812_2_34096	Carbamidomethyl	C	10
PSM812_2_3410	Carbamidomethyl	C	2
PSM812_2_3411	Carbamidomethyl	C	2
PSM812_2_34116	Carbamidomethyl	C	11
PSM812_2_34116	Carbamidomethyl	C	14
PSM812_2_34117	Carbamidomethyl	C	17
PSM812_2_34118	Carbamidomethyl	C	17
PSM812_2_3412	Carbamidomethyl	C	2
PSM812_2_3413	Carbamidomethyl	C	2
PSM812_2_3414	Carbamidomethyl	C	2
PSM812_2_3415	Carbamidomethyl	C	2
PSM812_2_3416	Carbamidomethyl	C	2
PSM812_2_3417	Carbamidomethyl	C	2
PSM812_2_34173	Carbamidomethyl	C	2
PSM812_2_34174	Carbamidomethyl	C	2
PSM812_2_34176	Carbamidomethyl	C	4
PSM812_2_3418	Carbamidomethyl	C	2
PSM812_2_34181	Carbamidomethyl	C	14
PSM812_2_34182	Carbamidomethyl	C	14
PSM812_2_34184	Carbamidomethyl	C	14
PSM812_2_34185	Carbamidomethyl	C	13
PSM812_2_34186	Carbamidomethyl	C	13
PSM812_2_3419	Carbamidomethyl	C	2
PSM812_2_34193	Carbamidomethyl	C	12
PSM812_2_3420	Carbamidomethyl	C	2
PSM812_2_34202	Carbamidomethyl	C	1
PSM812_2_34203	Carbamidomethyl	C	1
PSM812_2_34204	Carbamidomethyl	C	1
PSM812_2_34205	Carbamidomethyl	C	1
PSM812_2_3421	Carbamidomethyl	C	2
PSM812_2_34219	Carbamidomethyl	C	2
PSM812_2_3422	Carbamidomethyl	C	2
PSM812_2_34220	Carbamidomethyl	C	2
PSM812_2_34221	Carbamidomethyl	C	2
PSM812_2_3423	Carbamidomethyl	C	2
PSM812_2_3424	Carbamidomethyl	C	2
PSM812_2_3425	Carbamidomethyl	C	2
PSM812_2_34251	Carbamidomethyl	C	2
PSM812_2_34253	Carbamidomethyl	C	16
PSM812_2_3426	Carbamidomethyl	C	2
PSM812_2_34266	Carbamidomethyl	C	7
PSM812_2_34267	Carbamidomethyl	C	7
PSM812_2_34268	Oxidation	M	1
PSM812_2_34269	Oxidation	M	1
PSM812_2_3427	Carbamidomethyl	C	2
PSM812_2_3428	Carbamidomethyl	C	2
PSM812_2_3429	Carbamidomethyl	C	2
PSM812_2_3430	Carbamidomethyl	C	2
PSM812_2_34305	Carbamidomethyl	C	4
PSM812_2_34306	Carbamidomethyl	C	4
PSM812_2_34307	Carbamidomethyl	C	4
PSM812_2_34308	Carbamidomethyl	C	4
PSM812_2_34309	Carbamidomethyl	C	4
PSM812_2_3431	Carbamidomethyl	C	2
PSM812_2_34318	Carbamidomethyl	C	15
PSM812_2_34318	Carbamidomethyl	C	25
PSM812_2_3432	Carbamidomethyl	C	2
PSM812_2_34329	Carbamidomethyl	C	14
PSM812_2_3433	Carbamidomethyl	C	2
PSM812_2_34330	Carbamidomethyl	C	14
PSM812_2_34331	Carbamidomethyl	C	14
PSM812_2_34334	Carbamidomethyl	C	1
PSM812_2_34334	Carbamidomethyl	C	3
PSM812_2_34334	Carbamidomethyl	C	6
PSM812_2_34335	Carbamidomethyl	C	1
PSM812_2_34335	Carbamidomethyl	C	3
PSM812_2_34335	Carbamidomethyl	C	6
PSM812_2_34336	Carbamidomethyl	C	18
PSM812_2_34337	Carbamidomethyl	C	18
PSM812_2_34338	Carbamidomethyl	C	6
PSM812_2_34339	Carbamidomethyl	C	6
PSM812_2_3434	Carbamidomethyl	C	2
PSM812_2_34340	Carbamidomethyl	C	6
PSM812_2_34342	Carbamidomethyl	C	12
PSM812_2_34343	Carbamidomethyl	C	12
PSM812_2_34344	Carbamidomethyl	C	12
PSM812_2_3435	Carbamidomethyl	C	2
PSM812_2_3436	Carbamidomethyl	C	2
PSM812_2_3437	Carbamidomethyl	C	2
PSM812_2_34379	Oxidation	M	1
PSM812_2_3438	Carbamidomethyl	C	2
PSM812_2_34380	Oxidation	M	1
PSM812_2_34381	Oxidation	M	1
PSM812_2_34382	Oxidation	M	1
PSM812_2_34383	Oxidation	M	1
PSM812_2_34384	Oxidation	M	1
PSM812_2_34387	Carbamidomethyl	C	3
PSM812_2_34389	Carbamidomethyl	C	2
PSM812_2_34389	Carbamidomethyl	C	13
PSM812_2_34389	Carbamidomethyl	C	23
PSM812_2_3439	Carbamidomethyl	C	2
PSM812_2_34390	Carbamidomethyl	C	5
PSM812_2_34390	Carbamidomethyl	C	12
PSM812_2_34390	Carbamidomethyl	C	18
PSM812_2_34394	Carbamidomethyl	C	15
PSM812_2_34395	Carbamidomethyl	C	15
PSM812_2_3440	Carbamidomethyl	C	2
PSM812_2_3441	Carbamidomethyl	C	2
PSM812_2_34413	Carbamidomethyl	C	9
PSM812_2_34413	Carbamidomethyl	C	14
PSM812_2_3442	Carbamidomethyl	C	2
PSM812_2_3443	Carbamidomethyl	C	2
PSM812_2_34430	Carbamidomethyl	C	7
PSM812_2_34432	Carbamidomethyl	C	8
PSM812_2_34433	Carbamidomethyl	C	9
PSM812_2_34434	Carbamidomethyl	C	9
PSM812_2_34435	Carbamidomethyl	C	9
PSM812_2_3444	Carbamidomethyl	C	2
PSM812_2_34441	Carbamidomethyl	C	9
PSM812_2_34441	Carbamidomethyl	C	17
PSM812_2_34442	Carbamidomethyl	C	2
PSM812_2_34445	Oxidation	M	1
PSM812_2_34446	Oxidation	M	1
PSM812_2_3445	Carbamidomethyl	C	2
PSM812_2_34455	Carbamidomethyl	C	10
PSM812_2_34456	Carbamidomethyl	C	10
PSM812_2_34458	Carbamidomethyl	C	6
PSM812_2_34459	Carbamidomethyl	C	7
PSM812_2_3446	Carbamidomethyl	C	2
PSM812_2_34461	Carbamidomethyl	C	4
PSM812_2_3447	Carbamidomethyl	C	2
PSM812_2_34472	Carbamidomethyl	C	11
PSM812_2_3448	Carbamidomethyl	C	2
PSM812_2_34484	Carbamidomethyl	C	14
PSM812_2_3449	Carbamidomethyl	C	2
PSM812_2_34491	Carbamidomethyl	C	2
PSM812_2_34492	Carbamidomethyl	C	2
PSM812_2_34493	Carbamidomethyl	C	2
PSM812_2_34494	Carbamidomethyl	C	15
PSM812_2_34495	Carbamidomethyl	C	15
PSM812_2_3450	Carbamidomethyl	C	2
PSM812_2_34500	Carbamidomethyl	C	1
PSM812_2_34500	Carbamidomethyl	C	5
PSM812_2_34509	Carbamidomethyl	C	13
PSM812_2_3451	Carbamidomethyl	C	2
PSM812_2_34510	Carbamidomethyl	C	4
PSM812_2_34518	Carbamidomethyl	C	22
PSM812_2_34518	Carbamidomethyl	C	23
PSM812_2_34519	Carbamidomethyl	C	11
PSM812_2_34519	Carbamidomethyl	C	14
PSM812_2_3452	Carbamidomethyl	C	2
PSM812_2_34520	Carbamidomethyl	C	11
PSM812_2_34520	Carbamidomethyl	C	14
PSM812_2_34521	Carbamidomethyl	C	11
PSM812_2_34521	Carbamidomethyl	C	14
PSM812_2_34522	Carbamidomethyl	C	11
PSM812_2_34522	Carbamidomethyl	C	14
PSM812_2_34523	Carbamidomethyl	C	11
PSM812_2_34523	Carbamidomethyl	C	14
PSM812_2_34524	Carbamidomethyl	C	11
PSM812_2_34524	Carbamidomethyl	C	14
PSM812_2_3453	Carbamidomethyl	C	2
PSM812_2_3454	Carbamidomethyl	C	2
PSM812_2_3455	Carbamidomethyl	C	2
PSM812_2_34556	Carbamidomethyl	C	9
PSM812_2_34557	Carbamidomethyl	C	9
PSM812_2_3456	Carbamidomethyl	C	2
PSM812_2_34564	Gln->pyro-Glu	N-term	
PSM812_2_34565	Gln->pyro-Glu	N-term	
PSM812_2_34568	Acetyl	N-term	
PSM812_2_34569	Acetyl	N-term	
PSM812_2_3457	Carbamidomethyl	C	2
PSM812_2_34570	Acetyl	N-term	
PSM812_2_34571	Gln->pyro-Glu	N-term	
PSM812_2_34571	Carbamidomethyl	C	9
PSM812_2_34572	Gln->pyro-Glu	N-term	
PSM812_2_34572	Carbamidomethyl	C	9
PSM812_2_34573	Gln->pyro-Glu	N-term	
PSM812_2_34573	Carbamidomethyl	C	9
PSM812_2_34574	Gln->pyro-Glu	N-term	
PSM812_2_34575	Gln->pyro-Glu	N-term	
PSM812_2_34576	Gln->pyro-Glu	N-term	
PSM812_2_34577	Gln->pyro-Glu	N-term	
PSM812_2_34578	Gln->pyro-Glu	N-term	
PSM812_2_3458	Carbamidomethyl	C	2
PSM812_2_34581	Gln->pyro-Glu	N-term	
PSM812_2_34582	Gln->pyro-Glu	N-term	
PSM812_2_34583	Gln->pyro-Glu	N-term	
PSM812_2_34584	Gln->pyro-Glu	N-term	
PSM812_2_3459	Carbamidomethyl	C	2
PSM812_2_34592	Ammonia-loss	N-term	
PSM812_2_34592	Carbamidomethyl	C	1
PSM812_2_34593	Ammonia-loss	N-term	
PSM812_2_34593	Carbamidomethyl	C	1
PSM812_2_3460	Carbamidomethyl	C	2
PSM812_2_34601	Gln->pyro-Glu	N-term	
PSM812_2_34602	Gln->pyro-Glu	N-term	
PSM812_2_34603	Ammonia-loss	N-term	
PSM812_2_34603	Carbamidomethyl	C	1
PSM812_2_34604	Gln->pyro-Glu	N-term	
PSM812_2_34605	Gln->pyro-Glu	N-term	
PSM812_2_34606	Gln->pyro-Glu	N-term	
PSM812_2_34607	Ammonia-loss	N-term	
PSM812_2_34607	Carbamidomethyl	C	1
PSM812_2_34608	Ammonia-loss	N-term	
PSM812_2_34608	Carbamidomethyl	C	1
PSM812_2_34609	Gln->pyro-Glu	N-term	
PSM812_2_3461	Carbamidomethyl	C	2
PSM812_2_34610	Gln->pyro-Glu	N-term	
PSM812_2_34611	Gln->pyro-Glu	N-term	
PSM812_2_3462	Carbamidomethyl	C	2
PSM812_2_34622	Ammonia-loss	N-term	
PSM812_2_34622	Carbamidomethyl	C	1
PSM812_2_34623	Ammonia-loss	N-term	
PSM812_2_34623	Carbamidomethyl	C	1
PSM812_2_34624	Acetyl	N-term	
PSM812_2_34625	Acetyl	N-term	
PSM812_2_34626	Acetyl	N-term	
PSM812_2_34629	Carbamidomethyl	C	4
PSM812_2_34629	Carbamidomethyl	C	6
PSM812_2_3463	Carbamidomethyl	C	2
PSM812_2_34630	Carbamidomethyl	C	4
PSM812_2_34630	Carbamidomethyl	C	6
PSM812_2_34631	Carbamidomethyl	C	4
PSM812_2_34631	Carbamidomethyl	C	6
PSM812_2_34637	Gln->pyro-Glu	N-term	
PSM812_2_34638	Gln->pyro-Glu	N-term	
PSM812_2_34639	Oxidation	M	15
PSM812_2_3464	Carbamidomethyl	C	2
PSM812_2_34640	Ammonia-loss	N-term	
PSM812_2_34640	Carbamidomethyl	C	1
PSM812_2_34644	Acetyl	N-term	
PSM812_2_34645	Acetyl	N-term	
PSM812_2_34646	Acetyl	N-term	
PSM812_2_3465	Carbamidomethyl	C	2
PSM812_2_34651	Acetyl	N-term	
PSM812_2_34652	Acetyl	N-term	
PSM812_2_34653	Acetyl	N-term	
PSM812_2_34654	Gln->pyro-Glu	N-term	
PSM812_2_34654	Carbamidomethyl	C	15
PSM812_2_34655	Gln->pyro-Glu	N-term	
PSM812_2_34655	Carbamidomethyl	C	15
PSM812_2_3466	Carbamidomethyl	C	2
PSM812_2_3467	Carbamidomethyl	C	2
PSM812_2_34670	Carbamidomethyl	C	4
PSM812_2_34675	Carbamidomethyl	C	10
PSM812_2_34676	Ammonia-loss	N-term	
PSM812_2_34676	Carbamidomethyl	C	1
PSM812_2_34676	Carbamidomethyl	C	2
PSM812_2_34677	Carbamidomethyl	C	13
PSM812_2_34679	Gln->pyro-Glu	N-term	
PSM812_2_3468	Carbamidomethyl	C	2
PSM812_2_34681	Acetyl	N-term	
PSM812_2_34682	Acetyl	N-term	
PSM812_2_34683	Acetyl	N-term	
PSM812_2_34685	Carbamidomethyl	C	1
PSM812_2_34686	Carbamidomethyl	C	1
PSM812_2_3469	Carbamidomethyl	C	2
PSM812_2_34692	Carbamidomethyl	C	7
PSM812_2_34692	Carbamidomethyl	C	9
PSM812_2_3470	Carbamidomethyl	C	2
PSM812_2_3471	Carbamidomethyl	C	2
PSM812_2_3472	Carbamidomethyl	C	2
PSM812_2_34721	Carbamidomethyl	C	24
PSM812_2_34722	Carbamidomethyl	C	24
PSM812_2_34723	Carbamidomethyl	C	24
PSM812_2_34724	Carbamidomethyl	C	24
PSM812_2_34725	Carbamidomethyl	C	24
PSM812_2_3473	Carbamidomethyl	C	2
PSM812_2_34735	Carbamidomethyl	C	12
PSM812_2_34735	Carbamidomethyl	C	16
PSM812_2_34739	Carbamidomethyl	C	3
PSM812_2_34739	Carbamidomethyl	C	7
PSM812_2_3474	Carbamidomethyl	C	2
PSM812_2_34740	Carbamidomethyl	C	3
PSM812_2_34740	Carbamidomethyl	C	7
PSM812_2_34741	Carbamidomethyl	C	7
PSM812_2_34745	Carbamidomethyl	C	11
PSM812_2_34746	Carbamidomethyl	C	11
PSM812_2_34747	Carbamidomethyl	C	11
PSM812_2_34748	Carbamidomethyl	C	10
PSM812_2_34749	Carbamidomethyl	C	10
PSM812_2_3475	Carbamidomethyl	C	2
PSM812_2_34750	Carbamidomethyl	C	10
PSM812_2_34751	Carbamidomethyl	C	7
PSM812_2_34751	Carbamidomethyl	C	11
PSM812_2_34752	Carbamidomethyl	C	7
PSM812_2_34752	Carbamidomethyl	C	11
PSM812_2_34757	Oxidation	M	2
PSM812_2_34758	Oxidation	M	2
PSM812_2_3476	Carbamidomethyl	C	2
PSM812_2_3477	Carbamidomethyl	C	2
PSM812_2_34777	Carbamidomethyl	C	22
PSM812_2_34778	Carbamidomethyl	C	22
PSM812_2_3478	Carbamidomethyl	C	2
PSM812_2_34782	Carbamidomethyl	C	6
PSM812_2_34783	Carbamidomethyl	C	6
PSM812_2_34784	Carbamidomethyl	C	6
PSM812_2_34785	Carbamidomethyl	C	6
PSM812_2_34786	Carbamidomethyl	C	6
PSM812_2_34787	Carbamidomethyl	C	6
PSM812_2_34788	Carbamidomethyl	C	4
PSM812_2_3479	Carbamidomethyl	C	2
PSM812_2_34792	Carbamidomethyl	C	10
PSM812_2_3480	Carbamidomethyl	C	2
PSM812_2_34807	Carbamidomethyl	C	14
PSM812_2_34808	Carbamidomethyl	C	14
PSM812_2_34809	Carbamidomethyl	C	14
PSM812_2_3481	Carbamidomethyl	C	2
PSM812_2_34818	Carbamidomethyl	C	19
PSM812_2_34819	Carbamidomethyl	C	19
PSM812_2_3482	Carbamidomethyl	C	2
PSM812_2_34822	Carbamidomethyl	C	6
PSM812_2_34823	Carbamidomethyl	C	6
PSM812_2_34824	Carbamidomethyl	C	6
PSM812_2_34825	Carbamidomethyl	C	8
PSM812_2_34826	Carbamidomethyl	C	8
PSM812_2_34827	Carbamidomethyl	C	8
PSM812_2_34828	Carbamidomethyl	C	8
PSM812_2_3483	Carbamidomethyl	C	2
PSM812_2_3484	Carbamidomethyl	C	5
PSM812_2_34841	Carbamidomethyl	C	13
PSM812_2_34847	Oxidation	M	2
PSM812_2_34848	Carbamidomethyl	C	3
PSM812_2_34849	Carbamidomethyl	C	3
PSM812_2_3485	Carbamidomethyl	C	5
PSM812_2_34851	Carbamidomethyl	C	17
PSM812_2_34852	Carbamidomethyl	C	17
PSM812_2_34853	Carbamidomethyl	C	5
PSM812_2_34854	Carbamidomethyl	C	5
PSM812_2_34855	Carbamidomethyl	C	5
PSM812_2_3486	Carbamidomethyl	C	5
PSM812_2_34860	Carbamidomethyl	C	2
PSM812_2_34861	Carbamidomethyl	C	2
PSM812_2_3487	Carbamidomethyl	C	5
PSM812_2_3488	Carbamidomethyl	C	5
PSM812_2_34883	Carbamidomethyl	C	11
PSM812_2_34884	Carbamidomethyl	C	11
PSM812_2_3489	Carbamidomethyl	C	5
PSM812_2_3490	Carbamidomethyl	C	5
PSM812_2_34907	Carbamidomethyl	C	13
PSM812_2_34908	Carbamidomethyl	C	13
PSM812_2_34909	Carbamidomethyl	C	13
PSM812_2_3491	Carbamidomethyl	C	5
PSM812_2_34910	Carbamidomethyl	C	13
PSM812_2_34911	Carbamidomethyl	C	15
PSM812_2_34911	Carbamidomethyl	C	21
PSM812_2_34913	Carbamidomethyl	C	8
PSM812_2_3492	Carbamidomethyl	C	5
PSM812_2_34929	Acetyl	N-term	
PSM812_2_3493	Carbamidomethyl	C	5
PSM812_2_34930	Acetyl	N-term	
PSM812_2_34931	Acetyl	N-term	
PSM812_2_34932	Carbamidomethyl	C	16
PSM812_2_34933	Carbamidomethyl	C	16
PSM812_2_34934	Gln->pyro-Glu	N-term	
PSM812_2_34935	Gln->pyro-Glu	N-term	
PSM812_2_34936	Gln->pyro-Glu	N-term	
PSM812_2_34937	Carbamidomethyl	C	33
PSM812_2_34938	Carbamidomethyl	C	33
PSM812_2_34939	Carbamidomethyl	C	33
PSM812_2_3494	Carbamidomethyl	C	23
PSM812_2_34940	Carbamidomethyl	C	33
PSM812_2_34941	Ammonia-loss	N-term	
PSM812_2_34941	Carbamidomethyl	C	1
PSM812_2_34942	Gln->pyro-Glu	N-term	
PSM812_2_34943	Gln->pyro-Glu	N-term	
PSM812_2_34944	Gln->pyro-Glu	N-term	
PSM812_2_34945	Carbamidomethyl	C	18
PSM812_2_34946	Acetyl	N-term	
PSM812_2_34947	Acetyl	N-term	
PSM812_2_34948	Acetyl	N-term	
PSM812_2_3495	Carbamidomethyl	C	23
PSM812_2_3496	Carbamidomethyl	C	23
PSM812_2_34962	Acetyl	N-term	
PSM812_2_34963	Acetyl	N-term	
PSM812_2_34964	Acetyl	N-term	
PSM812_2_34964	Carbamidomethyl	C	21
PSM812_2_34964	Carbamidomethyl	C	29
PSM812_2_34965	Gln->pyro-Glu	N-term	
PSM812_2_34966	Gln->pyro-Glu	N-term	
PSM812_2_34967	Gln->pyro-Glu	N-term	
PSM812_2_34968	Acetyl	N-term	
PSM812_2_34968	Carbamidomethyl	C	8
PSM812_2_34969	Acetyl	N-term	
PSM812_2_34969	Carbamidomethyl	C	8
PSM812_2_3497	Carbamidomethyl	C	23
PSM812_2_34970	Acetyl	N-term	
PSM812_2_34970	Carbamidomethyl	C	8
PSM812_2_34971	Acetyl	N-term	
PSM812_2_34972	Acetyl	N-term	
PSM812_2_34973	Acetyl	N-term	
PSM812_2_34974	Acetyl	N-term	
PSM812_2_34975	Acetyl	N-term	
PSM812_2_34976	Acetyl	N-term	
PSM812_2_34977	Gln->pyro-Glu	N-term	
PSM812_2_34978	Gln->pyro-Glu	N-term	
PSM812_2_34979	Carbamidomethyl	C	4
PSM812_2_3498	Carbamidomethyl	C	23
PSM812_2_34980	Gln->pyro-Glu	N-term	
PSM812_2_34981	Gln->pyro-Glu	N-term	
PSM812_2_34982	Gln->pyro-Glu	N-term	
PSM812_2_34983	Gln->pyro-Glu	N-term	
PSM812_2_34984	Gln->pyro-Glu	N-term	
PSM812_2_34985	Gln->pyro-Glu	N-term	
PSM812_2_34986	Gln->pyro-Glu	N-term	
PSM812_2_34987	Gln->pyro-Glu	N-term	
PSM812_2_34988	Ammonia-loss	N-term	
PSM812_2_34988	Carbamidomethyl	C	1
PSM812_2_34989	Ammonia-loss	N-term	
PSM812_2_34989	Carbamidomethyl	C	1
PSM812_2_3499	Carbamidomethyl	C	23
PSM812_2_34990	Carbamidomethyl	C	7
PSM812_2_34990	Carbamidomethyl	C	23
PSM812_2_34991	Carbamidomethyl	C	7
PSM812_2_34991	Carbamidomethyl	C	23
PSM812_2_34992	Ammonia-loss	N-term	
PSM812_2_34992	Carbamidomethyl	C	1
PSM812_2_34992	Carbamidomethyl	C	4
PSM812_2_34993	Ammonia-loss	N-term	
PSM812_2_34993	Carbamidomethyl	C	1
PSM812_2_34993	Carbamidomethyl	C	4
PSM812_2_34994	Gln->pyro-Glu	N-term	
PSM812_2_34995	Ammonia-loss	N-term	
PSM812_2_34995	Carbamidomethyl	C	1
PSM812_2_3500	Carbamidomethyl	C	23
PSM812_2_35007	Carbamidomethyl	C	22
PSM812_2_35007	Carbamidomethyl	C	26
PSM812_2_35008	Carbamidomethyl	C	22
PSM812_2_35008	Carbamidomethyl	C	26
PSM812_2_35009	Carbamidomethyl	C	15
PSM812_2_3501	Carbamidomethyl	C	23
PSM812_2_3502	Carbamidomethyl	C	15
PSM812_2_35029	Carbamidomethyl	C	13
PSM812_2_35029	Carbamidomethyl	C	16
PSM812_2_3503	Carbamidomethyl	C	15
PSM812_2_35030	Carbamidomethyl	C	13
PSM812_2_35030	Carbamidomethyl	C	16
PSM812_2_35031	Carbamidomethyl	C	13
PSM812_2_35031	Carbamidomethyl	C	16
PSM812_2_35032	Carbamidomethyl	C	13
PSM812_2_35032	Carbamidomethyl	C	16
PSM812_2_35033	Carbamidomethyl	C	13
PSM812_2_35033	Carbamidomethyl	C	16
PSM812_2_35045	Carbamidomethyl	C	20
PSM812_2_35046	Carbamidomethyl	C	20
PSM812_2_35047	Carbamidomethyl	C	20
PSM812_2_35057	Carbamidomethyl	C	5
PSM812_2_35057	Carbamidomethyl	C	13
PSM812_2_35058	Carbamidomethyl	C	17
PSM812_2_35065	Carbamidomethyl	C	28
PSM812_2_35066	Carbamidomethyl	C	6
PSM812_2_35078	Carbamidomethyl	C	17
PSM812_2_35079	Carbamidomethyl	C	15
PSM812_2_35079	Carbamidomethyl	C	21
PSM812_2_35079	Carbamidomethyl	C	38
PSM812_2_35080	Carbamidomethyl	C	1
PSM812_2_35084	Acetyl	N-term	
PSM812_2_35084	Carbamidomethyl	C	14
PSM812_2_35085	Gln->pyro-Glu	N-term	
PSM812_2_35086	Gln->pyro-Glu	N-term	
PSM812_2_35087	Gln->pyro-Glu	N-term	
PSM812_2_35088	Gln->pyro-Glu	N-term	
PSM812_2_35089	Gln->pyro-Glu	N-term	
PSM812_2_35090	Gln->pyro-Glu	N-term	
PSM812_2_35092	Gln->pyro-Glu	N-term	
PSM812_2_35093	Gln->pyro-Glu	N-term	
PSM812_2_35094	Acetyl	N-term	
PSM812_2_35095	Gln->pyro-Glu	N-term	
PSM812_2_35096	Gln->pyro-Glu	N-term	
PSM812_2_35096	Carbamidomethyl	C	10
PSM812_2_35097	Acetyl	N-term	
PSM812_2_35104	Carbamidomethyl	C	8
PSM812_2_35112	Carbamidomethyl	C	4
PSM812_2_35112	Carbamidomethyl	C	11
PSM812_2_35115	Carbamidomethyl	C	1
PSM812_2_35115	Carbamidomethyl	C	11
PSM812_2_35125	Carbamidomethyl	C	13
PSM812_2_35126	Carbamidomethyl	C	13
PSM812_2_35127	Carbamidomethyl	C	13
PSM812_2_35134	Carbamidomethyl	C	9
PSM812_2_35137	Carbamidomethyl	C	9
PSM812_2_35138	Carbamidomethyl	C	9
PSM812_2_35139	Carbamidomethyl	C	9
PSM812_2_35140	Carbamidomethyl	C	9
PSM812_2_35150	Carbamidomethyl	C	5
PSM812_2_35151	Carbamidomethyl	C	11
PSM812_2_35153	Carbamidomethyl	C	6
PSM812_2_35176	Oxidation	M	1
PSM812_2_35185	Carbamidomethyl	C	7
PSM812_2_35186	Carbamidomethyl	C	7
PSM812_2_35187	Carbamidomethyl	C	7
PSM812_2_35188	Carbamidomethyl	C	7
PSM812_2_35189	Carbamidomethyl	C	7
PSM812_2_35234	Carbamidomethyl	C	5
PSM812_2_35235	Carbamidomethyl	C	5
PSM812_2_35236	Carbamidomethyl	C	5
PSM812_2_35246	Carbamidomethyl	C	1
PSM812_2_35268	Carbamidomethyl	C	10
PSM812_2_35273	Carbamidomethyl	C	11
PSM812_2_35283	Carbamidomethyl	C	6
PSM812_2_35284	Carbamidomethyl	C	6
PSM812_2_35295	Carbamidomethyl	C	7
PSM812_2_35304	Carbamidomethyl	C	8
PSM812_2_35305	Carbamidomethyl	C	8
PSM812_2_35306	Carbamidomethyl	C	8
PSM812_2_35312	Carbamidomethyl	C	7
PSM812_2_35313	Carbamidomethyl	C	7
PSM812_2_35314	Carbamidomethyl	C	7
PSM812_2_35315	Carbamidomethyl	C	7
PSM812_2_35320	Carbamidomethyl	C	10
PSM812_2_35321	Carbamidomethyl	C	10
PSM812_2_35328	Carbamidomethyl	C	7
PSM812_2_35329	Carbamidomethyl	C	7
PSM812_2_3533	Gln->pyro-Glu	N-term	
PSM812_2_35330	Carbamidomethyl	C	7
PSM812_2_3534	Gln->pyro-Glu	N-term	
PSM812_2_3535	Gln->pyro-Glu	N-term	
PSM812_2_3536	Gln->pyro-Glu	N-term	
PSM812_2_35365	Carbamidomethyl	C	1
PSM812_2_35366	Carbamidomethyl	C	1
PSM812_2_35380	Gln->pyro-Glu	N-term	
PSM812_2_35380	Carbamidomethyl	C	5
PSM812_2_35381	Acetyl	N-term	
PSM812_2_35382	Ammonia-loss	N-term	
PSM812_2_35382	Carbamidomethyl	C	1
PSM812_2_35382	Carbamidomethyl	C	8
PSM812_2_35382	Carbamidomethyl	C	12
PSM812_2_35384	Gln->pyro-Glu	N-term	
PSM812_2_35385	Carbamidomethyl	C	14
PSM812_2_35389	Carbamidomethyl	C	8
PSM812_2_3540	Carbamidomethyl	C	7
PSM812_2_3541	Carbamidomethyl	C	7
PSM812_2_35411	Carbamidomethyl	C	2
PSM812_2_35412	Carbamidomethyl	C	2
PSM812_2_35413	Carbamidomethyl	C	2
PSM812_2_35414	Carbamidomethyl	C	2
PSM812_2_3542	Carbamidomethyl	C	7
PSM812_2_35428	Carbamidomethyl	C	3
PSM812_2_35428	Carbamidomethyl	C	6
PSM812_2_35429	Carbamidomethyl	C	3
PSM812_2_35429	Carbamidomethyl	C	6
PSM812_2_3543	Carbamidomethyl	C	7
PSM812_2_3544	Carbamidomethyl	C	7
PSM812_2_35443	Carbamidomethyl	C	8
PSM812_2_35449	Carbamidomethyl	C	2
PSM812_2_35450	Carbamidomethyl	C	2
PSM812_2_35451	Carbamidomethyl	C	2
PSM812_2_35452	Carbamidomethyl	C	2
PSM812_2_35453	Carbamidomethyl	C	2
PSM812_2_35473	Carbamidomethyl	C	4
PSM812_2_35474	Carbamidomethyl	C	4
PSM812_2_35475	Carbamidomethyl	C	4
PSM812_2_35494	Carbamidomethyl	C	8
PSM812_2_35495	Carbamidomethyl	C	8
PSM812_2_35498	Carbamidomethyl	C	7
PSM812_2_35498	Carbamidomethyl	C	11
PSM812_2_35499	Carbamidomethyl	C	7
PSM812_2_35499	Carbamidomethyl	C	11
PSM812_2_35500	Carbamidomethyl	C	7
PSM812_2_35500	Carbamidomethyl	C	11
PSM812_2_35501	Carbamidomethyl	C	7
PSM812_2_35501	Carbamidomethyl	C	11
PSM812_2_35504	Carbamidomethyl	C	7
PSM812_2_35505	Carbamidomethyl	C	7
PSM812_2_35506	Carbamidomethyl	C	12
PSM812_2_35521	Carbamidomethyl	C	13
PSM812_2_35522	Carbamidomethyl	C	13
PSM812_2_35523	Carbamidomethyl	C	7
PSM812_2_35524	Carbamidomethyl	C	7
PSM812_2_35525	Carbamidomethyl	C	7
PSM812_2_35526	Carbamidomethyl	C	7
PSM812_2_35527	Carbamidomethyl	C	7
PSM812_2_35528	Carbamidomethyl	C	7
PSM812_2_35529	Carbamidomethyl	C	7
PSM812_2_35530	Carbamidomethyl	C	7
PSM812_2_35531	Carbamidomethyl	C	7
PSM812_2_35532	Carbamidomethyl	C	7
PSM812_2_35533	Carbamidomethyl	C	7
PSM812_2_35534	Carbamidomethyl	C	7
PSM812_2_35563	Carbamidomethyl	C	5
PSM812_2_35563	Carbamidomethyl	C	10
PSM812_2_35563	Carbamidomethyl	C	11
PSM812_2_35564	Carbamidomethyl	C	5
PSM812_2_35564	Carbamidomethyl	C	10
PSM812_2_35564	Carbamidomethyl	C	11
PSM812_2_35565	Carbamidomethyl	C	5
PSM812_2_35565	Carbamidomethyl	C	10
PSM812_2_35565	Carbamidomethyl	C	11
PSM812_2_35568	Carbamidomethyl	C	5
PSM812_2_35569	Carbamidomethyl	C	5
PSM812_2_35570	Carbamidomethyl	C	5
PSM812_2_35573	Carbamidomethyl	C	8
PSM812_2_35574	Carbamidomethyl	C	13
PSM812_2_35575	Carbamidomethyl	C	13
PSM812_2_35583	Carbamidomethyl	C	13
PSM812_2_35593	Carbamidomethyl	C	19
PSM812_2_35642	Carbamidomethyl	C	6
PSM812_2_35657	Carbamidomethyl	C	5
PSM812_2_35658	Carbamidomethyl	C	5
PSM812_2_35677	Carbamidomethyl	C	4
PSM812_2_35678	Carbamidomethyl	C	5
PSM812_2_35678	Carbamidomethyl	C	13
PSM812_2_35700	Carbamidomethyl	C	8
PSM812_2_35701	Carbamidomethyl	C	8
PSM812_2_35702	Carbamidomethyl	C	8
PSM812_2_35703	Carbamidomethyl	C	8
PSM812_2_35704	Carbamidomethyl	C	8
PSM812_2_35734	Carbamidomethyl	C	6
PSM812_2_35738	Carbamidomethyl	C	9
PSM812_2_35738	Carbamidomethyl	C	11
PSM812_2_35749	Carbamidomethyl	C	3
PSM812_2_35773	Carbamidomethyl	C	2
PSM812_2_35774	Carbamidomethyl	C	2
PSM812_2_35795	Carbamidomethyl	C	10
PSM812_2_35807	Carbamidomethyl	C	4
PSM812_2_35808	Carbamidomethyl	C	4
PSM812_2_35809	Carbamidomethyl	C	4
PSM812_2_35810	Carbamidomethyl	C	1
PSM812_2_35810	Carbamidomethyl	C	10
PSM812_2_35811	Carbamidomethyl	C	13
PSM812_2_35812	Carbamidomethyl	C	8
PSM812_2_35813	Carbamidomethyl	C	8
PSM812_2_35814	Carbamidomethyl	C	8
PSM812_2_35815	Carbamidomethyl	C	2
PSM812_2_35816	Carbamidomethyl	C	2
PSM812_2_35817	Carbamidomethyl	C	2
PSM812_2_35818	Carbamidomethyl	C	2
PSM812_2_35820	Carbamidomethyl	C	12
PSM812_2_35821	Carbamidomethyl	C	12
PSM812_2_35829	Carbamidomethyl	C	9
PSM812_2_35830	Carbamidomethyl	C	9
PSM812_2_35831	Carbamidomethyl	C	9
PSM812_2_35837	Carbamidomethyl	C	1
PSM812_2_35838	Carbamidomethyl	C	12
PSM812_2_35839	Carbamidomethyl	C	13
PSM812_2_35840	Carbamidomethyl	C	13
PSM812_2_35849	Carbamidomethyl	C	3
PSM812_2_35850	Carbamidomethyl	C	3
PSM812_2_35853	Carbamidomethyl	C	2
PSM812_2_35853	Carbamidomethyl	C	3
PSM812_2_35853	Carbamidomethyl	C	11
PSM812_2_35854	Carbamidomethyl	C	2
PSM812_2_35854	Carbamidomethyl	C	3
PSM812_2_35854	Carbamidomethyl	C	11
PSM812_2_3587	Oxidation	M	7
PSM812_2_3587	Carbamidomethyl	C	27
PSM812_2_35871	Carbamidomethyl	C	8
PSM812_2_35872	Carbamidomethyl	C	8
PSM812_2_35873	Carbamidomethyl	C	8
PSM812_2_35874	Carbamidomethyl	C	8
PSM812_2_3588	Oxidation	M	7
PSM812_2_3588	Carbamidomethyl	C	27
PSM812_2_35884	Carbamidomethyl	C	1
PSM812_2_35889	Carbamidomethyl	C	2
PSM812_2_3589	Oxidation	M	7
PSM812_2_3589	Carbamidomethyl	C	27
PSM812_2_35890	Carbamidomethyl	C	2
PSM812_2_35891	Carbamidomethyl	C	2
PSM812_2_35897	Carbamidomethyl	C	7
PSM812_2_35898	Carbamidomethyl	C	7
PSM812_2_35899	Carbamidomethyl	C	7
PSM812_2_35899	Carbamidomethyl	C	14
PSM812_2_3590	Oxidation	M	7
PSM812_2_3590	Carbamidomethyl	C	27
PSM812_2_35900	Carbamidomethyl	C	6
PSM812_2_35901	Carbamidomethyl	C	6
PSM812_2_35902	Carbamidomethyl	C	6
PSM812_2_3591	Oxidation	M	7
PSM812_2_3591	Carbamidomethyl	C	27
PSM812_2_3592	Oxidation	M	7
PSM812_2_3592	Carbamidomethyl	C	27
PSM812_2_35925	Carbamidomethyl	C	12
PSM812_2_3593	Oxidation	M	7
PSM812_2_3593	Carbamidomethyl	C	27
PSM812_2_3594	Oxidation	M	7
PSM812_2_3594	Carbamidomethyl	C	27
PSM812_2_35941	Carbamidomethyl	C	12
PSM812_2_35941	Carbamidomethyl	C	14
PSM812_2_3595	Oxidation	M	7
PSM812_2_3595	Carbamidomethyl	C	27
PSM812_2_3596	Oxidation	M	7
PSM812_2_3596	Carbamidomethyl	C	27
PSM812_2_35960	Carbamidomethyl	C	10
PSM812_2_35960	Carbamidomethyl	C	11
PSM812_2_35961	Carbamidomethyl	C	10
PSM812_2_35961	Carbamidomethyl	C	11
PSM812_2_35962	Carbamidomethyl	C	10
PSM812_2_35962	Carbamidomethyl	C	11
PSM812_2_35963	Carbamidomethyl	C	10
PSM812_2_35963	Carbamidomethyl	C	11
PSM812_2_35965	Carbamidomethyl	C	10
PSM812_2_35966	Carbamidomethyl	C	10
PSM812_2_35967	Carbamidomethyl	C	10
PSM812_2_3597	Oxidation	M	7
PSM812_2_3597	Carbamidomethyl	C	27
PSM812_2_35970	Carbamidomethyl	C	12
PSM812_2_3598	Oxidation	M	7
PSM812_2_3598	Carbamidomethyl	C	27
PSM812_2_35985	Carbamidomethyl	C	6
PSM812_2_35986	Carbamidomethyl	C	6
PSM812_2_35987	Carbamidomethyl	C	6
PSM812_2_35988	Carbamidomethyl	C	12
PSM812_2_3599	Oxidation	M	7
PSM812_2_3599	Carbamidomethyl	C	27
PSM812_2_36001	Carbamidomethyl	C	2
PSM812_2_36002	Carbamidomethyl	C	2
PSM812_2_36003	Carbamidomethyl	C	2
PSM812_2_36004	Carbamidomethyl	C	2
PSM812_2_36052	Carbamidomethyl	C	6
PSM812_2_36053	Carbamidomethyl	C	6
PSM812_2_36057	Carbamidomethyl	C	9
PSM812_2_36058	Carbamidomethyl	C	9
PSM812_2_36059	Carbamidomethyl	C	9
PSM812_2_36060	Carbamidomethyl	C	9
PSM812_2_36061	Carbamidomethyl	C	14
PSM812_2_36062	Carbamidomethyl	C	14
PSM812_2_36063	Carbamidomethyl	C	14
PSM812_2_36064	Carbamidomethyl	C	3
PSM812_2_36065	Carbamidomethyl	C	3
PSM812_2_36066	Carbamidomethyl	C	11
PSM812_2_36067	Carbamidomethyl	C	11
PSM812_2_36073	Carbamidomethyl	C	9
PSM812_2_36073	Carbamidomethyl	C	17
PSM812_2_36076	Carbamidomethyl	C	2
PSM812_2_36099	Carbamidomethyl	C	4
PSM812_2_36103	Oxidation	M	16
PSM812_2_36120	Carbamidomethyl	C	11
PSM812_2_36120	Carbamidomethyl	C	12
PSM812_2_36135	Carbamidomethyl	C	16
PSM812_2_36140	Carbamidomethyl	C	3
PSM812_2_36140	Carbamidomethyl	C	6
PSM812_2_36141	Carbamidomethyl	C	8
PSM812_2_36142	Carbamidomethyl	C	1
PSM812_2_36142	Carbamidomethyl	C	10
PSM812_2_36143	Carbamidomethyl	C	11
PSM812_2_36144	Carbamidomethyl	C	11
PSM812_2_36145	Carbamidomethyl	C	11
PSM812_2_36149	Carbamidomethyl	C	10
PSM812_2_36150	Carbamidomethyl	C	10
PSM812_2_36160	Carbamidomethyl	C	11
PSM812_2_36161	Carbamidomethyl	C	11
PSM812_2_36162	Carbamidomethyl	C	11
PSM812_2_36163	Carbamidomethyl	C	11
PSM812_2_36164	Carbamidomethyl	C	11
PSM812_2_36165	Carbamidomethyl	C	11
PSM812_2_36166	Carbamidomethyl	C	11
PSM812_2_36169	Carbamidomethyl	C	6
PSM812_2_36170	Carbamidomethyl	C	6
PSM812_2_36171	Carbamidomethyl	C	6
PSM812_2_36177	Carbamidomethyl	C	10
PSM812_2_36177	Carbamidomethyl	C	11
PSM812_2_36188	Carbamidomethyl	C	17
PSM812_2_36189	Carbamidomethyl	C	11
PSM812_2_36196	Carbamidomethyl	C	5
PSM812_2_36197	Carbamidomethyl	C	2
PSM812_2_36197	Carbamidomethyl	C	4
PSM812_2_36208	Carbamidomethyl	C	5
PSM812_2_36209	Carbamidomethyl	C	5
PSM812_2_3621	Acetyl	N-term	
PSM812_2_3621	Carbamidomethyl	C	8
PSM812_2_36210	Carbamidomethyl	C	5
PSM812_2_36211	Carbamidomethyl	C	5
PSM812_2_3622	Acetyl	N-term	
PSM812_2_3622	Carbamidomethyl	C	8
PSM812_2_3623	Acetyl	N-term	
PSM812_2_3623	Carbamidomethyl	C	8
PSM812_2_36237	Carbamidomethyl	C	8
PSM812_2_36238	Carbamidomethyl	C	8
PSM812_2_3624	Acetyl	N-term	
PSM812_2_3624	Carbamidomethyl	C	8
PSM812_2_36249	Carbamidomethyl	C	16
PSM812_2_3625	Acetyl	N-term	
PSM812_2_3625	Carbamidomethyl	C	8
PSM812_2_36250	Carbamidomethyl	C	13
PSM812_2_36251	Carbamidomethyl	C	13
PSM812_2_36252	Carbamidomethyl	C	4
PSM812_2_36253	Carbamidomethyl	C	4
PSM812_2_36254	Carbamidomethyl	C	4
PSM812_2_36255	Carbamidomethyl	C	4
PSM812_2_36256	Carbamidomethyl	C	7
PSM812_2_36257	Carbamidomethyl	C	7
PSM812_2_36258	Carbamidomethyl	C	7
PSM812_2_3626	Acetyl	N-term	
PSM812_2_3626	Carbamidomethyl	C	8
PSM812_2_3627	Acetyl	N-term	
PSM812_2_3627	Carbamidomethyl	C	8
PSM812_2_36274	Carbamidomethyl	C	10
PSM812_2_36275	Carbamidomethyl	C	10
PSM812_2_36276	Carbamidomethyl	C	3
PSM812_2_36276	Carbamidomethyl	C	12
PSM812_2_3628	Acetyl	N-term	
PSM812_2_3628	Carbamidomethyl	C	8
PSM812_2_3629	Acetyl	N-term	
PSM812_2_3629	Carbamidomethyl	C	8
PSM812_2_36291	Carbamidomethyl	C	4
PSM812_2_36291	Carbamidomethyl	C	8
PSM812_2_3630	Acetyl	N-term	
PSM812_2_3630	Carbamidomethyl	C	8
PSM812_2_36304	Carbamidomethyl	C	11
PSM812_2_36304	Carbamidomethyl	C	14
PSM812_2_36309	Carbamidomethyl	C	19
PSM812_2_3631	Acetyl	N-term	
PSM812_2_3631	Carbamidomethyl	C	8
PSM812_2_36310	Carbamidomethyl	C	11
PSM812_2_36311	Carbamidomethyl	C	11
PSM812_2_36312	Carbamidomethyl	C	11
PSM812_2_36313	Carbamidomethyl	C	11
PSM812_2_36314	Carbamidomethyl	C	11
PSM812_2_3632	Acetyl	N-term	
PSM812_2_3632	Carbamidomethyl	C	8
PSM812_2_36323	Carbamidomethyl	C	11
PSM812_2_36324	Carbamidomethyl	C	11
PSM812_2_3633	Acetyl	N-term	
PSM812_2_3633	Carbamidomethyl	C	8
PSM812_2_36339	Carbamidomethyl	C	4
PSM812_2_3634	Acetyl	N-term	
PSM812_2_3634	Carbamidomethyl	C	8
PSM812_2_36346	Carbamidomethyl	C	11
PSM812_2_36347	Carbamidomethyl	C	11
PSM812_2_36348	Carbamidomethyl	C	13
PSM812_2_3635	Acetyl	N-term	
PSM812_2_3635	Carbamidomethyl	C	8
PSM812_2_36353	Carbamidomethyl	C	12
PSM812_2_36353	Carbamidomethyl	C	13
PSM812_2_36354	Carbamidomethyl	C	12
PSM812_2_36354	Carbamidomethyl	C	13
PSM812_2_36355	Carbamidomethyl	C	12
PSM812_2_36356	Carbamidomethyl	C	12
PSM812_2_36357	Carbamidomethyl	C	7
PSM812_2_36359	Carbamidomethyl	C	17
PSM812_2_3636	Acetyl	N-term	
PSM812_2_3636	Carbamidomethyl	C	8
PSM812_2_36360	Carbamidomethyl	C	17
PSM812_2_36365	Carbamidomethyl	C	7
PSM812_2_36365	Carbamidomethyl	C	15
PSM812_2_36368	Carbamidomethyl	C	6
PSM812_2_36369	Carbamidomethyl	C	6
PSM812_2_3637	Acetyl	N-term	
PSM812_2_3637	Carbamidomethyl	C	8
PSM812_2_36370	Carbamidomethyl	C	6
PSM812_2_3638	Acetyl	N-term	
PSM812_2_3638	Carbamidomethyl	C	8
PSM812_2_3639	Acetyl	N-term	
PSM812_2_3639	Carbamidomethyl	C	8
PSM812_2_36394	Carbamidomethyl	C	2
PSM812_2_36395	Carbamidomethyl	C	2
PSM812_2_3640	Acetyl	N-term	
PSM812_2_3640	Carbamidomethyl	C	8
PSM812_2_36400	Carbamidomethyl	C	6
PSM812_2_36401	Carbamidomethyl	C	6
PSM812_2_36403	Carbamidomethyl	C	1
PSM812_2_36404	Carbamidomethyl	C	7
PSM812_2_36406	Carbamidomethyl	C	9
PSM812_2_3641	Acetyl	N-term	
PSM812_2_3641	Carbamidomethyl	C	8
PSM812_2_36410	Carbamidomethyl	C	9
PSM812_2_36411	Carbamidomethyl	C	9
PSM812_2_3642	Acetyl	N-term	
PSM812_2_3642	Carbamidomethyl	C	8
PSM812_2_36423	Carbamidomethyl	C	1
PSM812_2_36424	Carbamidomethyl	C	1
PSM812_2_36425	Carbamidomethyl	C	1
PSM812_2_36426	Carbamidomethyl	C	1
PSM812_2_36427	Carbamidomethyl	C	4
PSM812_2_36427	Carbamidomethyl	C	14
PSM812_2_36428	Carbamidomethyl	C	5
PSM812_2_3643	Acetyl	N-term	
PSM812_2_3643	Carbamidomethyl	C	8
PSM812_2_36432	Carbamidomethyl	C	12
PSM812_2_36433	Carbamidomethyl	C	12
PSM812_2_36434	Carbamidomethyl	C	12
PSM812_2_36435	Carbamidomethyl	C	12
PSM812_2_36436	Carbamidomethyl	C	8
PSM812_2_36437	Carbamidomethyl	C	8
PSM812_2_36438	Carbamidomethyl	C	15
PSM812_2_3644	Acetyl	N-term	
PSM812_2_3644	Carbamidomethyl	C	8
PSM812_2_3645	Acetyl	N-term	
PSM812_2_3645	Carbamidomethyl	C	8
PSM812_2_36458	Carbamidomethyl	C	11
PSM812_2_36459	Carbamidomethyl	C	11
PSM812_2_3646	Acetyl	N-term	
PSM812_2_3646	Carbamidomethyl	C	8
PSM812_2_36460	Carbamidomethyl	C	6
PSM812_2_36463	Acetyl	N-term	
PSM812_2_36464	Acetyl	N-term	
PSM812_2_36465	Acetyl	N-term	
PSM812_2_36469	Gln->pyro-Glu	N-term	
PSM812_2_3647	Acetyl	N-term	
PSM812_2_3647	Carbamidomethyl	C	8
PSM812_2_36470	Gln->pyro-Glu	N-term	
PSM812_2_36474	Gln->pyro-Glu	N-term	
PSM812_2_36475	Gln->pyro-Glu	N-term	
PSM812_2_36478	Acetyl	N-term	
PSM812_2_36479	Acetyl	N-term	
PSM812_2_3648	Acetyl	N-term	
PSM812_2_3648	Carbamidomethyl	C	8
PSM812_2_36480	Gln->pyro-Glu	N-term	
PSM812_2_36481	Gln->pyro-Glu	N-term	
PSM812_2_36485	Gln->pyro-Glu	N-term	
PSM812_2_36489	Gln->pyro-Glu	N-term	
PSM812_2_3649	Acetyl	N-term	
PSM812_2_3649	Carbamidomethyl	C	8
PSM812_2_36490	Acetyl	N-term	
PSM812_2_36491	Acetyl	N-term	
PSM812_2_36492	Gln->pyro-Glu	N-term	
PSM812_2_36493	Gln->pyro-Glu	N-term	
PSM812_2_36494	Gln->pyro-Glu	N-term	
PSM812_2_36495	Acetyl	N-term	
PSM812_2_36496	Carbamidomethyl	C	4
PSM812_2_36497	Carbamidomethyl	C	4
PSM812_2_36498	Ammonia-loss	N-term	
PSM812_2_36498	Carbamidomethyl	C	1
PSM812_2_36498	Carbamidomethyl	C	2
PSM812_2_36498	Carbamidomethyl	C	6
PSM812_2_36499	Ammonia-loss	N-term	
PSM812_2_36499	Carbamidomethyl	C	1
PSM812_2_36499	Carbamidomethyl	C	2
PSM812_2_36499	Carbamidomethyl	C	6
PSM812_2_3650	Acetyl	N-term	
PSM812_2_3650	Carbamidomethyl	C	8
PSM812_2_36500	Ammonia-loss	N-term	
PSM812_2_36500	Carbamidomethyl	C	1
PSM812_2_36500	Carbamidomethyl	C	2
PSM812_2_36500	Carbamidomethyl	C	6
PSM812_2_36501	Ammonia-loss	N-term	
PSM812_2_36501	Carbamidomethyl	C	1
PSM812_2_36501	Carbamidomethyl	C	2
PSM812_2_36501	Carbamidomethyl	C	6
PSM812_2_36504	Acetyl	N-term	
PSM812_2_36505	Acetyl	N-term	
PSM812_2_36506	Acetyl	N-term	
PSM812_2_36507	Acetyl	N-term	
PSM812_2_36508	Acetyl	N-term	
PSM812_2_36509	Acetyl	N-term	
PSM812_2_3651	Acetyl	N-term	
PSM812_2_3651	Carbamidomethyl	C	8
PSM812_2_36510	Acetyl	N-term	
PSM812_2_3652	Acetyl	N-term	
PSM812_2_3652	Carbamidomethyl	C	8
PSM812_2_3653	Acetyl	N-term	
PSM812_2_3653	Carbamidomethyl	C	8
PSM812_2_36535	Acetyl	N-term	
PSM812_2_36535	Carbamidomethyl	C	11
PSM812_2_36536	Acetyl	N-term	
PSM812_2_36536	Carbamidomethyl	C	11
PSM812_2_36537	Acetyl	N-term	
PSM812_2_36537	Carbamidomethyl	C	11
PSM812_2_36538	Acetyl	N-term	
PSM812_2_36538	Carbamidomethyl	C	11
PSM812_2_36539	Acetyl	N-term	
PSM812_2_3654	Acetyl	N-term	
PSM812_2_3654	Carbamidomethyl	C	8
PSM812_2_36540	Acetyl	N-term	
PSM812_2_36541	Acetyl	N-term	
PSM812_2_36542	Acetyl	N-term	
PSM812_2_36543	Acetyl	N-term	
PSM812_2_36544	Acetyl	N-term	
PSM812_2_36545	Acetyl	N-term	
PSM812_2_36546	Acetyl	N-term	
PSM812_2_36547	Acetyl	N-term	
PSM812_2_3655	Acetyl	N-term	
PSM812_2_3655	Carbamidomethyl	C	8
PSM812_2_36550	Gln->pyro-Glu	N-term	
PSM812_2_36551	Gln->pyro-Glu	N-term	
PSM812_2_36552	Gln->pyro-Glu	N-term	
PSM812_2_36553	Acetyl	N-term	
PSM812_2_36554	Acetyl	N-term	
PSM812_2_36555	Acetyl	N-term	
PSM812_2_36558	Acetyl	N-term	
PSM812_2_36559	Acetyl	N-term	
PSM812_2_3656	Acetyl	N-term	
PSM812_2_3656	Carbamidomethyl	C	8
PSM812_2_36560	Acetyl	N-term	
PSM812_2_36561	Acetyl	N-term	
PSM812_2_36563	Acetyl	N-term	
PSM812_2_36563	Carbamidomethyl	C	10
PSM812_2_36566	Carbamidomethyl	C	9
PSM812_2_3657	Acetyl	N-term	
PSM812_2_3657	Carbamidomethyl	C	8
PSM812_2_36579	Carbamidomethyl	C	6
PSM812_2_3658	Acetyl	N-term	
PSM812_2_3658	Carbamidomethyl	C	8
PSM812_2_3659	Carbamidomethyl	C	3
PSM812_2_3660	Carbamidomethyl	C	3
PSM812_2_36641	Carbamidomethyl	C	4
PSM812_2_36642	Carbamidomethyl	C	4
PSM812_2_36645	Carbamidomethyl	C	12
PSM812_2_36646	Carbamidomethyl	C	12
PSM812_2_36647	Carbamidomethyl	C	12
PSM812_2_36648	Carbamidomethyl	C	12
PSM812_2_36657	Carbamidomethyl	C	15
PSM812_2_36658	Carbamidomethyl	C	14
PSM812_2_3666	Acetyl	N-term	
PSM812_2_3667	Acetyl	N-term	
PSM812_2_36670	Carbamidomethyl	C	9
PSM812_2_36671	Carbamidomethyl	C	9
PSM812_2_36676	Carbamidomethyl	C	10
PSM812_2_36677	Carbamidomethyl	C	10
PSM812_2_36678	Carbamidomethyl	C	10
PSM812_2_36679	Carbamidomethyl	C	10
PSM812_2_3668	Acetyl	N-term	
PSM812_2_36680	Carbamidomethyl	C	10
PSM812_2_36681	Carbamidomethyl	C	14
PSM812_2_36682	Carbamidomethyl	C	14
PSM812_2_36692	Carbamidomethyl	C	6
PSM812_2_36713	Carbamidomethyl	C	2
PSM812_2_36714	Carbamidomethyl	C	2
PSM812_2_3672	Carbamidomethyl	C	6
PSM812_2_3672	Carbamidomethyl	C	8
PSM812_2_3672	Carbamidomethyl	C	9
PSM812_2_3672	Carbamidomethyl	C	21
PSM812_2_3672	Carbamidomethyl	C	25
PSM812_2_36721	Carbamidomethyl	C	12
PSM812_2_36722	Carbamidomethyl	C	12
PSM812_2_36723	Carbamidomethyl	C	12
PSM812_2_36726	Carbamidomethyl	C	1
PSM812_2_36727	Carbamidomethyl	C	2
PSM812_2_36728	Carbamidomethyl	C	2
PSM812_2_36729	Carbamidomethyl	C	2
PSM812_2_36745	Carbamidomethyl	C	1
PSM812_2_36745	Carbamidomethyl	C	5
PSM812_2_36748	Carbamidomethyl	C	5
PSM812_2_36749	Carbamidomethyl	C	11
PSM812_2_36754	Carbamidomethyl	C	12
PSM812_2_36759	Carbamidomethyl	C	10
PSM812_2_36763	Carbamidomethyl	C	2
PSM812_2_36763	Carbamidomethyl	C	19
PSM812_2_36764	Carbamidomethyl	C	11
PSM812_2_36765	Carbamidomethyl	C	11
PSM812_2_36766	Carbamidomethyl	C	11
PSM812_2_36767	Carbamidomethyl	C	11
PSM812_2_36768	Carbamidomethyl	C	11
PSM812_2_36770	Carbamidomethyl	C	10
PSM812_2_36771	Carbamidomethyl	C	10
PSM812_2_36772	Carbamidomethyl	C	10
PSM812_2_36773	Carbamidomethyl	C	10
PSM812_2_36774	Carbamidomethyl	C	10
PSM812_2_36775	Carbamidomethyl	C	10
PSM812_2_36776	Carbamidomethyl	C	10
PSM812_2_36811	Carbamidomethyl	C	1
PSM812_2_36812	Carbamidomethyl	C	1
PSM812_2_36813	Carbamidomethyl	C	1
PSM812_2_36817	Carbamidomethyl	C	10
PSM812_2_36818	Carbamidomethyl	C	10
PSM812_2_36851	Carbamidomethyl	C	5
PSM812_2_36852	Carbamidomethyl	C	8
PSM812_2_36853	Carbamidomethyl	C	8
PSM812_2_36854	Carbamidomethyl	C	7
PSM812_2_36855	Carbamidomethyl	C	7
PSM812_2_36861	Carbamidomethyl	C	2
PSM812_2_36862	Carbamidomethyl	C	2
PSM812_2_36863	Carbamidomethyl	C	2
PSM812_2_36864	Carbamidomethyl	C	2
PSM812_2_36865	Carbamidomethyl	C	3
PSM812_2_36866	Carbamidomethyl	C	3
PSM812_2_36867	Carbamidomethyl	C	3
PSM812_2_36882	Carbamidomethyl	C	6
PSM812_2_36883	Carbamidomethyl	C	6
PSM812_2_36905	Carbamidomethyl	C	2
PSM812_2_36905	Carbamidomethyl	C	15
PSM812_2_36920	Carbamidomethyl	C	8
PSM812_2_36925	Carbamidomethyl	C	11
PSM812_2_36926	Carbamidomethyl	C	11
PSM812_2_36948	Carbamidomethyl	C	13
PSM812_2_36949	Carbamidomethyl	C	13
PSM812_2_36950	Carbamidomethyl	C	13
PSM812_2_36954	Carbamidomethyl	C	6
PSM812_2_36959	Carbamidomethyl	C	10
PSM812_2_36960	Carbamidomethyl	C	10
PSM812_2_36961	Oxidation	M	8
PSM812_2_36961	Carbamidomethyl	C	16
PSM812_2_3697	Carbamidomethyl	C	6
PSM812_2_3698	Carbamidomethyl	C	6
PSM812_2_36986	Carbamidomethyl	C	20
PSM812_2_36987	Carbamidomethyl	C	20
PSM812_2_36988	Carbamidomethyl	C	20
PSM812_2_36989	Carbamidomethyl	C	20
PSM812_2_3699	Carbamidomethyl	C	6
PSM812_2_36991	Carbamidomethyl	C	6
PSM812_2_36992	Carbamidomethyl	C	6
PSM812_2_36993	Carbamidomethyl	C	6
PSM812_2_36994	Carbamidomethyl	C	6
PSM812_2_36995	Carbamidomethyl	C	6
PSM812_2_36996	Carbamidomethyl	C	1
PSM812_2_3700	Carbamidomethyl	C	6
PSM812_2_3701	Carbamidomethyl	C	6
PSM812_2_37011	Carbamidomethyl	C	14
PSM812_2_37011	Carbamidomethyl	C	17
PSM812_2_37012	Carbamidomethyl	C	14
PSM812_2_37012	Carbamidomethyl	C	17
PSM812_2_37013	Carbamidomethyl	C	14
PSM812_2_37013	Carbamidomethyl	C	17
PSM812_2_37014	Carbamidomethyl	C	14
PSM812_2_37014	Carbamidomethyl	C	17
PSM812_2_37015	Carbamidomethyl	C	14
PSM812_2_37015	Carbamidomethyl	C	17
PSM812_2_37016	Carbamidomethyl	C	10
PSM812_2_37017	Carbamidomethyl	C	4
PSM812_2_37018	Carbamidomethyl	C	4
PSM812_2_37019	Carbamidomethyl	C	4
PSM812_2_37020	Carbamidomethyl	C	4
PSM812_2_37021	Carbamidomethyl	C	4
PSM812_2_37022	Carbamidomethyl	C	4
PSM812_2_37023	Carbamidomethyl	C	4
PSM812_2_37024	Carbamidomethyl	C	4
PSM812_2_37025	Carbamidomethyl	C	4
PSM812_2_37026	Carbamidomethyl	C	4
PSM812_2_37032	Carbamidomethyl	C	3
PSM812_2_37033	Carbamidomethyl	C	3
PSM812_2_37035	Carbamidomethyl	C	13
PSM812_2_37046	Carbamidomethyl	C	2
PSM812_2_37046	Carbamidomethyl	C	9
PSM812_2_37048	Carbamidomethyl	C	13
PSM812_2_37049	Carbamidomethyl	C	13
PSM812_2_37050	Carbamidomethyl	C	13
PSM812_2_37051	Carbamidomethyl	C	5
PSM812_2_37051	Carbamidomethyl	C	14
PSM812_2_37053	Carbamidomethyl	C	16
PSM812_2_37054	Carbamidomethyl	C	3
PSM812_2_3707	Carbamidomethyl	C	4
PSM812_2_3707	Carbamidomethyl	C	9
PSM812_2_3707	Carbamidomethyl	C	12
PSM812_2_3707	Carbamidomethyl	C	38
PSM812_2_3707	Carbamidomethyl	C	41
PSM812_2_37072	Carbamidomethyl	C	9
PSM812_2_37073	Carbamidomethyl	C	9
PSM812_2_37074	Carbamidomethyl	C	9
PSM812_2_37075	Carbamidomethyl	C	9
PSM812_2_3708	Carbamidomethyl	C	4
PSM812_2_3708	Carbamidomethyl	C	9
PSM812_2_3708	Carbamidomethyl	C	12
PSM812_2_3708	Carbamidomethyl	C	38
PSM812_2_3708	Carbamidomethyl	C	41
PSM812_2_37084	Carbamidomethyl	C	2
PSM812_2_37089	Carbamidomethyl	C	8
PSM812_2_3709	Carbamidomethyl	C	4
PSM812_2_3709	Carbamidomethyl	C	9
PSM812_2_3709	Carbamidomethyl	C	12
PSM812_2_3709	Carbamidomethyl	C	38
PSM812_2_3709	Carbamidomethyl	C	41
PSM812_2_37090	Carbamidomethyl	C	8
PSM812_2_3710	Carbamidomethyl	C	4
PSM812_2_3710	Carbamidomethyl	C	9
PSM812_2_3710	Carbamidomethyl	C	12
PSM812_2_3710	Carbamidomethyl	C	38
PSM812_2_3710	Carbamidomethyl	C	41
PSM812_2_3711	Carbamidomethyl	C	4
PSM812_2_3711	Carbamidomethyl	C	9
PSM812_2_3711	Carbamidomethyl	C	12
PSM812_2_3711	Carbamidomethyl	C	38
PSM812_2_3711	Carbamidomethyl	C	41
PSM812_2_37115	Carbamidomethyl	C	8
PSM812_2_37116	Carbamidomethyl	C	8
PSM812_2_3712	Carbamidomethyl	C	4
PSM812_2_3712	Carbamidomethyl	C	9
PSM812_2_3712	Carbamidomethyl	C	12
PSM812_2_3712	Carbamidomethyl	C	38
PSM812_2_3712	Carbamidomethyl	C	41
PSM812_2_37129	Carbamidomethyl	C	7
PSM812_2_3713	Carbamidomethyl	C	4
PSM812_2_3713	Carbamidomethyl	C	9
PSM812_2_3713	Carbamidomethyl	C	12
PSM812_2_3713	Carbamidomethyl	C	38
PSM812_2_3713	Carbamidomethyl	C	41
PSM812_2_37130	Carbamidomethyl	C	8
PSM812_2_37133	Carbamidomethyl	C	14
PSM812_2_37134	Carbamidomethyl	C	14
PSM812_2_37135	Carbamidomethyl	C	5
PSM812_2_37136	Carbamidomethyl	C	5
PSM812_2_3714	Carbamidomethyl	C	4
PSM812_2_3714	Carbamidomethyl	C	9
PSM812_2_3714	Carbamidomethyl	C	12
PSM812_2_3714	Carbamidomethyl	C	38
PSM812_2_3714	Carbamidomethyl	C	41
PSM812_2_37141	Carbamidomethyl	C	3
PSM812_2_37145	Carbamidomethyl	C	12
PSM812_2_37146	Carbamidomethyl	C	12
PSM812_2_3715	Carbamidomethyl	C	4
PSM812_2_3715	Carbamidomethyl	C	9
PSM812_2_3715	Carbamidomethyl	C	12
PSM812_2_3715	Carbamidomethyl	C	38
PSM812_2_3715	Carbamidomethyl	C	41
PSM812_2_3716	Carbamidomethyl	C	4
PSM812_2_3716	Carbamidomethyl	C	9
PSM812_2_3716	Carbamidomethyl	C	12
PSM812_2_3716	Carbamidomethyl	C	38
PSM812_2_3716	Carbamidomethyl	C	41
PSM812_2_3717	Carbamidomethyl	C	4
PSM812_2_3717	Carbamidomethyl	C	9
PSM812_2_3717	Carbamidomethyl	C	12
PSM812_2_3717	Carbamidomethyl	C	38
PSM812_2_3717	Carbamidomethyl	C	41
PSM812_2_37177	Carbamidomethyl	C	2
PSM812_2_3718	Carbamidomethyl	C	4
PSM812_2_3718	Carbamidomethyl	C	9
PSM812_2_3718	Carbamidomethyl	C	12
PSM812_2_3718	Carbamidomethyl	C	38
PSM812_2_3718	Carbamidomethyl	C	41
PSM812_2_37180	Carbamidomethyl	C	7
PSM812_2_37180	Carbamidomethyl	C	18
PSM812_2_37181	Carbamidomethyl	C	7
PSM812_2_37181	Carbamidomethyl	C	18
PSM812_2_3719	Carbamidomethyl	C	4
PSM812_2_3719	Carbamidomethyl	C	9
PSM812_2_3719	Carbamidomethyl	C	12
PSM812_2_3719	Carbamidomethyl	C	38
PSM812_2_3719	Carbamidomethyl	C	41
PSM812_2_37192	Carbamidomethyl	C	3
PSM812_2_37193	Carbamidomethyl	C	3
PSM812_2_3720	Carbamidomethyl	C	4
PSM812_2_3720	Carbamidomethyl	C	9
PSM812_2_3720	Carbamidomethyl	C	12
PSM812_2_3720	Carbamidomethyl	C	38
PSM812_2_3720	Carbamidomethyl	C	41
PSM812_2_37202	Carbamidomethyl	C	2
PSM812_2_37203	Carbamidomethyl	C	16
PSM812_2_37204	Carbamidomethyl	C	16
PSM812_2_37205	Carbamidomethyl	C	16
PSM812_2_37206	Carbamidomethyl	C	16
PSM812_2_37207	Carbamidomethyl	C	16
PSM812_2_37208	Carbamidomethyl	C	16
PSM812_2_3721	Carbamidomethyl	C	4
PSM812_2_3721	Carbamidomethyl	C	9
PSM812_2_3721	Carbamidomethyl	C	12
PSM812_2_3721	Carbamidomethyl	C	38
PSM812_2_3721	Carbamidomethyl	C	41
PSM812_2_37211	Carbamidomethyl	C	7
PSM812_2_37211	Carbamidomethyl	C	24
PSM812_2_37212	Carbamidomethyl	C	7
PSM812_2_37212	Carbamidomethyl	C	24
PSM812_2_37213	Carbamidomethyl	C	7
PSM812_2_37214	Carbamidomethyl	C	2
PSM812_2_37215	Carbamidomethyl	C	2
PSM812_2_3722	Carbamidomethyl	C	4
PSM812_2_3722	Carbamidomethyl	C	9
PSM812_2_3722	Carbamidomethyl	C	12
PSM812_2_3722	Carbamidomethyl	C	38
PSM812_2_3722	Carbamidomethyl	C	41
PSM812_2_3723	Carbamidomethyl	C	4
PSM812_2_3723	Carbamidomethyl	C	9
PSM812_2_3723	Carbamidomethyl	C	12
PSM812_2_3723	Carbamidomethyl	C	38
PSM812_2_3723	Carbamidomethyl	C	41
PSM812_2_37233	Carbamidomethyl	C	6
PSM812_2_37234	Carbamidomethyl	C	6
PSM812_2_3724	Carbamidomethyl	C	4
PSM812_2_3724	Carbamidomethyl	C	9
PSM812_2_3724	Carbamidomethyl	C	12
PSM812_2_3724	Carbamidomethyl	C	38
PSM812_2_3724	Carbamidomethyl	C	41
PSM812_2_37249	Carbamidomethyl	C	17
PSM812_2_3725	Carbamidomethyl	C	4
PSM812_2_3725	Carbamidomethyl	C	9
PSM812_2_3725	Carbamidomethyl	C	12
PSM812_2_3725	Carbamidomethyl	C	38
PSM812_2_3725	Carbamidomethyl	C	41
PSM812_2_3726	Carbamidomethyl	C	4
PSM812_2_3726	Carbamidomethyl	C	9
PSM812_2_3726	Carbamidomethyl	C	12
PSM812_2_3726	Carbamidomethyl	C	38
PSM812_2_3726	Carbamidomethyl	C	41
PSM812_2_37265	Oxidation	M	20
PSM812_2_3727	Carbamidomethyl	C	4
PSM812_2_3727	Carbamidomethyl	C	9
PSM812_2_3727	Carbamidomethyl	C	12
PSM812_2_3727	Carbamidomethyl	C	38
PSM812_2_3727	Carbamidomethyl	C	41
PSM812_2_3728	Carbamidomethyl	C	4
PSM812_2_3728	Carbamidomethyl	C	9
PSM812_2_3728	Carbamidomethyl	C	12
PSM812_2_3728	Carbamidomethyl	C	38
PSM812_2_3728	Carbamidomethyl	C	41
PSM812_2_37280	Carbamidomethyl	C	8
PSM812_2_37281	Carbamidomethyl	C	8
PSM812_2_37282	Carbamidomethyl	C	8
PSM812_2_37283	Carbamidomethyl	C	8
PSM812_2_37284	Carbamidomethyl	C	8
PSM812_2_3729	Carbamidomethyl	C	4
PSM812_2_3729	Carbamidomethyl	C	9
PSM812_2_3729	Carbamidomethyl	C	12
PSM812_2_3729	Carbamidomethyl	C	38
PSM812_2_3729	Carbamidomethyl	C	41
PSM812_2_3730	Carbamidomethyl	C	4
PSM812_2_37302	Carbamidomethyl	C	13
PSM812_2_37303	Carbamidomethyl	C	13
PSM812_2_37308	Carbamidomethyl	C	1
PSM812_2_37309	Carbamidomethyl	C	1
PSM812_2_3731	Carbamidomethyl	C	4
PSM812_2_37319	Carbamidomethyl	C	7
PSM812_2_37325	Carbamidomethyl	C	8
PSM812_2_37325	Carbamidomethyl	C	12
PSM812_2_37326	Carbamidomethyl	C	8
PSM812_2_37326	Carbamidomethyl	C	12
PSM812_2_37327	Carbamidomethyl	C	8
PSM812_2_37327	Carbamidomethyl	C	12
PSM812_2_37328	Carbamidomethyl	C	8
PSM812_2_37328	Carbamidomethyl	C	12
PSM812_2_37329	Carbamidomethyl	C	14
PSM812_2_37369	Carbamidomethyl	C	2
PSM812_2_37370	Carbamidomethyl	C	2
PSM812_2_37371	Carbamidomethyl	C	2
PSM812_2_37372	Carbamidomethyl	C	2
PSM812_2_37387	Carbamidomethyl	C	1
PSM812_2_37388	Carbamidomethyl	C	1
PSM812_2_37389	Carbamidomethyl	C	10
PSM812_2_37390	Carbamidomethyl	C	10
PSM812_2_37408	Carbamidomethyl	C	16
PSM812_2_37409	Carbamidomethyl	C	16
PSM812_2_37421	Carbamidomethyl	C	3
PSM812_2_37425	Carbamidomethyl	C	2
PSM812_2_37426	Carbamidomethyl	C	2
PSM812_2_37427	Carbamidomethyl	C	2
PSM812_2_37437	Carbamidomethyl	C	22
PSM812_2_37438	Carbamidomethyl	C	22
PSM812_2_37472	Carbamidomethyl	C	17
PSM812_2_37473	Carbamidomethyl	C	17
PSM812_2_37474	Carbamidomethyl	C	17
PSM812_2_37475	Carbamidomethyl	C	17
PSM812_2_37483	Carbamidomethyl	C	11
PSM812_2_37484	Carbamidomethyl	C	11
PSM812_2_37485	Carbamidomethyl	C	11
PSM812_2_37512	Carbamidomethyl	C	6
PSM812_2_37513	Carbamidomethyl	C	6
PSM812_2_37514	Carbamidomethyl	C	6
PSM812_2_37515	Carbamidomethyl	C	6
PSM812_2_37516	Carbamidomethyl	C	6
PSM812_2_37517	Carbamidomethyl	C	2
PSM812_2_37518	Carbamidomethyl	C	2
PSM812_2_37519	Carbamidomethyl	C	2
PSM812_2_37523	Carbamidomethyl	C	5
PSM812_2_37524	Carbamidomethyl	C	5
PSM812_2_37530	Carbamidomethyl	C	5
PSM812_2_37531	Carbamidomethyl	C	5
PSM812_2_37532	Carbamidomethyl	C	5
PSM812_2_37533	Carbamidomethyl	C	5
PSM812_2_37534	Carbamidomethyl	C	5
PSM812_2_37535	Carbamidomethyl	C	5
PSM812_2_37536	Carbamidomethyl	C	5
PSM812_2_37537	Carbamidomethyl	C	5
PSM812_2_37545	Carbamidomethyl	C	4
PSM812_2_37549	Carbamidomethyl	C	9
PSM812_2_37552	Carbamidomethyl	C	2
PSM812_2_37552	Carbamidomethyl	C	12
PSM812_2_37553	Carbamidomethyl	C	12
PSM812_2_37554	Carbamidomethyl	C	12
PSM812_2_37555	Carbamidomethyl	C	15
PSM812_2_37564	Carbamidomethyl	C	11
PSM812_2_37565	Carbamidomethyl	C	11
PSM812_2_37566	Carbamidomethyl	C	11
PSM812_2_37574	Carbamidomethyl	C	6
PSM812_2_37575	Carbamidomethyl	C	9
PSM812_2_37587	Carbamidomethyl	C	20
PSM812_2_37601	Carbamidomethyl	C	2
PSM812_2_37602	Carbamidomethyl	C	2
PSM812_2_37603	Carbamidomethyl	C	2
PSM812_2_37604	Carbamidomethyl	C	2
PSM812_2_37605	Carbamidomethyl	C	2
PSM812_2_37607	Carbamidomethyl	C	4
PSM812_2_37607	Carbamidomethyl	C	8
PSM812_2_37611	Carbamidomethyl	C	6
PSM812_2_37612	Carbamidomethyl	C	6
PSM812_2_37613	Carbamidomethyl	C	2
PSM812_2_37614	Carbamidomethyl	C	2
PSM812_2_37615	Carbamidomethyl	C	2
PSM812_2_37616	Carbamidomethyl	C	2
PSM812_2_37620	Carbamidomethyl	C	5
PSM812_2_37621	Carbamidomethyl	C	5
PSM812_2_37627	Carbamidomethyl	C	12
PSM812_2_37627	Carbamidomethyl	C	14
PSM812_2_37635	Carbamidomethyl	C	2
PSM812_2_37636	Carbamidomethyl	C	2
PSM812_2_37667	Carbamidomethyl	C	2
PSM812_2_37667	Carbamidomethyl	C	6
PSM812_2_37668	Carbamidomethyl	C	2
PSM812_2_37668	Carbamidomethyl	C	6
PSM812_2_37669	Carbamidomethyl	C	6
PSM812_2_37725	Carbamidomethyl	C	9
PSM812_2_37726	Carbamidomethyl	C	9
PSM812_2_37751	Carbamidomethyl	C	9
PSM812_2_37751	Carbamidomethyl	C	10
PSM812_2_37752	Carbamidomethyl	C	9
PSM812_2_37752	Carbamidomethyl	C	10
PSM812_2_37753	Carbamidomethyl	C	9
PSM812_2_37753	Carbamidomethyl	C	10
PSM812_2_37772	Carbamidomethyl	C	9
PSM812_2_37773	Carbamidomethyl	C	11
PSM812_2_37785	Carbamidomethyl	C	7
PSM812_2_37787	Ammonia-loss	N-term	
PSM812_2_37787	Carbamidomethyl	C	1
PSM812_2_37789	Gln->pyro-Glu	N-term	
PSM812_2_37792	Gln->pyro-Glu	N-term	
PSM812_2_37793	Gln->pyro-Glu	N-term	
PSM812_2_37794	Gln->pyro-Glu	N-term	
PSM812_2_37801	Gln->pyro-Glu	N-term	
PSM812_2_37802	Gln->pyro-Glu	N-term	
PSM812_2_37803	Gln->pyro-Glu	N-term	
PSM812_2_37804	Gln->pyro-Glu	N-term	
PSM812_2_37805	Gln->pyro-Glu	N-term	
PSM812_2_37806	Gln->pyro-Glu	N-term	
PSM812_2_37807	Gln->pyro-Glu	N-term	
PSM812_2_37808	Gln->pyro-Glu	N-term	
PSM812_2_37809	Acetyl	N-term	
PSM812_2_37810	Acetyl	N-term	
PSM812_2_37812	Gln->pyro-Glu	N-term	
PSM812_2_37813	Acetyl	N-term	
PSM812_2_37814	Acetyl	N-term	
PSM812_2_37815	Acetyl	N-term	
PSM812_2_37816	Acetyl	N-term	
PSM812_2_37817	Acetyl	N-term	
PSM812_2_37818	Gln->pyro-Glu	N-term	
PSM812_2_37819	Gln->pyro-Glu	N-term	
PSM812_2_37820	Gln->pyro-Glu	N-term	
PSM812_2_37821	Gln->pyro-Glu	N-term	
PSM812_2_37822	Gln->pyro-Glu	N-term	
PSM812_2_37823	Acetyl	N-term	
PSM812_2_37824	Gln->pyro-Glu	N-term	
PSM812_2_37825	Ammonia-loss	N-term	
PSM812_2_37825	Carbamidomethyl	C	1
PSM812_2_37825	Carbamidomethyl	C	4
PSM812_2_37826	Acetyl	N-term	
PSM812_2_37827	Acetyl	N-term	
PSM812_2_37831	Gln->pyro-Glu	N-term	
PSM812_2_37831	Carbamidomethyl	C	7
PSM812_2_37832	Acetyl	N-term	
PSM812_2_37833	Acetyl	N-term	
PSM812_2_37834	Acetyl	N-term	
PSM812_2_37835	Acetyl	N-term	
PSM812_2_37836	Acetyl	N-term	
PSM812_2_37838	Oxidation	M	9
PSM812_2_37838	Carbamidomethyl	C	24
PSM812_2_37839	Gln->pyro-Glu	N-term	
PSM812_2_37840	Gln->pyro-Glu	N-term	
PSM812_2_37841	Gln->pyro-Glu	N-term	
PSM812_2_37844	Carbamidomethyl	C	4
PSM812_2_37845	Carbamidomethyl	C	4
PSM812_2_37846	Ammonia-loss	N-term	
PSM812_2_37846	Carbamidomethyl	C	1
PSM812_2_37847	Ammonia-loss	N-term	
PSM812_2_37847	Carbamidomethyl	C	1
PSM812_2_37853	Acetyl	N-term	
PSM812_2_37854	Ammonia-loss	N-term	
PSM812_2_37854	Carbamidomethyl	C	1
PSM812_2_37854	Carbamidomethyl	C	6
PSM812_2_37855	Ammonia-loss	N-term	
PSM812_2_37855	Carbamidomethyl	C	1
PSM812_2_37855	Carbamidomethyl	C	6
PSM812_2_37856	Acetyl	N-term	
PSM812_2_37856	Carbamidomethyl	C	21
PSM812_2_37857	Gln->pyro-Glu	N-term	
PSM812_2_37858	Gln->pyro-Glu	N-term	
PSM812_2_37859	Ammonia-loss	N-term	
PSM812_2_37859	Carbamidomethyl	C	1
PSM812_2_37861	Acetyl	N-term	
PSM812_2_37862	Acetyl	N-term	
PSM812_2_37863	Acetyl	N-term	
PSM812_2_37864	Acetyl	N-term	
PSM812_2_37865	Acetyl	N-term	
PSM812_2_37868	Ammonia-loss	N-term	
PSM812_2_37868	Carbamidomethyl	C	1
PSM812_2_37868	Carbamidomethyl	C	19
PSM812_2_37869	Ammonia-loss	N-term	
PSM812_2_37869	Carbamidomethyl	C	1
PSM812_2_37869	Carbamidomethyl	C	19
PSM812_2_3787	Acetyl	N-term	
PSM812_2_37870	Carbamidomethyl	C	11
PSM812_2_37871	Carbamidomethyl	C	11
PSM812_2_37872	Gln->pyro-Glu	N-term	
PSM812_2_37873	Gln->pyro-Glu	N-term	
PSM812_2_37877	Acetyl	N-term	
PSM812_2_37877	Carbamidomethyl	C	7
PSM812_2_37878	Acetyl	N-term	
PSM812_2_37878	Carbamidomethyl	C	7
PSM812_2_37879	Acetyl	N-term	
PSM812_2_37879	Carbamidomethyl	C	7
PSM812_2_3788	Acetyl	N-term	
PSM812_2_37880	Acetyl	N-term	
PSM812_2_37881	Acetyl	N-term	
PSM812_2_37882	Acetyl	N-term	
PSM812_2_37883	Acetyl	N-term	
PSM812_2_37884	Acetyl	N-term	
PSM812_2_37885	Acetyl	N-term	
PSM812_2_37886	Acetyl	N-term	
PSM812_2_37887	Gln->pyro-Glu	N-term	
PSM812_2_37888	Ammonia-loss	N-term	
PSM812_2_37888	Carbamidomethyl	C	1
PSM812_2_37888	Carbamidomethyl	C	4
PSM812_2_37888	Carbamidomethyl	C	15
PSM812_2_37889	Ammonia-loss	N-term	
PSM812_2_37889	Carbamidomethyl	C	1
PSM812_2_37889	Carbamidomethyl	C	4
PSM812_2_37889	Carbamidomethyl	C	15
PSM812_2_3789	Acetyl	N-term	
PSM812_2_37899	Carbamidomethyl	C	4
PSM812_2_37899	Carbamidomethyl	C	15
PSM812_2_3790	Acetyl	N-term	
PSM812_2_37903	Carbamidomethyl	C	8
PSM812_2_37907	Carbamidomethyl	C	2
PSM812_2_37914	Carbamidomethyl	C	18
PSM812_2_37915	Carbamidomethyl	C	18
PSM812_2_37926	Carbamidomethyl	C	19
PSM812_2_37927	Carbamidomethyl	C	10
PSM812_2_37928	Carbamidomethyl	C	2
PSM812_2_37928	Carbamidomethyl	C	13
PSM812_2_37929	Carbamidomethyl	C	2
PSM812_2_37929	Carbamidomethyl	C	13
PSM812_2_37930	Carbamidomethyl	C	15
PSM812_2_37931	Carbamidomethyl	C	15
PSM812_2_37932	Carbamidomethyl	C	15
PSM812_2_37933	Carbamidomethyl	C	15
PSM812_2_37934	Carbamidomethyl	C	15
PSM812_2_37940	Carbamidomethyl	C	9
PSM812_2_37941	Carbamidomethyl	C	9
PSM812_2_37942	Carbamidomethyl	C	9
PSM812_2_37943	Carbamidomethyl	C	9
PSM812_2_37964	Carbamidomethyl	C	11
PSM812_2_37967	Carbamidomethyl	C	9
PSM812_2_37968	Carbamidomethyl	C	9
PSM812_2_37969	Carbamidomethyl	C	1
PSM812_2_37969	Carbamidomethyl	C	14
PSM812_2_37970	Carbamidomethyl	C	8
PSM812_2_37970	Carbamidomethyl	C	9
PSM812_2_37971	Carbamidomethyl	C	8
PSM812_2_37971	Carbamidomethyl	C	9
PSM812_2_37972	Carbamidomethyl	C	8
PSM812_2_37972	Carbamidomethyl	C	9
PSM812_2_37987	Carbamidomethyl	C	4
PSM812_2_37987	Carbamidomethyl	C	15
PSM812_2_37988	Carbamidomethyl	C	4
PSM812_2_37988	Carbamidomethyl	C	15
PSM812_2_38002	Carbamidomethyl	C	6
PSM812_2_38003	Carbamidomethyl	C	6
PSM812_2_38006	Carbamidomethyl	C	29
PSM812_2_38007	Carbamidomethyl	C	4
PSM812_2_38008	Carbamidomethyl	C	4
PSM812_2_38009	Carbamidomethyl	C	4
PSM812_2_38010	Carbamidomethyl	C	4
PSM812_2_38011	Carbamidomethyl	C	11
PSM812_2_38027	Carbamidomethyl	C	14
PSM812_2_38039	Carbamidomethyl	C	13
PSM812_2_38041	Carbamidomethyl	C	16
PSM812_2_38042	Carbamidomethyl	C	16
PSM812_2_38044	Carbamidomethyl	C	29
PSM812_2_38045	Carbamidomethyl	C	29
PSM812_2_38046	Carbamidomethyl	C	29
PSM812_2_38050	Carbamidomethyl	C	23
PSM812_2_38051	Carbamidomethyl	C	23
PSM812_2_38052	Carbamidomethyl	C	23
PSM812_2_38079	Carbamidomethyl	C	23
PSM812_2_38080	Carbamidomethyl	C	23
PSM812_2_38081	Carbamidomethyl	C	23
PSM812_2_38082	Carbamidomethyl	C	23
PSM812_2_38083	Carbamidomethyl	C	23
PSM812_2_38084	Carbamidomethyl	C	23
PSM812_2_38085	Carbamidomethyl	C	23
PSM812_2_38086	Carbamidomethyl	C	23
PSM812_2_38087	Carbamidomethyl	C	23
PSM812_2_38097	Carbamidomethyl	C	7
PSM812_2_38098	Carbamidomethyl	C	7
PSM812_2_38099	Carbamidomethyl	C	7
PSM812_2_38100	Carbamidomethyl	C	2
PSM812_2_38101	Carbamidomethyl	C	2
PSM812_2_38114	Carbamidomethyl	C	6
PSM812_2_38114	Carbamidomethyl	C	12
PSM812_2_38115	Carbamidomethyl	C	6
PSM812_2_38115	Carbamidomethyl	C	12
PSM812_2_38116	Carbamidomethyl	C	6
PSM812_2_38116	Carbamidomethyl	C	12
PSM812_2_38121	Carbamidomethyl	C	6
PSM812_2_38121	Carbamidomethyl	C	25
PSM812_2_38122	Carbamidomethyl	C	6
PSM812_2_38122	Carbamidomethyl	C	25
PSM812_2_38140	Carbamidomethyl	C	5
PSM812_2_38141	Carbamidomethyl	C	5
PSM812_2_3816	Carbamidomethyl	C	23
PSM812_2_38164	Carbamidomethyl	C	14
PSM812_2_38164	Carbamidomethyl	C	17
PSM812_2_38165	Carbamidomethyl	C	14
PSM812_2_38165	Carbamidomethyl	C	17
PSM812_2_38166	Carbamidomethyl	C	14
PSM812_2_38166	Carbamidomethyl	C	17
PSM812_2_38167	Carbamidomethyl	C	14
PSM812_2_38167	Carbamidomethyl	C	17
PSM812_2_38168	Carbamidomethyl	C	13
PSM812_2_38169	Carbamidomethyl	C	13
PSM812_2_3817	Carbamidomethyl	C	23
PSM812_2_38170	Carbamidomethyl	C	13
PSM812_2_38175	Carbamidomethyl	C	6
PSM812_2_38176	Carbamidomethyl	C	6
PSM812_2_38177	Carbamidomethyl	C	6
PSM812_2_38178	Carbamidomethyl	C	6
PSM812_2_38179	Carbamidomethyl	C	6
PSM812_2_3818	Carbamidomethyl	C	23
PSM812_2_38182	Carbamidomethyl	C	3
PSM812_2_38182	Carbamidomethyl	C	11
PSM812_2_38183	Carbamidomethyl	C	3
PSM812_2_38183	Carbamidomethyl	C	11
PSM812_2_3819	Carbamidomethyl	C	23
PSM812_2_38199	Ammonia-loss	N-term	
PSM812_2_38199	Carbamidomethyl	C	1
PSM812_2_38199	Carbamidomethyl	C	13
PSM812_2_3820	Carbamidomethyl	C	23
PSM812_2_38200	Ammonia-loss	N-term	
PSM812_2_38200	Carbamidomethyl	C	1
PSM812_2_38200	Carbamidomethyl	C	13
PSM812_2_38201	Gln->pyro-Glu	N-term	
PSM812_2_38206	Gln->pyro-Glu	N-term	
PSM812_2_38206	Carbamidomethyl	C	7
PSM812_2_38207	Gln->pyro-Glu	N-term	
PSM812_2_38207	Carbamidomethyl	C	7
PSM812_2_38208	Gln->pyro-Glu	N-term	
PSM812_2_38208	Carbamidomethyl	C	7
PSM812_2_38209	Gln->pyro-Glu	N-term	
PSM812_2_38209	Carbamidomethyl	C	10
PSM812_2_3821	Carbamidomethyl	C	23
PSM812_2_38210	Gln->pyro-Glu	N-term	
PSM812_2_38210	Carbamidomethyl	C	10
PSM812_2_38211	Gln->pyro-Glu	N-term	
PSM812_2_38211	Carbamidomethyl	C	10
PSM812_2_38212	Gln->pyro-Glu	N-term	
PSM812_2_38213	Gln->pyro-Glu	N-term	
PSM812_2_38214	Gln->pyro-Glu	N-term	
PSM812_2_38215	Gln->pyro-Glu	N-term	
PSM812_2_3822	Carbamidomethyl	C	23
PSM812_2_38221	Ammonia-loss	N-term	
PSM812_2_38221	Carbamidomethyl	C	1
PSM812_2_38222	Ammonia-loss	N-term	
PSM812_2_38222	Carbamidomethyl	C	1
PSM812_2_38223	Ammonia-loss	N-term	
PSM812_2_38223	Carbamidomethyl	C	1
PSM812_2_38224	Ammonia-loss	N-term	
PSM812_2_38224	Carbamidomethyl	C	1
PSM812_2_38225	Ammonia-loss	N-term	
PSM812_2_38225	Carbamidomethyl	C	1
PSM812_2_38226	Ammonia-loss	N-term	
PSM812_2_38226	Carbamidomethyl	C	1
PSM812_2_38227	Ammonia-loss	N-term	
PSM812_2_38227	Carbamidomethyl	C	1
PSM812_2_38228	Ammonia-loss	N-term	
PSM812_2_38228	Carbamidomethyl	C	1
PSM812_2_38229	Ammonia-loss	N-term	
PSM812_2_38229	Carbamidomethyl	C	1
PSM812_2_3823	Carbamidomethyl	C	23
PSM812_2_38230	Ammonia-loss	N-term	
PSM812_2_38230	Carbamidomethyl	C	1
PSM812_2_38231	Ammonia-loss	N-term	
PSM812_2_38231	Carbamidomethyl	C	1
PSM812_2_38232	Ammonia-loss	N-term	
PSM812_2_38232	Carbamidomethyl	C	1
PSM812_2_38233	Ammonia-loss	N-term	
PSM812_2_38233	Carbamidomethyl	C	1
PSM812_2_38234	Ammonia-loss	N-term	
PSM812_2_38234	Carbamidomethyl	C	1
PSM812_2_38235	Ammonia-loss	N-term	
PSM812_2_38235	Carbamidomethyl	C	1
PSM812_2_38236	Ammonia-loss	N-term	
PSM812_2_38236	Carbamidomethyl	C	1
PSM812_2_38237	Ammonia-loss	N-term	
PSM812_2_38237	Carbamidomethyl	C	1
PSM812_2_38238	Ammonia-loss	N-term	
PSM812_2_38238	Carbamidomethyl	C	1
PSM812_2_38239	Gln->pyro-Glu	N-term	
PSM812_2_3824	Carbamidomethyl	C	10
PSM812_2_38240	Gln->pyro-Glu	N-term	
PSM812_2_38241	Gln->pyro-Glu	N-term	
PSM812_2_38242	Gln->pyro-Glu	N-term	
PSM812_2_38243	Gln->pyro-Glu	N-term	
PSM812_2_38244	Carbamidomethyl	C	7
PSM812_2_38245	Gln->pyro-Glu	N-term	
PSM812_2_38245	Carbamidomethyl	C	13
PSM812_2_38246	Gln->pyro-Glu	N-term	
PSM812_2_38246	Carbamidomethyl	C	13
PSM812_2_38247	Gln->pyro-Glu	N-term	
PSM812_2_38247	Carbamidomethyl	C	13
PSM812_2_38248	Gln->pyro-Glu	N-term	
PSM812_2_38248	Carbamidomethyl	C	13
PSM812_2_38249	Gln->pyro-Glu	N-term	
PSM812_2_38249	Carbamidomethyl	C	13
PSM812_2_3825	Carbamidomethyl	C	23
PSM812_2_38255	Carbamidomethyl	C	5
PSM812_2_38256	Carbamidomethyl	C	5
PSM812_2_38257	Carbamidomethyl	C	5
PSM812_2_38258	Acetyl	N-term	
PSM812_2_38259	Acetyl	N-term	
PSM812_2_3826	Carbamidomethyl	C	23
PSM812_2_38260	Acetyl	N-term	
PSM812_2_38261	Carbamidomethyl	C	25
PSM812_2_38262	Carbamidomethyl	C	25
PSM812_2_38263	Carbamidomethyl	C	25
PSM812_2_38267	Acetyl	N-term	
PSM812_2_38268	Acetyl	N-term	
PSM812_2_38269	Acetyl	N-term	
PSM812_2_3827	Carbamidomethyl	C	23
PSM812_2_38270	Ammonia-loss	N-term	
PSM812_2_38270	Carbamidomethyl	C	1
PSM812_2_38271	Ammonia-loss	N-term	
PSM812_2_38271	Carbamidomethyl	C	1
PSM812_2_38272	Ammonia-loss	N-term	
PSM812_2_38272	Carbamidomethyl	C	1
PSM812_2_38273	Ammonia-loss	N-term	
PSM812_2_38273	Carbamidomethyl	C	1
PSM812_2_38274	Ammonia-loss	N-term	
PSM812_2_38274	Carbamidomethyl	C	1
PSM812_2_38275	Ammonia-loss	N-term	
PSM812_2_38275	Carbamidomethyl	C	1
PSM812_2_38276	Ammonia-loss	N-term	
PSM812_2_38276	Carbamidomethyl	C	1
PSM812_2_38277	Ammonia-loss	N-term	
PSM812_2_38277	Carbamidomethyl	C	1
PSM812_2_38278	Ammonia-loss	N-term	
PSM812_2_38278	Carbamidomethyl	C	1
PSM812_2_38279	Ammonia-loss	N-term	
PSM812_2_38279	Carbamidomethyl	C	1
PSM812_2_3828	Carbamidomethyl	C	23
PSM812_2_38280	Ammonia-loss	N-term	
PSM812_2_38280	Carbamidomethyl	C	1
PSM812_2_38281	Ammonia-loss	N-term	
PSM812_2_38281	Carbamidomethyl	C	1
PSM812_2_38282	Ammonia-loss	N-term	
PSM812_2_38282	Carbamidomethyl	C	1
PSM812_2_38283	Ammonia-loss	N-term	
PSM812_2_38283	Carbamidomethyl	C	1
PSM812_2_38284	Ammonia-loss	N-term	
PSM812_2_38284	Carbamidomethyl	C	1
PSM812_2_38285	Carbamidomethyl	C	15
PSM812_2_38286	Carbamidomethyl	C	15
PSM812_2_38287	Acetyl	N-term	
PSM812_2_38288	Acetyl	N-term	
PSM812_2_38289	Acetyl	N-term	
PSM812_2_3829	Carbamidomethyl	C	23
PSM812_2_38290	Carbamidomethyl	C	6
PSM812_2_38291	Gln->pyro-Glu	N-term	
PSM812_2_38292	Gln->pyro-Glu	N-term	
PSM812_2_38298	Acetyl	N-term	
PSM812_2_38299	Acetyl	N-term	
PSM812_2_38303	Acetyl	N-term	
PSM812_2_38304	Acetyl	N-term	
PSM812_2_38311	Oxidation	M	19
PSM812_2_38311	Oxidation	M	26
PSM812_2_38324	Carbamidomethyl	C	4
PSM812_2_38325	Carbamidomethyl	C	4
PSM812_2_38332	Carbamidomethyl	C	5
PSM812_2_38333	Carbamidomethyl	C	5
PSM812_2_38334	Carbamidomethyl	C	5
PSM812_2_38335	Carbamidomethyl	C	5
PSM812_2_38336	Carbamidomethyl	C	5
PSM812_2_38342	Carbamidomethyl	C	4
PSM812_2_38343	Carbamidomethyl	C	4
PSM812_2_38355	Carbamidomethyl	C	15
PSM812_2_38355	Carbamidomethyl	C	20
PSM812_2_38356	Carbamidomethyl	C	15
PSM812_2_38356	Carbamidomethyl	C	20
PSM812_2_38360	Carbamidomethyl	C	5
PSM812_2_38361	Carbamidomethyl	C	5
PSM812_2_38362	Carbamidomethyl	C	5
PSM812_2_38368	Carbamidomethyl	C	28
PSM812_2_38369	Carbamidomethyl	C	28
PSM812_2_38370	Carbamidomethyl	C	1
PSM812_2_38371	Carbamidomethyl	C	1
PSM812_2_38373	Carbamidomethyl	C	31
PSM812_2_38374	Carbamidomethyl	C	31
PSM812_2_38375	Carbamidomethyl	C	31
PSM812_2_38379	Gln->pyro-Glu	N-term	
PSM812_2_38380	Gln->pyro-Glu	N-term	
PSM812_2_38381	Gln->pyro-Glu	N-term	
PSM812_2_38382	Gln->pyro-Glu	N-term	
PSM812_2_38383	Gln->pyro-Glu	N-term	
PSM812_2_38384	Carbamidomethyl	C	1
PSM812_2_38385	Carbamidomethyl	C	1
PSM812_2_38386	Gln->pyro-Glu	N-term	
PSM812_2_38387	Gln->pyro-Glu	N-term	
PSM812_2_38388	Gln->pyro-Glu	N-term	
PSM812_2_38389	Gln->pyro-Glu	N-term	
PSM812_2_3839	Carbamidomethyl	C	22
PSM812_2_38390	Gln->pyro-Glu	N-term	
PSM812_2_38391	Gln->pyro-Glu	N-term	
PSM812_2_38392	Gln->pyro-Glu	N-term	
PSM812_2_38393	Gln->pyro-Glu	N-term	
PSM812_2_38394	Gln->pyro-Glu	N-term	
PSM812_2_38395	Gln->pyro-Glu	N-term	
PSM812_2_38396	Gln->pyro-Glu	N-term	
PSM812_2_38397	Acetyl	N-term	
PSM812_2_38398	Acetyl	N-term	
PSM812_2_3840	Carbamidomethyl	C	22
PSM812_2_38400	Gln->pyro-Glu	N-term	
PSM812_2_38401	Gln->pyro-Glu	N-term	
PSM812_2_38402	Gln->pyro-Glu	N-term	
PSM812_2_38403	Glu->pyro-Glu	N-term	
PSM812_2_38403	Oxidation	M	37
PSM812_2_38404	Gln->pyro-Glu	N-term	
PSM812_2_38405	Gln->pyro-Glu	N-term	
PSM812_2_38407	Acetyl	N-term	
PSM812_2_38407	Carbamidomethyl	C	18
PSM812_2_38408	Acetyl	N-term	
PSM812_2_38408	Carbamidomethyl	C	18
PSM812_2_3841	Carbamidomethyl	C	22
PSM812_2_3842	Carbamidomethyl	C	22
PSM812_2_38429	Carbamidomethyl	C	4
PSM812_2_3843	Carbamidomethyl	C	22
PSM812_2_38431	Carbamidomethyl	C	6
PSM812_2_3844	Carbamidomethyl	C	22
PSM812_2_38440	Carbamidomethyl	C	9
PSM812_2_38441	Carbamidomethyl	C	2
PSM812_2_38441	Carbamidomethyl	C	11
PSM812_2_38442	Carbamidomethyl	C	2
PSM812_2_38442	Carbamidomethyl	C	11
PSM812_2_38448	Carbamidomethyl	C	3
PSM812_2_38448	Carbamidomethyl	C	4
PSM812_2_38448	Carbamidomethyl	C	7
PSM812_2_38449	Carbamidomethyl	C	3
PSM812_2_38449	Carbamidomethyl	C	4
PSM812_2_38449	Carbamidomethyl	C	7
PSM812_2_3845	Carbamidomethyl	C	22
PSM812_2_38453	Carbamidomethyl	C	13
PSM812_2_3846	Carbamidomethyl	C	22
PSM812_2_38462	Carbamidomethyl	C	3
PSM812_2_38468	Carbamidomethyl	C	1
PSM812_2_3847	Carbamidomethyl	C	22
PSM812_2_38479	Carbamidomethyl	C	8
PSM812_2_3848	Carbamidomethyl	C	22
PSM812_2_38480	Carbamidomethyl	C	8
PSM812_2_38486	Carbamidomethyl	C	2
PSM812_2_38489	Carbamidomethyl	C	2
PSM812_2_3849	Carbamidomethyl	C	22
PSM812_2_38490	Carbamidomethyl	C	2
PSM812_2_38491	Carbamidomethyl	C	2
PSM812_2_38492	Carbamidomethyl	C	2
PSM812_2_3850	Carbamidomethyl	C	22
PSM812_2_38500	Carbamidomethyl	C	2
PSM812_2_38500	Carbamidomethyl	C	6
PSM812_2_38500	Carbamidomethyl	C	9
PSM812_2_38503	Carbamidomethyl	C	11
PSM812_2_38504	Carbamidomethyl	C	3
PSM812_2_38505	Carbamidomethyl	C	3
PSM812_2_38507	Carbamidomethyl	C	8
PSM812_2_38508	Carbamidomethyl	C	8
PSM812_2_38509	Carbamidomethyl	C	8
PSM812_2_38510	Carbamidomethyl	C	8
PSM812_2_38511	Carbamidomethyl	C	8
PSM812_2_38512	Carbamidomethyl	C	8
PSM812_2_38545	Carbamidomethyl	C	6
PSM812_2_38545	Carbamidomethyl	C	8
PSM812_2_38566	Carbamidomethyl	C	8
PSM812_2_38572	Carbamidomethyl	C	5
PSM812_2_38573	Carbamidomethyl	C	5
PSM812_2_38574	Carbamidomethyl	C	10
PSM812_2_38583	Carbamidomethyl	C	11
PSM812_2_38584	Carbamidomethyl	C	11
PSM812_2_38585	Carbamidomethyl	C	11
PSM812_2_38597	Carbamidomethyl	C	10
PSM812_2_38598	Carbamidomethyl	C	10
PSM812_2_38599	Carbamidomethyl	C	10
PSM812_2_38604	Carbamidomethyl	C	6
PSM812_2_38605	Carbamidomethyl	C	6
PSM812_2_38606	Carbamidomethyl	C	6
PSM812_2_38624	Carbamidomethyl	C	2
PSM812_2_38625	Carbamidomethyl	C	5
PSM812_2_38639	Carbamidomethyl	C	5
PSM812_2_3864	Carbamidomethyl	C	19
PSM812_2_38640	Carbamidomethyl	C	5
PSM812_2_38641	Carbamidomethyl	C	5
PSM812_2_38643	Carbamidomethyl	C	3
PSM812_2_3865	Carbamidomethyl	C	19
PSM812_2_38656	Carbamidomethyl	C	2
PSM812_2_38657	Carbamidomethyl	C	2
PSM812_2_38658	Carbamidomethyl	C	2
PSM812_2_3866	Carbamidomethyl	C	5
PSM812_2_3867	Carbamidomethyl	C	5
PSM812_2_38678	Carbamidomethyl	C	7
PSM812_2_3868	Carbamidomethyl	C	5
PSM812_2_3869	Carbamidomethyl	C	4
PSM812_2_3870	Carbamidomethyl	C	4
PSM812_2_38708	Carbamidomethyl	C	2
PSM812_2_38709	Carbamidomethyl	C	2
PSM812_2_3871	Carbamidomethyl	C	4
PSM812_2_38710	Carbamidomethyl	C	2
PSM812_2_38711	Carbamidomethyl	C	2
PSM812_2_38712	Carbamidomethyl	C	2
PSM812_2_38713	Carbamidomethyl	C	2
PSM812_2_38714	Carbamidomethyl	C	2
PSM812_2_38715	Carbamidomethyl	C	2
PSM812_2_38716	Carbamidomethyl	C	2
PSM812_2_38717	Carbamidomethyl	C	2
PSM812_2_38718	Carbamidomethyl	C	2
PSM812_2_38719	Carbamidomethyl	C	2
PSM812_2_3872	Carbamidomethyl	C	4
PSM812_2_38720	Carbamidomethyl	C	2
PSM812_2_38721	Carbamidomethyl	C	2
PSM812_2_38722	Carbamidomethyl	C	2
PSM812_2_38723	Carbamidomethyl	C	2
PSM812_2_38724	Carbamidomethyl	C	2
PSM812_2_38734	Carbamidomethyl	C	2
PSM812_2_38735	Carbamidomethyl	C	11
PSM812_2_38736	Carbamidomethyl	C	11
PSM812_2_38745	Carbamidomethyl	C	3
PSM812_2_38749	Carbamidomethyl	C	5
PSM812_2_38753	Carbamidomethyl	C	6
PSM812_2_38755	Carbamidomethyl	C	5
PSM812_2_38755	Carbamidomethyl	C	14
PSM812_2_38758	Oxidation	M	12
PSM812_2_38758	Carbamidomethyl	C	15
PSM812_2_38759	Gln->pyro-Glu	N-term	
PSM812_2_38760	Gln->pyro-Glu	N-term	
PSM812_2_38761	Gln->pyro-Glu	N-term	
PSM812_2_38762	Gln->pyro-Glu	N-term	
PSM812_2_38763	Gln->pyro-Glu	N-term	
PSM812_2_38764	Gln->pyro-Glu	N-term	
PSM812_2_38764	Carbamidomethyl	C	10
PSM812_2_38765	Gln->pyro-Glu	N-term	
PSM812_2_38765	Carbamidomethyl	C	10
PSM812_2_38766	Ammonia-loss	N-term	
PSM812_2_38766	Carbamidomethyl	C	1
PSM812_2_38767	Acetyl	N-term	
PSM812_2_38769	Carbamidomethyl	C	5
PSM812_2_38769	Carbamidomethyl	C	8
PSM812_2_38773	Acetyl	N-term	
PSM812_2_38773	Carbamidomethyl	C	12
PSM812_2_38774	Acetyl	N-term	
PSM812_2_38778	Carbamidomethyl	C	9
PSM812_2_38789	Carbamidomethyl	C	9
PSM812_2_38790	Carbamidomethyl	C	9
PSM812_2_38791	Carbamidomethyl	C	9
PSM812_2_38798	Carbamidomethyl	C	9
PSM812_2_38799	Carbamidomethyl	C	9
PSM812_2_38800	Carbamidomethyl	C	9
PSM812_2_38833	Carbamidomethyl	C	9
PSM812_2_38834	Carbamidomethyl	C	9
PSM812_2_38835	Carbamidomethyl	C	9
PSM812_2_38836	Carbamidomethyl	C	9
PSM812_2_38837	Carbamidomethyl	C	9
PSM812_2_38838	Carbamidomethyl	C	9
PSM812_2_38839	Carbamidomethyl	C	22
PSM812_2_38841	Carbamidomethyl	C	3
PSM812_2_3886	Carbamidomethyl	C	4
PSM812_2_38876	Carbamidomethyl	C	2
PSM812_2_38900	Carbamidomethyl	C	7
PSM812_2_38904	Carbamidomethyl	C	7
PSM812_2_38904	Carbamidomethyl	C	10
PSM812_2_38905	Carbamidomethyl	C	7
PSM812_2_38905	Carbamidomethyl	C	10
PSM812_2_38906	Carbamidomethyl	C	7
PSM812_2_38907	Carbamidomethyl	C	7
PSM812_2_38908	Carbamidomethyl	C	7
PSM812_2_38910	Carbamidomethyl	C	5
PSM812_2_38911	Carbamidomethyl	C	5
PSM812_2_38912	Carbamidomethyl	C	5
PSM812_2_38913	Carbamidomethyl	C	8
PSM812_2_38917	Carbamidomethyl	C	8
PSM812_2_38918	Carbamidomethyl	C	8
PSM812_2_38921	Carbamidomethyl	C	3
PSM812_2_38921	Carbamidomethyl	C	12
PSM812_2_38924	Carbamidomethyl	C	2
PSM812_2_38925	Carbamidomethyl	C	2
PSM812_2_38926	Carbamidomethyl	C	2
PSM812_2_38942	Carbamidomethyl	C	3
PSM812_2_38943	Carbamidomethyl	C	3
PSM812_2_38944	Carbamidomethyl	C	3
PSM812_2_38945	Carbamidomethyl	C	3
PSM812_2_38946	Carbamidomethyl	C	8
PSM812_2_38947	Carbamidomethyl	C	8
PSM812_2_38948	Carbamidomethyl	C	3
PSM812_2_38949	Carbamidomethyl	C	3
PSM812_2_38950	Carbamidomethyl	C	3
PSM812_2_38987	Carbamidomethyl	C	5
PSM812_2_390	Carbamidomethyl	C	7
PSM812_2_390	Carbamidomethyl	C	18
PSM812_2_39000	Oxidation	M	2
PSM812_2_39011	Carbamidomethyl	C	2
PSM812_2_39014	Carbamidomethyl	C	3
PSM812_2_39014	Carbamidomethyl	C	10
PSM812_2_39015	Carbamidomethyl	C	3
PSM812_2_39015	Carbamidomethyl	C	10
PSM812_2_39016	Carbamidomethyl	C	3
PSM812_2_39016	Carbamidomethyl	C	10
PSM812_2_39034	Carbamidomethyl	C	6
PSM812_2_39034	Carbamidomethyl	C	14
PSM812_2_39035	Carbamidomethyl	C	6
PSM812_2_39035	Carbamidomethyl	C	14
PSM812_2_39036	Carbamidomethyl	C	6
PSM812_2_39036	Carbamidomethyl	C	14
PSM812_2_39038	Carbamidomethyl	C	8
PSM812_2_39055	Oxidation	M	1
PSM812_2_39060	Oxidation	M	1
PSM812_2_39061	Oxidation	M	1
PSM812_2_39062	Oxidation	M	1
PSM812_2_39063	Oxidation	M	1
PSM812_2_39070	Carbamidomethyl	C	7
PSM812_2_39081	Carbamidomethyl	C	8
PSM812_2_39094	Carbamidomethyl	C	4
PSM812_2_39095	Carbamidomethyl	C	4
PSM812_2_39099	Carbamidomethyl	C	7
PSM812_2_391	Carbamidomethyl	C	7
PSM812_2_391	Carbamidomethyl	C	18
PSM812_2_39112	Carbamidomethyl	C	3
PSM812_2_39113	Carbamidomethyl	C	3
PSM812_2_39115	Carbamidomethyl	C	7
PSM812_2_39116	Carbamidomethyl	C	7
PSM812_2_39117	Carbamidomethyl	C	12
PSM812_2_39118	Carbamidomethyl	C	8
PSM812_2_39118	Carbamidomethyl	C	13
PSM812_2_39121	Carbamidomethyl	C	12
PSM812_2_39131	Carbamidomethyl	C	2
PSM812_2_39131	Carbamidomethyl	C	10
PSM812_2_39153	Carbamidomethyl	C	4
PSM812_2_39162	Carbamidomethyl	C	1
PSM812_2_39171	Carbamidomethyl	C	13
PSM812_2_39191	Carbamidomethyl	C	10
PSM812_2_39192	Carbamidomethyl	C	10
PSM812_2_39197	Carbamidomethyl	C	12
PSM812_2_39198	Carbamidomethyl	C	9
PSM812_2_39198	Carbamidomethyl	C	13
PSM812_2_39199	Carbamidomethyl	C	9
PSM812_2_39199	Carbamidomethyl	C	13
PSM812_2_392	Carbamidomethyl	C	7
PSM812_2_392	Carbamidomethyl	C	18
PSM812_2_39204	Carbamidomethyl	C	5
PSM812_2_39213	Carbamidomethyl	C	10
PSM812_2_39214	Carbamidomethyl	C	9
PSM812_2_39218	Carbamidomethyl	C	2
PSM812_2_39222	Carbamidomethyl	C	4
PSM812_2_39247	Carbamidomethyl	C	18
PSM812_2_39256	Carbamidomethyl	C	5
PSM812_2_39256	Carbamidomethyl	C	8
PSM812_2_39260	Carbamidomethyl	C	8
PSM812_2_39261	Carbamidomethyl	C	8
PSM812_2_39280	Carbamidomethyl	C	7
PSM812_2_393	Carbamidomethyl	C	7
PSM812_2_393	Carbamidomethyl	C	18
PSM812_2_39301	Carbamidomethyl	C	5
PSM812_2_39302	Carbamidomethyl	C	5
PSM812_2_39303	Carbamidomethyl	C	5
PSM812_2_39304	Carbamidomethyl	C	5
PSM812_2_39324	Carbamidomethyl	C	3
PSM812_2_39324	Carbamidomethyl	C	6
PSM812_2_39325	Carbamidomethyl	C	3
PSM812_2_39325	Carbamidomethyl	C	6
PSM812_2_39330	Carbamidomethyl	C	4
PSM812_2_39332	Carbamidomethyl	C	5
PSM812_2_39333	Carbamidomethyl	C	5
PSM812_2_39334	Carbamidomethyl	C	5
PSM812_2_39335	Carbamidomethyl	C	5
PSM812_2_39346	Carbamidomethyl	C	7
PSM812_2_39346	Carbamidomethyl	C	10
PSM812_2_39347	Carbamidomethyl	C	7
PSM812_2_39347	Carbamidomethyl	C	10
PSM812_2_39350	Carbamidomethyl	C	3
PSM812_2_39351	Carbamidomethyl	C	12
PSM812_2_39371	Carbamidomethyl	C	7
PSM812_2_394	Carbamidomethyl	C	7
PSM812_2_394	Carbamidomethyl	C	18
PSM812_2_39411	Carbamidomethyl	C	3
PSM812_2_39412	Carbamidomethyl	C	3
PSM812_2_39413	Carbamidomethyl	C	3
PSM812_2_39414	Carbamidomethyl	C	3
PSM812_2_39415	Carbamidomethyl	C	3
PSM812_2_39418	Carbamidomethyl	C	2
PSM812_2_39419	Carbamidomethyl	C	2
PSM812_2_39420	Carbamidomethyl	C	7
PSM812_2_39421	Carbamidomethyl	C	7
PSM812_2_39422	Carbamidomethyl	C	7
PSM812_2_39423	Carbamidomethyl	C	7
PSM812_2_39424	Carbamidomethyl	C	2
PSM812_2_39424	Carbamidomethyl	C	10
PSM812_2_39425	Carbamidomethyl	C	2
PSM812_2_39425	Carbamidomethyl	C	10
PSM812_2_39430	Carbamidomethyl	C	3
PSM812_2_39431	Carbamidomethyl	C	3
PSM812_2_39448	Carbamidomethyl	C	2
PSM812_2_39449	Carbamidomethyl	C	2
PSM812_2_39453	Carbamidomethyl	C	5
PSM812_2_39454	Carbamidomethyl	C	5
PSM812_2_39455	Carbamidomethyl	C	10
PSM812_2_39456	Carbamidomethyl	C	4
PSM812_2_39456	Carbamidomethyl	C	7
PSM812_2_39456	Carbamidomethyl	C	11
PSM812_2_39457	Carbamidomethyl	C	4
PSM812_2_39457	Carbamidomethyl	C	7
PSM812_2_39457	Carbamidomethyl	C	11
PSM812_2_39460	Carbamidomethyl	C	4
PSM812_2_39466	Carbamidomethyl	C	3
PSM812_2_39467	Carbamidomethyl	C	3
PSM812_2_39468	Carbamidomethyl	C	3
PSM812_2_39469	Carbamidomethyl	C	3
PSM812_2_3947	Carbamidomethyl	C	28
PSM812_2_39470	Carbamidomethyl	C	3
PSM812_2_39471	Carbamidomethyl	C	6
PSM812_2_39472	Carbamidomethyl	C	6
PSM812_2_3948	Carbamidomethyl	C	28
PSM812_2_39484	Carbamidomethyl	C	13
PSM812_2_3949	Carbamidomethyl	C	28
PSM812_2_39495	Carbamidomethyl	C	10
PSM812_2_39496	Carbamidomethyl	C	10
PSM812_2_395	Carbamidomethyl	C	7
PSM812_2_395	Carbamidomethyl	C	18
PSM812_2_3950	Carbamidomethyl	C	28
PSM812_2_39507	Carbamidomethyl	C	10
PSM812_2_39509	Carbamidomethyl	C	10
PSM812_2_39509	Carbamidomethyl	C	11
PSM812_2_3951	Carbamidomethyl	C	28
PSM812_2_39510	Carbamidomethyl	C	10
PSM812_2_39510	Carbamidomethyl	C	11
PSM812_2_39511	Carbamidomethyl	C	10
PSM812_2_39511	Carbamidomethyl	C	11
PSM812_2_39512	Carbamidomethyl	C	10
PSM812_2_39512	Carbamidomethyl	C	11
PSM812_2_39517	Carbamidomethyl	C	7
PSM812_2_3952	Carbamidomethyl	C	28
PSM812_2_39524	Carbamidomethyl	C	1
PSM812_2_39525	Carbamidomethyl	C	1
PSM812_2_39526	Carbamidomethyl	C	1
PSM812_2_39539	Carbamidomethyl	C	6
PSM812_2_39546	Carbamidomethyl	C	4
PSM812_2_39546	Carbamidomethyl	C	11
PSM812_2_39547	Carbamidomethyl	C	4
PSM812_2_39547	Carbamidomethyl	C	11
PSM812_2_39548	Carbamidomethyl	C	4
PSM812_2_39548	Carbamidomethyl	C	11
PSM812_2_39549	Carbamidomethyl	C	2
PSM812_2_39549	Carbamidomethyl	C	6
PSM812_2_39550	Carbamidomethyl	C	2
PSM812_2_39550	Carbamidomethyl	C	6
PSM812_2_39551	Carbamidomethyl	C	2
PSM812_2_39551	Carbamidomethyl	C	6
PSM812_2_39552	Carbamidomethyl	C	2
PSM812_2_39552	Carbamidomethyl	C	6
PSM812_2_39553	Carbamidomethyl	C	2
PSM812_2_39553	Carbamidomethyl	C	6
PSM812_2_39554	Carbamidomethyl	C	2
PSM812_2_39554	Carbamidomethyl	C	6
PSM812_2_39555	Carbamidomethyl	C	2
PSM812_2_39555	Carbamidomethyl	C	6
PSM812_2_39556	Carbamidomethyl	C	2
PSM812_2_39556	Carbamidomethyl	C	6
PSM812_2_39557	Carbamidomethyl	C	2
PSM812_2_39557	Carbamidomethyl	C	6
PSM812_2_39558	Carbamidomethyl	C	2
PSM812_2_39558	Carbamidomethyl	C	6
PSM812_2_39559	Carbamidomethyl	C	2
PSM812_2_39559	Carbamidomethyl	C	6
PSM812_2_39560	Carbamidomethyl	C	2
PSM812_2_39560	Carbamidomethyl	C	6
PSM812_2_39561	Carbamidomethyl	C	2
PSM812_2_39561	Carbamidomethyl	C	6
PSM812_2_39562	Carbamidomethyl	C	2
PSM812_2_39562	Carbamidomethyl	C	6
PSM812_2_39565	Carbamidomethyl	C	1
PSM812_2_39566	Carbamidomethyl	C	1
PSM812_2_39567	Carbamidomethyl	C	1
PSM812_2_39568	Carbamidomethyl	C	1
PSM812_2_39569	Carbamidomethyl	C	1
PSM812_2_3957	Carbamidomethyl	C	6
PSM812_2_39571	Carbamidomethyl	C	3
PSM812_2_39572	Carbamidomethyl	C	3
PSM812_2_39573	Carbamidomethyl	C	3
PSM812_2_39574	Carbamidomethyl	C	3
PSM812_2_39575	Carbamidomethyl	C	6
PSM812_2_39577	Carbamidomethyl	C	1
PSM812_2_3958	Carbamidomethyl	C	6
PSM812_2_39580	Carbamidomethyl	C	12
PSM812_2_39581	Carbamidomethyl	C	12
PSM812_2_3959	Carbamidomethyl	C	6
PSM812_2_39593	Carbamidomethyl	C	7
PSM812_2_39594	Carbamidomethyl	C	7
PSM812_2_39595	Carbamidomethyl	C	7
PSM812_2_39596	Carbamidomethyl	C	7
PSM812_2_39597	Carbamidomethyl	C	7
PSM812_2_39598	Carbamidomethyl	C	6
PSM812_2_396	Carbamidomethyl	C	7
PSM812_2_396	Carbamidomethyl	C	18
PSM812_2_3960	Carbamidomethyl	C	4
PSM812_2_39606	Carbamidomethyl	C	4
PSM812_2_39607	Carbamidomethyl	C	4
PSM812_2_39608	Carbamidomethyl	C	4
PSM812_2_39609	Carbamidomethyl	C	4
PSM812_2_3961	Carbamidomethyl	C	4
PSM812_2_39614	Carbamidomethyl	C	5
PSM812_2_3962	Carbamidomethyl	C	4
PSM812_2_39625	Carbamidomethyl	C	5
PSM812_2_39626	Carbamidomethyl	C	5
PSM812_2_39627	Carbamidomethyl	C	6
PSM812_2_39629	Carbamidomethyl	C	4
PSM812_2_3963	Carbamidomethyl	C	4
PSM812_2_39630	Carbamidomethyl	C	4
PSM812_2_39631	Carbamidomethyl	C	4
PSM812_2_39632	Carbamidomethyl	C	4
PSM812_2_39633	Carbamidomethyl	C	2
PSM812_2_39637	Carbamidomethyl	C	3
PSM812_2_39638	Carbamidomethyl	C	3
PSM812_2_39639	Carbamidomethyl	C	3
PSM812_2_3964	Carbamidomethyl	C	4
PSM812_2_39640	Carbamidomethyl	C	3
PSM812_2_39641	Carbamidomethyl	C	3
PSM812_2_39642	Carbamidomethyl	C	3
PSM812_2_39643	Carbamidomethyl	C	3
PSM812_2_39644	Carbamidomethyl	C	3
PSM812_2_39647	Carbamidomethyl	C	6
PSM812_2_39665	Carbamidomethyl	C	1
PSM812_2_39666	Carbamidomethyl	C	1
PSM812_2_39667	Carbamidomethyl	C	4
PSM812_2_39668	Carbamidomethyl	C	4
PSM812_2_39676	Carbamidomethyl	C	12
PSM812_2_39677	Carbamidomethyl	C	12
PSM812_2_39678	Carbamidomethyl	C	12
PSM812_2_3968	Carbamidomethyl	C	16
PSM812_2_39681	Carbamidomethyl	C	8
PSM812_2_39683	Carbamidomethyl	C	6
PSM812_2_39683	Carbamidomethyl	C	9
PSM812_2_397	Carbamidomethyl	C	7
PSM812_2_397	Carbamidomethyl	C	18
PSM812_2_39700	Carbamidomethyl	C	9
PSM812_2_39724	Oxidation	M	5
PSM812_2_39725	Oxidation	M	5
PSM812_2_39726	Oxidation	M	5
PSM812_2_39727	Oxidation	M	5
PSM812_2_39728	Oxidation	M	5
PSM812_2_39729	Oxidation	M	5
PSM812_2_39742	Carbamidomethyl	C	3
PSM812_2_39743	Carbamidomethyl	C	3
PSM812_2_39744	Carbamidomethyl	C	3
PSM812_2_39745	Carbamidomethyl	C	3
PSM812_2_39746	Carbamidomethyl	C	6
PSM812_2_39746	Carbamidomethyl	C	7
PSM812_2_39747	Carbamidomethyl	C	6
PSM812_2_39747	Carbamidomethyl	C	7
PSM812_2_39748	Carbamidomethyl	C	6
PSM812_2_39748	Carbamidomethyl	C	7
PSM812_2_39753	Carbamidomethyl	C	8
PSM812_2_39760	Carbamidomethyl	C	4
PSM812_2_39761	Carbamidomethyl	C	4
PSM812_2_39762	Carbamidomethyl	C	5
PSM812_2_39776	Carbamidomethyl	C	3
PSM812_2_39777	Carbamidomethyl	C	3
PSM812_2_39778	Carbamidomethyl	C	3
PSM812_2_39779	Carbamidomethyl	C	3
PSM812_2_39780	Carbamidomethyl	C	3
PSM812_2_39781	Carbamidomethyl	C	3
PSM812_2_39783	Carbamidomethyl	C	3
PSM812_2_39783	Carbamidomethyl	C	4
PSM812_2_39793	Carbamidomethyl	C	6
PSM812_2_398	Carbamidomethyl	C	7
PSM812_2_398	Carbamidomethyl	C	18
PSM812_2_39811	Carbamidomethyl	C	11
PSM812_2_39812	Carbamidomethyl	C	11
PSM812_2_39815	Carbamidomethyl	C	2
PSM812_2_39816	Carbamidomethyl	C	2
PSM812_2_39817	Carbamidomethyl	C	3
PSM812_2_39817	Carbamidomethyl	C	11
PSM812_2_39834	Carbamidomethyl	C	8
PSM812_2_39847	Carbamidomethyl	C	15
PSM812_2_39847	Oxidation	M	18
PSM812_2_39860	Carbamidomethyl	C	9
PSM812_2_39861	Carbamidomethyl	C	9
PSM812_2_39862	Carbamidomethyl	C	2
PSM812_2_39866	Carbamidomethyl	C	9
PSM812_2_39866	Carbamidomethyl	C	13
PSM812_2_39867	Carbamidomethyl	C	25
PSM812_2_39872	Carbamidomethyl	C	3
PSM812_2_39879	Carbamidomethyl	C	17
PSM812_2_39880	Carbamidomethyl	C	17
PSM812_2_39881	Carbamidomethyl	C	8
PSM812_2_39882	Carbamidomethyl	C	8
PSM812_2_39883	Carbamidomethyl	C	8
PSM812_2_39889	Carbamidomethyl	C	21
PSM812_2_399	Carbamidomethyl	C	7
PSM812_2_399	Carbamidomethyl	C	18
PSM812_2_39902	Ammonia-loss	N-term	
PSM812_2_39902	Carbamidomethyl	C	1
PSM812_2_39903	Ammonia-loss	N-term	
PSM812_2_39903	Carbamidomethyl	C	1
PSM812_2_39904	Ammonia-loss	N-term	
PSM812_2_39904	Carbamidomethyl	C	1
PSM812_2_39905	Gln->pyro-Glu	N-term	
PSM812_2_39906	Gln->pyro-Glu	N-term	
PSM812_2_39912	Gln->pyro-Glu	N-term	
PSM812_2_39913	Gln->pyro-Glu	N-term	
PSM812_2_39914	Gln->pyro-Glu	N-term	
PSM812_2_39915	Gln->pyro-Glu	N-term	
PSM812_2_39916	Gln->pyro-Glu	N-term	
PSM812_2_39917	Gln->pyro-Glu	N-term	
PSM812_2_39918	Gln->pyro-Glu	N-term	
PSM812_2_39919	Gln->pyro-Glu	N-term	
PSM812_2_39920	Gln->pyro-Glu	N-term	
PSM812_2_39921	Gln->pyro-Glu	N-term	
PSM812_2_39922	Gln->pyro-Glu	N-term	
PSM812_2_39923	Gln->pyro-Glu	N-term	
PSM812_2_39924	Gln->pyro-Glu	N-term	
PSM812_2_39926	Gln->pyro-Glu	N-term	
PSM812_2_39927	Gln->pyro-Glu	N-term	
PSM812_2_39933	Carbamidomethyl	C	12
PSM812_2_39934	Gln->pyro-Glu	N-term	
PSM812_2_39935	Gln->pyro-Glu	N-term	
PSM812_2_39936	Gln->pyro-Glu	N-term	
PSM812_2_39937	Gln->pyro-Glu	N-term	
PSM812_2_39941	Acetyl	N-term	
PSM812_2_39942	Acetyl	N-term	
PSM812_2_39952	Ammonia-loss	N-term	
PSM812_2_39952	Carbamidomethyl	C	1
PSM812_2_39952	Carbamidomethyl	C	2
PSM812_2_39959	Gln->pyro-Glu	N-term	
PSM812_2_39962	Acetyl	N-term	
PSM812_2_39963	Ammonia-loss	N-term	
PSM812_2_39963	Carbamidomethyl	C	1
PSM812_2_39964	Acetyl	N-term	
PSM812_2_39965	Ammonia-loss	N-term	
PSM812_2_39965	Carbamidomethyl	C	1
PSM812_2_39965	Carbamidomethyl	C	6
PSM812_2_39966	Carbamidomethyl	C	8
PSM812_2_39971	Acetyl	N-term	
PSM812_2_39971	Oxidation	M	6
PSM812_2_39972	Carbamidomethyl	C	8
PSM812_2_39973	Acetyl	N-term	
PSM812_2_39973	Carbamidomethyl	C	6
PSM812_2_39988	Carbamidomethyl	C	8
PSM812_2_400	Carbamidomethyl	C	7
PSM812_2_400	Carbamidomethyl	C	18
PSM812_2_40003	Carbamidomethyl	C	5
PSM812_2_40006	Carbamidomethyl	C	11
PSM812_2_40007	Carbamidomethyl	C	11
PSM812_2_40008	Carbamidomethyl	C	11
PSM812_2_40009	Carbamidomethyl	C	11
PSM812_2_40025	Carbamidomethyl	C	11
PSM812_2_40059	Carbamidomethyl	C	15
PSM812_2_40085	Carbamidomethyl	C	13
PSM812_2_401	Carbamidomethyl	C	7
PSM812_2_401	Carbamidomethyl	C	18
PSM812_2_4010	Carbamidomethyl	C	11
PSM812_2_4010	Carbamidomethyl	C	24
PSM812_2_40144	Carbamidomethyl	C	1
PSM812_2_40144	Carbamidomethyl	C	9
PSM812_2_40146	Carbamidomethyl	C	6
PSM812_2_40165	Carbamidomethyl	C	1
PSM812_2_40166	Carbamidomethyl	C	1
PSM812_2_40169	Carbamidomethyl	C	4
PSM812_2_40174	Carbamidomethyl	C	8
PSM812_2_40175	Carbamidomethyl	C	3
PSM812_2_40176	Carbamidomethyl	C	3
PSM812_2_40177	Carbamidomethyl	C	6
PSM812_2_4018	Carbamidomethyl	C	10
PSM812_2_4018	Carbamidomethyl	C	11
PSM812_2_40186	Carbamidomethyl	C	9
PSM812_2_40188	Carbamidomethyl	C	3
PSM812_2_40189	Carbamidomethyl	C	3
PSM812_2_4019	Carbamidomethyl	C	10
PSM812_2_4019	Carbamidomethyl	C	11
PSM812_2_40198	Carbamidomethyl	C	3
PSM812_2_40199	Carbamidomethyl	C	3
PSM812_2_402	Carbamidomethyl	C	7
PSM812_2_402	Carbamidomethyl	C	18
PSM812_2_40200	Carbamidomethyl	C	3
PSM812_2_40201	Carbamidomethyl	C	13
PSM812_2_40202	Carbamidomethyl	C	13
PSM812_2_40206	Carbamidomethyl	C	7
PSM812_2_40207	Carbamidomethyl	C	7
PSM812_2_40208	Carbamidomethyl	C	7
PSM812_2_40209	Carbamidomethyl	C	7
PSM812_2_40210	Carbamidomethyl	C	7
PSM812_2_40233	Carbamidomethyl	C	9
PSM812_2_40234	Carbamidomethyl	C	9
PSM812_2_40238	Carbamidomethyl	C	2
PSM812_2_40257	Carbamidomethyl	C	12
PSM812_2_40258	Carbamidomethyl	C	12
PSM812_2_40259	Carbamidomethyl	C	12
PSM812_2_40260	Carbamidomethyl	C	12
PSM812_2_40267	Carbamidomethyl	C	8
PSM812_2_40272	Carbamidomethyl	C	1
PSM812_2_40272	Carbamidomethyl	C	19
PSM812_2_40273	Carbamidomethyl	C	12
PSM812_2_40288	Carbamidomethyl	C	9
PSM812_2_40289	Carbamidomethyl	C	9
PSM812_2_403	Carbamidomethyl	C	7
PSM812_2_403	Carbamidomethyl	C	18
PSM812_2_40300	Carbamidomethyl	C	15
PSM812_2_40312	Carbamidomethyl	C	10
PSM812_2_40313	Carbamidomethyl	C	10
PSM812_2_40314	Carbamidomethyl	C	10
PSM812_2_40319	Carbamidomethyl	C	1
PSM812_2_40320	Carbamidomethyl	C	6
PSM812_2_40320	Carbamidomethyl	C	11
PSM812_2_40334	Carbamidomethyl	C	1
PSM812_2_40356	Carbamidomethyl	C	1
PSM812_2_40357	Carbamidomethyl	C	1
PSM812_2_40358	Carbamidomethyl	C	1
PSM812_2_4036	Carbamidomethyl	C	23
PSM812_2_40362	Carbamidomethyl	C	3
PSM812_2_40362	Carbamidomethyl	C	4
PSM812_2_40373	Carbamidomethyl	C	11
PSM812_2_40374	Carbamidomethyl	C	11
PSM812_2_40375	Carbamidomethyl	C	11
PSM812_2_40376	Carbamidomethyl	C	9
PSM812_2_40377	Carbamidomethyl	C	9
PSM812_2_40378	Carbamidomethyl	C	9
PSM812_2_40387	Carbamidomethyl	C	7
PSM812_2_40387	Carbamidomethyl	C	9
PSM812_2_40388	Carbamidomethyl	C	7
PSM812_2_40388	Carbamidomethyl	C	9
PSM812_2_40389	Carbamidomethyl	C	7
PSM812_2_40389	Carbamidomethyl	C	9
PSM812_2_40390	Carbamidomethyl	C	7
PSM812_2_40390	Carbamidomethyl	C	9
PSM812_2_40391	Carbamidomethyl	C	1
PSM812_2_40392	Carbamidomethyl	C	11
PSM812_2_40392	Carbamidomethyl	C	13
PSM812_2_40396	Carbamidomethyl	C	5
PSM812_2_40396	Carbamidomethyl	C	17
PSM812_2_40397	Carbamidomethyl	C	5
PSM812_2_40397	Carbamidomethyl	C	17
PSM812_2_404	Carbamidomethyl	C	7
PSM812_2_404	Carbamidomethyl	C	18
PSM812_2_40410	Carbamidomethyl	C	1
PSM812_2_40411	Carbamidomethyl	C	1
PSM812_2_4042	Gln->pyro-Glu	N-term	
PSM812_2_40424	Carbamidomethyl	C	9
PSM812_2_4043	Gln->pyro-Glu	N-term	
PSM812_2_40433	Carbamidomethyl	C	7
PSM812_2_40434	Carbamidomethyl	C	7
PSM812_2_4044	Gln->pyro-Glu	N-term	
PSM812_2_40443	Carbamidomethyl	C	5
PSM812_2_40444	Carbamidomethyl	C	3
PSM812_2_40445	Carbamidomethyl	C	3
PSM812_2_40446	Carbamidomethyl	C	3
PSM812_2_4045	Gln->pyro-Glu	N-term	
PSM812_2_40451	Oxidation	M	1
PSM812_2_40454	Carbamidomethyl	C	14
PSM812_2_40455	Carbamidomethyl	C	14
PSM812_2_40456	Carbamidomethyl	C	14
PSM812_2_40457	Carbamidomethyl	C	14
PSM812_2_40458	Carbamidomethyl	C	7
PSM812_2_4046	Gln->pyro-Glu	N-term	
PSM812_2_40463	Carbamidomethyl	C	10
PSM812_2_4047	Gln->pyro-Glu	N-term	
PSM812_2_40476	Carbamidomethyl	C	14
PSM812_2_40476	Carbamidomethyl	C	16
PSM812_2_40477	Carbamidomethyl	C	4
PSM812_2_4048	Carbamidomethyl	C	1
PSM812_2_40480	Carbamidomethyl	C	18
PSM812_2_40481	Carbamidomethyl	C	16
PSM812_2_40483	Carbamidomethyl	C	14
PSM812_2_40484	Carbamidomethyl	C	14
PSM812_2_4049	Carbamidomethyl	C	1
PSM812_2_405	Carbamidomethyl	C	7
PSM812_2_405	Carbamidomethyl	C	18
PSM812_2_4050	Carbamidomethyl	C	1
PSM812_2_40501	Carbamidomethyl	C	6
PSM812_2_40502	Carbamidomethyl	C	6
PSM812_2_40503	Carbamidomethyl	C	6
PSM812_2_40504	Carbamidomethyl	C	9
PSM812_2_40504	Carbamidomethyl	C	18
PSM812_2_40505	Carbamidomethyl	C	5
PSM812_2_40506	Carbamidomethyl	C	5
PSM812_2_40507	Carbamidomethyl	C	5
PSM812_2_40508	Carbamidomethyl	C	17
PSM812_2_4051	Acetyl	N-term	
PSM812_2_4051	Carbamidomethyl	C	25
PSM812_2_40510	Carbamidomethyl	C	2
PSM812_2_40511	Carbamidomethyl	C	2
PSM812_2_40512	Carbamidomethyl	C	2
PSM812_2_4052	Acetyl	N-term	
PSM812_2_4052	Carbamidomethyl	C	25
PSM812_2_40522	Carbamidomethyl	C	7
PSM812_2_40522	Carbamidomethyl	C	17
PSM812_2_4053	Acetyl	N-term	
PSM812_2_4053	Carbamidomethyl	C	25
PSM812_2_40533	Carbamidomethyl	C	2
PSM812_2_40538	Carbamidomethyl	C	5
PSM812_2_40538	Carbamidomethyl	C	23
PSM812_2_4054	Acetyl	N-term	
PSM812_2_4054	Carbamidomethyl	C	25
PSM812_2_40543	Carbamidomethyl	C	19
PSM812_2_40546	Carbamidomethyl	C	9
PSM812_2_40547	Carbamidomethyl	C	8
PSM812_2_40548	Carbamidomethyl	C	8
PSM812_2_40549	Carbamidomethyl	C	16
PSM812_2_40554	Carbamidomethyl	C	17
PSM812_2_40555	Carbamidomethyl	C	17
PSM812_2_40556	Carbamidomethyl	C	6
PSM812_2_40561	Carbamidomethyl	C	7
PSM812_2_40562	Carbamidomethyl	C	7
PSM812_2_40563	Carbamidomethyl	C	11
PSM812_2_40564	Carbamidomethyl	C	11
PSM812_2_40565	Carbamidomethyl	C	11
PSM812_2_40568	Carbamidomethyl	C	23
PSM812_2_40569	Carbamidomethyl	C	23
PSM812_2_40573	Carbamidomethyl	C	10
PSM812_2_40574	Carbamidomethyl	C	10
PSM812_2_40575	Carbamidomethyl	C	10
PSM812_2_40576	Carbamidomethyl	C	10
PSM812_2_40583	Carbamidomethyl	C	9
PSM812_2_40593	Carbamidomethyl	C	18
PSM812_2_40594	Carbamidomethyl	C	18
PSM812_2_40595	Carbamidomethyl	C	18
PSM812_2_40596	Carbamidomethyl	C	6
PSM812_2_40597	Carbamidomethyl	C	9
PSM812_2_40598	Carbamidomethyl	C	9
PSM812_2_40599	Carbamidomethyl	C	9
PSM812_2_406	Carbamidomethyl	C	7
PSM812_2_406	Carbamidomethyl	C	18
PSM812_2_40600	Carbamidomethyl	C	9
PSM812_2_40601	Carbamidomethyl	C	9
PSM812_2_40602	Carbamidomethyl	C	9
PSM812_2_40603	Carbamidomethyl	C	9
PSM812_2_40614	Carbamidomethyl	C	2
PSM812_2_40614	Carbamidomethyl	C	5
PSM812_2_40618	Carbamidomethyl	C	16
PSM812_2_40619	Carbamidomethyl	C	16
PSM812_2_40620	Carbamidomethyl	C	16
PSM812_2_40632	Carbamidomethyl	C	16
PSM812_2_40633	Carbamidomethyl	C	1
PSM812_2_40634	Carbamidomethyl	C	1
PSM812_2_4064	Carbamidomethyl	C	7
PSM812_2_4065	Carbamidomethyl	C	7
PSM812_2_40653	Carbamidomethyl	C	12
PSM812_2_40654	Carbamidomethyl	C	12
PSM812_2_4066	Carbamidomethyl	C	7
PSM812_2_4067	Carbamidomethyl	C	7
PSM812_2_40676	Carbamidomethyl	C	12
PSM812_2_40679	Carbamidomethyl	C	10
PSM812_2_4068	Carbamidomethyl	C	7
PSM812_2_40680	Carbamidomethyl	C	10
PSM812_2_4069	Carbamidomethyl	C	7
PSM812_2_407	Carbamidomethyl	C	7
PSM812_2_407	Carbamidomethyl	C	18
PSM812_2_40706	Carbamidomethyl	C	8
PSM812_2_40707	Carbamidomethyl	C	8
PSM812_2_40708	Carbamidomethyl	C	6
PSM812_2_40716	Carbamidomethyl	C	9
PSM812_2_40718	Carbamidomethyl	C	7
PSM812_2_40719	Carbamidomethyl	C	7
PSM812_2_40724	Carbamidomethyl	C	11
PSM812_2_40724	Carbamidomethyl	C	14
PSM812_2_40725	Carbamidomethyl	C	11
PSM812_2_40725	Carbamidomethyl	C	14
PSM812_2_40726	Carbamidomethyl	C	11
PSM812_2_40726	Carbamidomethyl	C	14
PSM812_2_40727	Carbamidomethyl	C	11
PSM812_2_40727	Carbamidomethyl	C	14
PSM812_2_40728	Carbamidomethyl	C	12
PSM812_2_40738	Carbamidomethyl	C	10
PSM812_2_40742	Carbamidomethyl	C	3
PSM812_2_40742	Carbamidomethyl	C	15
PSM812_2_40743	Carbamidomethyl	C	3
PSM812_2_40743	Carbamidomethyl	C	15
PSM812_2_40744	Carbamidomethyl	C	3
PSM812_2_40744	Carbamidomethyl	C	15
PSM812_2_40745	Carbamidomethyl	C	3
PSM812_2_40745	Carbamidomethyl	C	15
PSM812_2_40758	Carbamidomethyl	C	16
PSM812_2_40759	Carbamidomethyl	C	16
PSM812_2_40768	Carbamidomethyl	C	12
PSM812_2_40769	Carbamidomethyl	C	12
PSM812_2_40770	Carbamidomethyl	C	5
PSM812_2_40780	Carbamidomethyl	C	7
PSM812_2_40781	Carbamidomethyl	C	7
PSM812_2_40782	Carbamidomethyl	C	7
PSM812_2_408	Carbamidomethyl	C	7
PSM812_2_408	Carbamidomethyl	C	18
PSM812_2_40804	Carbamidomethyl	C	9
PSM812_2_40804	Carbamidomethyl	C	16
PSM812_2_40806	Carbamidomethyl	C	13
PSM812_2_40807	Carbamidomethyl	C	11
PSM812_2_40807	Carbamidomethyl	C	13
PSM812_2_40811	Carbamidomethyl	C	7
PSM812_2_40812	Carbamidomethyl	C	1
PSM812_2_40812	Carbamidomethyl	C	19
PSM812_2_40813	Carbamidomethyl	C	1
PSM812_2_40813	Carbamidomethyl	C	19
PSM812_2_40819	Carbamidomethyl	C	23
PSM812_2_40823	Carbamidomethyl	C	2
PSM812_2_40843	Carbamidomethyl	C	6
PSM812_2_40853	Carbamidomethyl	C	12
PSM812_2_40855	Carbamidomethyl	C	12
PSM812_2_40856	Carbamidomethyl	C	12
PSM812_2_40859	Carbamidomethyl	C	2
PSM812_2_40860	Carbamidomethyl	C	2
PSM812_2_40865	Carbamidomethyl	C	5
PSM812_2_40872	Carbamidomethyl	C	9
PSM812_2_40873	Carbamidomethyl	C	9
PSM812_2_40880	Carbamidomethyl	C	4
PSM812_2_40881	Carbamidomethyl	C	4
PSM812_2_40882	Carbamidomethyl	C	4
PSM812_2_40883	Carbamidomethyl	C	4
PSM812_2_40892	Carbamidomethyl	C	16
PSM812_2_40898	Carbamidomethyl	C	8
PSM812_2_40898	Carbamidomethyl	C	18
PSM812_2_40899	Carbamidomethyl	C	8
PSM812_2_40899	Carbamidomethyl	C	18
PSM812_2_40900	Carbamidomethyl	C	8
PSM812_2_40900	Carbamidomethyl	C	18
PSM812_2_40901	Carbamidomethyl	C	10
PSM812_2_40909	Oxidation	M	1
PSM812_2_40910	Carbamidomethyl	C	18
PSM812_2_40911	Carbamidomethyl	C	18
PSM812_2_40917	Carbamidomethyl	C	1
PSM812_2_40918	Carbamidomethyl	C	1
PSM812_2_4093	Carbamidomethyl	C	1
PSM812_2_4093	Carbamidomethyl	C	21
PSM812_2_4094	Carbamidomethyl	C	1
PSM812_2_4094	Carbamidomethyl	C	21
PSM812_2_4095	Carbamidomethyl	C	1
PSM812_2_4095	Carbamidomethyl	C	21
PSM812_2_40959	Carbamidomethyl	C	1
PSM812_2_4096	Carbamidomethyl	C	1
PSM812_2_4096	Carbamidomethyl	C	21
PSM812_2_40960	Carbamidomethyl	C	1
PSM812_2_40961	Carbamidomethyl	C	1
PSM812_2_40962	Carbamidomethyl	C	1
PSM812_2_40963	Carbamidomethyl	C	1
PSM812_2_4097	Carbamidomethyl	C	1
PSM812_2_4097	Carbamidomethyl	C	21
PSM812_2_40970	Carbamidomethyl	C	3
PSM812_2_40970	Carbamidomethyl	C	7
PSM812_2_40971	Carbamidomethyl	C	3
PSM812_2_40971	Carbamidomethyl	C	7
PSM812_2_40972	Carbamidomethyl	C	3
PSM812_2_40972	Carbamidomethyl	C	7
PSM812_2_40973	Carbamidomethyl	C	3
PSM812_2_40973	Carbamidomethyl	C	7
PSM812_2_40974	Carbamidomethyl	C	3
PSM812_2_40974	Carbamidomethyl	C	7
PSM812_2_40975	Carbamidomethyl	C	3
PSM812_2_40975	Carbamidomethyl	C	7
PSM812_2_40976	Carbamidomethyl	C	3
PSM812_2_40976	Carbamidomethyl	C	7
PSM812_2_40977	Carbamidomethyl	C	3
PSM812_2_40977	Carbamidomethyl	C	7
PSM812_2_4098	Carbamidomethyl	C	7
PSM812_2_4098	Carbamidomethyl	C	11
PSM812_2_40980	Carbamidomethyl	C	12
PSM812_2_40982	Carbamidomethyl	C	23
PSM812_2_40986	Carbamidomethyl	C	3
PSM812_2_4099	Carbamidomethyl	C	7
PSM812_2_4099	Carbamidomethyl	C	11
PSM812_2_40994	Carbamidomethyl	C	28
PSM812_2_40994	Carbamidomethyl	C	30
PSM812_2_4100	Carbamidomethyl	C	7
PSM812_2_4100	Carbamidomethyl	C	11
PSM812_2_41003	Carbamidomethyl	C	6
PSM812_2_41009	Carbamidomethyl	C	5
PSM812_2_4101	Carbamidomethyl	C	7
PSM812_2_4101	Carbamidomethyl	C	11
PSM812_2_41024	Carbamidomethyl	C	5
PSM812_2_41025	Carbamidomethyl	C	2
PSM812_2_41026	Carbamidomethyl	C	2
PSM812_2_41027	Carbamidomethyl	C	2
PSM812_2_41028	Carbamidomethyl	C	21
PSM812_2_41032	Carbamidomethyl	C	12
PSM812_2_41033	Carbamidomethyl	C	5
PSM812_2_41034	Carbamidomethyl	C	5
PSM812_2_41044	Carbamidomethyl	C	22
PSM812_2_41045	Carbamidomethyl	C	22
PSM812_2_41046	Carbamidomethyl	C	22
PSM812_2_41050	Carbamidomethyl	C	8
PSM812_2_41051	Carbamidomethyl	C	8
PSM812_2_41087	Carbamidomethyl	C	10
PSM812_2_41091	Carbamidomethyl	C	1
PSM812_2_41093	Gln->pyro-Glu	N-term	
PSM812_2_41094	Ammonia-loss	N-term	
PSM812_2_41094	Carbamidomethyl	C	1
PSM812_2_41094	Carbamidomethyl	C	2
PSM812_2_41095	Ammonia-loss	N-term	
PSM812_2_41095	Carbamidomethyl	C	1
PSM812_2_41095	Carbamidomethyl	C	2
PSM812_2_41096	Ammonia-loss	N-term	
PSM812_2_41096	Carbamidomethyl	C	1
PSM812_2_41096	Carbamidomethyl	C	2
PSM812_2_41097	Ammonia-loss	N-term	
PSM812_2_41097	Carbamidomethyl	C	1
PSM812_2_41097	Carbamidomethyl	C	2
PSM812_2_41098	Ammonia-loss	N-term	
PSM812_2_41098	Carbamidomethyl	C	1
PSM812_2_41098	Carbamidomethyl	C	2
PSM812_2_41099	Ammonia-loss	N-term	
PSM812_2_41099	Carbamidomethyl	C	1
PSM812_2_41099	Carbamidomethyl	C	2
PSM812_2_41100	Acetyl	N-term	
PSM812_2_41101	Acetyl	N-term	
PSM812_2_41102	Acetyl	N-term	
PSM812_2_41103	Ammonia-loss	N-term	
PSM812_2_41103	Carbamidomethyl	C	1
PSM812_2_41104	Ammonia-loss	N-term	
PSM812_2_41104	Carbamidomethyl	C	1
PSM812_2_41105	Ammonia-loss	N-term	
PSM812_2_41105	Carbamidomethyl	C	1
PSM812_2_41106	Ammonia-loss	N-term	
PSM812_2_41106	Carbamidomethyl	C	1
PSM812_2_41107	Ammonia-loss	N-term	
PSM812_2_41107	Carbamidomethyl	C	1
PSM812_2_41108	Ammonia-loss	N-term	
PSM812_2_41108	Carbamidomethyl	C	1
PSM812_2_41109	Gln->pyro-Glu	N-term	
PSM812_2_41112	Acetyl	N-term	
PSM812_2_41113	Acetyl	N-term	
PSM812_2_41114	Acetyl	N-term	
PSM812_2_41115	Acetyl	N-term	
PSM812_2_41116	Acetyl	N-term	
PSM812_2_41117	Acetyl	N-term	
PSM812_2_41118	Ammonia-loss	N-term	
PSM812_2_41118	Carbamidomethyl	C	1
PSM812_2_41118	Carbamidomethyl	C	5
PSM812_2_41119	Acetyl	N-term	
PSM812_2_41120	Ammonia-loss	N-term	
PSM812_2_41120	Carbamidomethyl	C	1
PSM812_2_41120	Carbamidomethyl	C	2
PSM812_2_41125	Ammonia-loss	N-term	
PSM812_2_41125	Carbamidomethyl	C	1
PSM812_2_41126	Ammonia-loss	N-term	
PSM812_2_41126	Carbamidomethyl	C	1
PSM812_2_41128	Acetyl	N-term	
PSM812_2_41129	Acetyl	N-term	
PSM812_2_41130	Acetyl	N-term	
PSM812_2_41131	Acetyl	N-term	
PSM812_2_41132	Gln->pyro-Glu	N-term	
PSM812_2_41133	Acetyl	N-term	
PSM812_2_41133	Carbamidomethyl	C	14
PSM812_2_41134	Acetyl	N-term	
PSM812_2_41134	Carbamidomethyl	C	14
PSM812_2_41137	Carbamidomethyl	C	10
PSM812_2_41137	Carbamidomethyl	C	17
PSM812_2_41138	Acetyl	N-term	
PSM812_2_41143	Gln->pyro-Glu	N-term	
PSM812_2_41144	Gln->pyro-Glu	N-term	
PSM812_2_41146	Gln->pyro-Glu	N-term	
PSM812_2_41146	Carbamidomethyl	C	5
PSM812_2_41149	Gln->pyro-Glu	N-term	
PSM812_2_41149	Carbamidomethyl	C	17
PSM812_2_41150	Gln->pyro-Glu	N-term	
PSM812_2_41150	Carbamidomethyl	C	17
PSM812_2_41151	Gln->pyro-Glu	N-term	
PSM812_2_41151	Carbamidomethyl	C	17
PSM812_2_41152	Gln->pyro-Glu	N-term	
PSM812_2_41152	Carbamidomethyl	C	17
PSM812_2_41153	Carbamidomethyl	C	3
PSM812_2_41153	Carbamidomethyl	C	4
PSM812_2_41154	Ammonia-loss	N-term	
PSM812_2_41154	Carbamidomethyl	C	1
PSM812_2_41154	Carbamidomethyl	C	20
PSM812_2_41154	Carbamidomethyl	C	21
PSM812_2_41155	Ammonia-loss	N-term	
PSM812_2_41155	Carbamidomethyl	C	1
PSM812_2_41155	Carbamidomethyl	C	20
PSM812_2_41155	Carbamidomethyl	C	21
PSM812_2_41161	Acetyl	N-term	
PSM812_2_41162	Acetyl	N-term	
PSM812_2_41163	Carbamidomethyl	C	15
PSM812_2_41164	Carbamidomethyl	C	15
PSM812_2_41165	Carbamidomethyl	C	15
PSM812_2_41170	Ammonia-loss	N-term	
PSM812_2_41170	Carbamidomethyl	C	1
PSM812_2_41175	Carbamidomethyl	C	12
PSM812_2_41176	Carbamidomethyl	C	12
PSM812_2_41177	Acetyl	N-term	
PSM812_2_41178	Acetyl	N-term	
PSM812_2_41179	Acetyl	N-term	
PSM812_2_41182	Ammonia-loss	N-term	
PSM812_2_41182	Carbamidomethyl	C	1
PSM812_2_41183	Glu->pyro-Glu	N-term	
PSM812_2_41184	Ammonia-loss	N-term	
PSM812_2_41184	Carbamidomethyl	C	1
PSM812_2_41185	Ammonia-loss	N-term	
PSM812_2_41185	Carbamidomethyl	C	1
PSM812_2_41186	Ammonia-loss	N-term	
PSM812_2_41186	Carbamidomethyl	C	1
PSM812_2_41187	Ammonia-loss	N-term	
PSM812_2_41187	Carbamidomethyl	C	1
PSM812_2_41188	Carbamidomethyl	C	2
PSM812_2_41189	Carbamidomethyl	C	2
PSM812_2_41190	Ammonia-loss	N-term	
PSM812_2_41190	Carbamidomethyl	C	1
PSM812_2_41191	Ammonia-loss	N-term	
PSM812_2_41191	Carbamidomethyl	C	1
PSM812_2_41192	Acetyl	N-term	
PSM812_2_41193	Gln->pyro-Glu	N-term	
PSM812_2_41197	Acetyl	N-term	
PSM812_2_41198	Acetyl	N-term	
PSM812_2_41199	Acetyl	N-term	
PSM812_2_41200	Gln->pyro-Glu	N-term	
PSM812_2_41201	Ammonia-loss	N-term	
PSM812_2_41201	Carbamidomethyl	C	1
PSM812_2_41202	Ammonia-loss	N-term	
PSM812_2_41202	Carbamidomethyl	C	1
PSM812_2_41206	Acetyl	N-term	
PSM812_2_41207	Acetyl	N-term	
PSM812_2_41208	Acetyl	N-term	
PSM812_2_41209	Acetyl	N-term	
PSM812_2_41210	Acetyl	N-term	
PSM812_2_41211	Acetyl	N-term	
PSM812_2_41215	Carbamidomethyl	C	2
PSM812_2_41224	Carbamidomethyl	C	19
PSM812_2_41225	Carbamidomethyl	C	19
PSM812_2_41244	Carbamidomethyl	C	5
PSM812_2_41245	Carbamidomethyl	C	5
PSM812_2_41251	Carbamidomethyl	C	3
PSM812_2_41252	Carbamidomethyl	C	15
PSM812_2_41253	Carbamidomethyl	C	15
PSM812_2_41270	Carbamidomethyl	C	9
PSM812_2_41271	Carbamidomethyl	C	9
PSM812_2_41272	Carbamidomethyl	C	9
PSM812_2_41273	Carbamidomethyl	C	9
PSM812_2_41274	Carbamidomethyl	C	22
PSM812_2_41275	Carbamidomethyl	C	22
PSM812_2_41276	Carbamidomethyl	C	22
PSM812_2_41277	Carbamidomethyl	C	22
PSM812_2_41278	Carbamidomethyl	C	9
PSM812_2_41278	Carbamidomethyl	C	26
PSM812_2_41279	Carbamidomethyl	C	9
PSM812_2_41279	Carbamidomethyl	C	26
PSM812_2_41303	Carbamidomethyl	C	1
PSM812_2_41304	Carbamidomethyl	C	1
PSM812_2_41308	Carbamidomethyl	C	8
PSM812_2_41309	Carbamidomethyl	C	8
PSM812_2_41320	Carbamidomethyl	C	14
PSM812_2_41321	Carbamidomethyl	C	14
PSM812_2_41329	Carbamidomethyl	C	8
PSM812_2_41330	Carbamidomethyl	C	8
PSM812_2_41340	Carbamidomethyl	C	26
PSM812_2_41363	Carbamidomethyl	C	2
PSM812_2_41364	Carbamidomethyl	C	2
PSM812_2_41370	Carbamidomethyl	C	13
PSM812_2_41371	Carbamidomethyl	C	13
PSM812_2_41381	Carbamidomethyl	C	18
PSM812_2_41381	Carbamidomethyl	C	35
PSM812_2_41386	Carbamidomethyl	C	12
PSM812_2_41387	Carbamidomethyl	C	12
PSM812_2_41388	Carbamidomethyl	C	12
PSM812_2_41394	Carbamidomethyl	C	2
PSM812_2_41395	Carbamidomethyl	C	13
PSM812_2_41395	Carbamidomethyl	C	25
PSM812_2_41396	Carbamidomethyl	C	13
PSM812_2_41396	Carbamidomethyl	C	25
PSM812_2_41397	Carbamidomethyl	C	13
PSM812_2_41397	Carbamidomethyl	C	25
PSM812_2_41400	Carbamidomethyl	C	14
PSM812_2_41408	Carbamidomethyl	C	13
PSM812_2_41409	Carbamidomethyl	C	13
PSM812_2_41410	Carbamidomethyl	C	13
PSM812_2_41411	Carbamidomethyl	C	13
PSM812_2_41412	Carbamidomethyl	C	13
PSM812_2_41413	Carbamidomethyl	C	13
PSM812_2_41414	Carbamidomethyl	C	13
PSM812_2_41415	Carbamidomethyl	C	13
PSM812_2_41416	Carbamidomethyl	C	13
PSM812_2_41417	Carbamidomethyl	C	13
PSM812_2_41418	Carbamidomethyl	C	27
PSM812_2_41437	Carbamidomethyl	C	20
PSM812_2_41438	Carbamidomethyl	C	20
PSM812_2_41439	Carbamidomethyl	C	20
PSM812_2_41440	Carbamidomethyl	C	20
PSM812_2_41441	Carbamidomethyl	C	20
PSM812_2_41442	Carbamidomethyl	C	20
PSM812_2_41449	Carbamidomethyl	C	3
PSM812_2_41449	Carbamidomethyl	C	21
PSM812_2_41450	Carbamidomethyl	C	3
PSM812_2_41450	Carbamidomethyl	C	21
PSM812_2_41461	Carbamidomethyl	C	2
PSM812_2_41462	Carbamidomethyl	C	2
PSM812_2_41468	Carbamidomethyl	C	6
PSM812_2_41468	Carbamidomethyl	C	12
PSM812_2_41468	Carbamidomethyl	C	33
PSM812_2_41469	Carbamidomethyl	C	6
PSM812_2_41469	Carbamidomethyl	C	12
PSM812_2_41469	Carbamidomethyl	C	33
PSM812_2_41470	Carbamidomethyl	C	6
PSM812_2_41470	Carbamidomethyl	C	12
PSM812_2_41470	Carbamidomethyl	C	33
PSM812_2_41471	Carbamidomethyl	C	6
PSM812_2_41471	Carbamidomethyl	C	12
PSM812_2_41471	Carbamidomethyl	C	33
PSM812_2_41472	Carbamidomethyl	C	6
PSM812_2_41472	Carbamidomethyl	C	12
PSM812_2_41472	Carbamidomethyl	C	33
PSM812_2_41473	Carbamidomethyl	C	6
PSM812_2_41473	Carbamidomethyl	C	12
PSM812_2_41473	Carbamidomethyl	C	33
PSM812_2_41474	Carbamidomethyl	C	19
PSM812_2_41475	Carbamidomethyl	C	19
PSM812_2_41476	Carbamidomethyl	C	19
PSM812_2_41477	Carbamidomethyl	C	19
PSM812_2_41489	Carbamidomethyl	C	21
PSM812_2_41492	Carbamidomethyl	C	1
PSM812_2_41493	Carbamidomethyl	C	1
PSM812_2_41494	Carbamidomethyl	C	1
PSM812_2_41495	Carbamidomethyl	C	3
PSM812_2_41496	Carbamidomethyl	C	3
PSM812_2_4150	Carbamidomethyl	C	20
PSM812_2_41502	Carbamidomethyl	C	25
PSM812_2_41503	Carbamidomethyl	C	25
PSM812_2_41504	Carbamidomethyl	C	25
PSM812_2_4151	Carbamidomethyl	C	20
PSM812_2_4152	Carbamidomethyl	C	20
PSM812_2_41520	Carbamidomethyl	C	15
PSM812_2_41521	Carbamidomethyl	C	15
PSM812_2_41522	Carbamidomethyl	C	15
PSM812_2_41523	Carbamidomethyl	C	15
PSM812_2_41525	Gln->pyro-Glu	N-term	
PSM812_2_41529	Ammonia-loss	N-term	
PSM812_2_41529	Carbamidomethyl	C	1
PSM812_2_41529	Carbamidomethyl	C	3
PSM812_2_41529	Carbamidomethyl	C	6
PSM812_2_4153	Carbamidomethyl	C	20
PSM812_2_41530	Ammonia-loss	N-term	
PSM812_2_41530	Carbamidomethyl	C	1
PSM812_2_41530	Carbamidomethyl	C	3
PSM812_2_41530	Carbamidomethyl	C	6
PSM812_2_41531	Ammonia-loss	N-term	
PSM812_2_41531	Carbamidomethyl	C	1
PSM812_2_41531	Carbamidomethyl	C	3
PSM812_2_41531	Carbamidomethyl	C	6
PSM812_2_41532	Gln->pyro-Glu	N-term	
PSM812_2_41532	Carbamidomethyl	C	24
PSM812_2_41533	Gln->pyro-Glu	N-term	
PSM812_2_41533	Carbamidomethyl	C	24
PSM812_2_41534	Gln->pyro-Glu	N-term	
PSM812_2_41535	Gln->pyro-Glu	N-term	
PSM812_2_41536	Gln->pyro-Glu	N-term	
PSM812_2_41537	Gln->pyro-Glu	N-term	
PSM812_2_41538	Gln->pyro-Glu	N-term	
PSM812_2_4154	Carbamidomethyl	C	20
PSM812_2_41542	Gln->pyro-Glu	N-term	
PSM812_2_41543	Gln->pyro-Glu	N-term	
PSM812_2_41544	Carbamidomethyl	C	10
PSM812_2_41547	Ammonia-loss	N-term	
PSM812_2_41547	Carbamidomethyl	C	1
PSM812_2_41548	Ammonia-loss	N-term	
PSM812_2_41548	Carbamidomethyl	C	1
PSM812_2_41549	Gln->pyro-Glu	N-term	
PSM812_2_4155	Carbamidomethyl	C	20
PSM812_2_41550	Gln->pyro-Glu	N-term	
PSM812_2_41551	Ammonia-loss	N-term	
PSM812_2_41551	Carbamidomethyl	C	1
PSM812_2_41552	Ammonia-loss	N-term	
PSM812_2_41552	Carbamidomethyl	C	1
PSM812_2_41553	Ammonia-loss	N-term	
PSM812_2_41553	Carbamidomethyl	C	1
PSM812_2_41558	Gln->pyro-Glu	N-term	
PSM812_2_41559	Gln->pyro-Glu	N-term	
PSM812_2_4156	Carbamidomethyl	C	20
PSM812_2_41566	Acetyl	N-term	
PSM812_2_41567	Acetyl	N-term	
PSM812_2_41568	Ammonia-loss	N-term	
PSM812_2_41568	Carbamidomethyl	C	1
PSM812_2_41568	Carbamidomethyl	C	16
PSM812_2_41569	Ammonia-loss	N-term	
PSM812_2_41569	Carbamidomethyl	C	1
PSM812_2_41569	Carbamidomethyl	C	16
PSM812_2_4157	Carbamidomethyl	C	20
PSM812_2_41570	Gln->pyro-Glu	N-term	
PSM812_2_41570	Carbamidomethyl	C	2
PSM812_2_41571	Gln->pyro-Glu	N-term	
PSM812_2_41571	Carbamidomethyl	C	2
PSM812_2_41573	Carbamidomethyl	C	20
PSM812_2_41574	Carbamidomethyl	C	20
PSM812_2_41575	Carbamidomethyl	C	19
PSM812_2_41576	Carbamidomethyl	C	19
PSM812_2_41577	Carbamidomethyl	C	13
PSM812_2_41578	Carbamidomethyl	C	13
PSM812_2_41579	Carbamidomethyl	C	9
PSM812_2_41580	Carbamidomethyl	C	9
PSM812_2_41581	Carbamidomethyl	C	1
PSM812_2_41582	Carbamidomethyl	C	1
PSM812_2_41583	Carbamidomethyl	C	4
PSM812_2_41584	Carbamidomethyl	C	4
PSM812_2_41585	Carbamidomethyl	C	4
PSM812_2_41604	Carbamidomethyl	C	4
PSM812_2_41615	Carbamidomethyl	C	2
PSM812_2_41615	Carbamidomethyl	C	11
PSM812_2_41615	Carbamidomethyl	C	12
PSM812_2_41625	Carbamidomethyl	C	17
PSM812_2_41626	Carbamidomethyl	C	17
PSM812_2_41627	Carbamidomethyl	C	17
PSM812_2_41628	Carbamidomethyl	C	17
PSM812_2_41629	Carbamidomethyl	C	17
PSM812_2_41639	Carbamidomethyl	C	7
PSM812_2_41640	Carbamidomethyl	C	13
PSM812_2_41641	Carbamidomethyl	C	10
PSM812_2_41642	Carbamidomethyl	C	10
PSM812_2_41654	Carbamidomethyl	C	11
PSM812_2_41655	Gln->pyro-Glu	N-term	
PSM812_2_41655	Carbamidomethyl	C	12
PSM812_2_41656	Gln->pyro-Glu	N-term	
PSM812_2_41656	Carbamidomethyl	C	12
PSM812_2_41659	Acetyl	N-term	
PSM812_2_41660	Acetyl	N-term	
PSM812_2_41661	Acetyl	N-term	
PSM812_2_41662	Gln->pyro-Glu	N-term	
PSM812_2_41663	Acetyl	N-term	
PSM812_2_41664	Acetyl	N-term	
PSM812_2_41668	Ammonia-loss	N-term	
PSM812_2_41668	Carbamidomethyl	C	1
PSM812_2_41669	Gln->pyro-Glu	N-term	
PSM812_2_41670	Gln->pyro-Glu	N-term	
PSM812_2_41671	Acetyl	N-term	
PSM812_2_41672	Acetyl	N-term	
PSM812_2_41679	Carbamidomethyl	C	2
PSM812_2_41683	Carbamidomethyl	C	3
PSM812_2_41686	Carbamidomethyl	C	2
PSM812_2_41687	Oxidation	M	1
PSM812_2_41700	Carbamidomethyl	C	2
PSM812_2_41700	Carbamidomethyl	C	4
PSM812_2_41701	Carbamidomethyl	C	2
PSM812_2_41701	Carbamidomethyl	C	4
PSM812_2_41721	Carbamidomethyl	C	7
PSM812_2_41730	Carbamidomethyl	C	1
PSM812_2_41730	Carbamidomethyl	C	10
PSM812_2_41734	Carbamidomethyl	C	8
PSM812_2_41741	Carbamidomethyl	C	4
PSM812_2_41741	Carbamidomethyl	C	12
PSM812_2_41767	Carbamidomethyl	C	12
PSM812_2_41768	Carbamidomethyl	C	12
PSM812_2_41777	Carbamidomethyl	C	10
PSM812_2_41778	Carbamidomethyl	C	2
PSM812_2_41779	Carbamidomethyl	C	1
PSM812_2_41780	Carbamidomethyl	C	3
PSM812_2_41781	Carbamidomethyl	C	1
PSM812_2_41782	Carbamidomethyl	C	3
PSM812_2_41782	Carbamidomethyl	C	10
PSM812_2_41791	Carbamidomethyl	C	8
PSM812_2_41805	Carbamidomethyl	C	5
PSM812_2_41806	Carbamidomethyl	C	5
PSM812_2_41815	Carbamidomethyl	C	4
PSM812_2_41815	Carbamidomethyl	C	6
PSM812_2_41816	Carbamidomethyl	C	4
PSM812_2_41816	Carbamidomethyl	C	6
PSM812_2_41817	Carbamidomethyl	C	4
PSM812_2_41817	Carbamidomethyl	C	6
PSM812_2_41818	Carbamidomethyl	C	4
PSM812_2_41818	Carbamidomethyl	C	6
PSM812_2_41819	Carbamidomethyl	C	4
PSM812_2_41819	Carbamidomethyl	C	6
PSM812_2_41820	Carbamidomethyl	C	4
PSM812_2_41820	Carbamidomethyl	C	6
PSM812_2_41823	Carbamidomethyl	C	8
PSM812_2_41824	Carbamidomethyl	C	8
PSM812_2_41827	Carbamidomethyl	C	3
PSM812_2_41828	Carbamidomethyl	C	3
PSM812_2_41829	Carbamidomethyl	C	3
PSM812_2_41833	Carbamidomethyl	C	2
PSM812_2_41834	Carbamidomethyl	C	2
PSM812_2_41835	Carbamidomethyl	C	2
PSM812_2_41836	Carbamidomethyl	C	5
PSM812_2_41837	Carbamidomethyl	C	5
PSM812_2_41838	Carbamidomethyl	C	5
PSM812_2_4184	Acetyl	N-term	
PSM812_2_41844	Carbamidomethyl	C	7
PSM812_2_41844	Carbamidomethyl	C	9
PSM812_2_4185	Acetyl	N-term	
PSM812_2_41851	Carbamidomethyl	C	7
PSM812_2_41855	Carbamidomethyl	C	2
PSM812_2_4186	Acetyl	N-term	
PSM812_2_4187	Carbamidomethyl	C	15
PSM812_2_41871	Carbamidomethyl	C	12
PSM812_2_41872	Carbamidomethyl	C	12
PSM812_2_4188	Carbamidomethyl	C	15
PSM812_2_41884	Carbamidomethyl	C	10
PSM812_2_4189	Carbamidomethyl	C	15
PSM812_2_41892	Carbamidomethyl	C	10
PSM812_2_4190	Carbamidomethyl	C	15
PSM812_2_41902	Carbamidomethyl	C	2
PSM812_2_41903	Carbamidomethyl	C	2
PSM812_2_41904	Carbamidomethyl	C	2
PSM812_2_41905	Carbamidomethyl	C	2
PSM812_2_41908	Carbamidomethyl	C	5
PSM812_2_41909	Carbamidomethyl	C	5
PSM812_2_4191	Carbamidomethyl	C	15
PSM812_2_41917	Carbamidomethyl	C	2
PSM812_2_41918	Carbamidomethyl	C	2
PSM812_2_41919	Carbamidomethyl	C	2
PSM812_2_4192	Carbamidomethyl	C	15
PSM812_2_41923	Carbamidomethyl	C	5
PSM812_2_4193	Carbamidomethyl	C	2
PSM812_2_4194	Carbamidomethyl	C	2
PSM812_2_4195	Carbamidomethyl	C	2
PSM812_2_41953	Oxidation	M	10
PSM812_2_41954	Oxidation	M	10
PSM812_2_41955	Oxidation	M	10
PSM812_2_4196	Carbamidomethyl	C	2
PSM812_2_4197	Carbamidomethyl	C	2
PSM812_2_41970	Carbamidomethyl	C	6
PSM812_2_41971	Carbamidomethyl	C	6
PSM812_2_41972	Carbamidomethyl	C	6
PSM812_2_41974	Carbamidomethyl	C	2
PSM812_2_4198	Carbamidomethyl	C	2
PSM812_2_41984	Carbamidomethyl	C	11
PSM812_2_41985	Carbamidomethyl	C	11
PSM812_2_41989	Carbamidomethyl	C	1
PSM812_2_41989	Carbamidomethyl	C	4
PSM812_2_41996	Carbamidomethyl	C	11
PSM812_2_41997	Carbamidomethyl	C	9
PSM812_2_41998	Carbamidomethyl	C	9
PSM812_2_42026	Carbamidomethyl	C	6
PSM812_2_42027	Carbamidomethyl	C	6
PSM812_2_42039	Carbamidomethyl	C	1
PSM812_2_4204	Carbamidomethyl	C	10
PSM812_2_42040	Carbamidomethyl	C	4
PSM812_2_42041	Carbamidomethyl	C	4
PSM812_2_42043	Carbamidomethyl	C	2
PSM812_2_42043	Carbamidomethyl	C	4
PSM812_2_42043	Carbamidomethyl	C	7
PSM812_2_42043	Carbamidomethyl	C	10
PSM812_2_42044	Carbamidomethyl	C	2
PSM812_2_42045	Carbamidomethyl	C	2
PSM812_2_42046	Carbamidomethyl	C	2
PSM812_2_42047	Carbamidomethyl	C	2
PSM812_2_42048	Carbamidomethyl	C	15
PSM812_2_4205	Carbamidomethyl	C	10
PSM812_2_42054	Carbamidomethyl	C	10
PSM812_2_4206	Carbamidomethyl	C	10
PSM812_2_42066	Carbamidomethyl	C	5
PSM812_2_42066	Carbamidomethyl	C	7
PSM812_2_4207	Carbamidomethyl	C	10
PSM812_2_42073	Ammonia-loss	N-term	
PSM812_2_42073	Carbamidomethyl	C	1
PSM812_2_42074	Ammonia-loss	N-term	
PSM812_2_42074	Carbamidomethyl	C	1
PSM812_2_4208	Carbamidomethyl	C	10
PSM812_2_42080	Acetyl	N-term	
PSM812_2_42081	Acetyl	N-term	
PSM812_2_42084	Acetyl	N-term	
PSM812_2_42085	Acetyl	N-term	
PSM812_2_42088	Acetyl	N-term	
PSM812_2_4209	Carbamidomethyl	C	10
PSM812_2_42092	Carbamidomethyl	C	9
PSM812_2_4210	Carbamidomethyl	C	10
PSM812_2_42107	Carbamidomethyl	C	9
PSM812_2_42107	Carbamidomethyl	C	11
PSM812_2_42108	Carbamidomethyl	C	9
PSM812_2_42108	Carbamidomethyl	C	11
PSM812_2_4211	Carbamidomethyl	C	10
PSM812_2_4212	Carbamidomethyl	C	10
PSM812_2_42128	Carbamidomethyl	C	5
PSM812_2_42129	Carbamidomethyl	C	5
PSM812_2_4213	Carbamidomethyl	C	10
PSM812_2_42132	Carbamidomethyl	C	1
PSM812_2_4214	Carbamidomethyl	C	10
PSM812_2_42144	Carbamidomethyl	C	2
PSM812_2_42145	Carbamidomethyl	C	2
PSM812_2_42146	Carbamidomethyl	C	2
PSM812_2_4215	Carbamidomethyl	C	10
PSM812_2_42161	Carbamidomethyl	C	6
PSM812_2_42162	Carbamidomethyl	C	6
PSM812_2_42163	Carbamidomethyl	C	6
PSM812_2_42174	Carbamidomethyl	C	2
PSM812_2_42175	Carbamidomethyl	C	2
PSM812_2_42176	Carbamidomethyl	C	2
PSM812_2_42184	Carbamidomethyl	C	11
PSM812_2_42227	Carbamidomethyl	C	3
PSM812_2_42228	Carbamidomethyl	C	3
PSM812_2_42230	Carbamidomethyl	C	6
PSM812_2_42233	Carbamidomethyl	C	6
PSM812_2_42234	Carbamidomethyl	C	5
PSM812_2_42235	Carbamidomethyl	C	5
PSM812_2_42236	Carbamidomethyl	C	5
PSM812_2_42238	Carbamidomethyl	C	5
PSM812_2_42239	Carbamidomethyl	C	5
PSM812_2_42245	Carbamidomethyl	C	10
PSM812_2_42252	Carbamidomethyl	C	8
PSM812_2_42257	Carbamidomethyl	C	10
PSM812_2_42258	Carbamidomethyl	C	10
PSM812_2_42259	Carbamidomethyl	C	2
PSM812_2_42260	Carbamidomethyl	C	2
PSM812_2_42261	Carbamidomethyl	C	2
PSM812_2_42262	Carbamidomethyl	C	2
PSM812_2_42277	Carbamidomethyl	C	2
PSM812_2_42277	Carbamidomethyl	C	9
PSM812_2_42277	Carbamidomethyl	C	13
PSM812_2_4228	Carbamidomethyl	C	5
PSM812_2_4228	Carbamidomethyl	C	15
PSM812_2_42287	Carbamidomethyl	C	1
PSM812_2_42288	Carbamidomethyl	C	1
PSM812_2_42289	Carbamidomethyl	C	1
PSM812_2_4229	Carbamidomethyl	C	5
PSM812_2_4229	Carbamidomethyl	C	15
PSM812_2_4230	Carbamidomethyl	C	5
PSM812_2_4230	Carbamidomethyl	C	15
PSM812_2_42305	Carbamidomethyl	C	4
PSM812_2_42306	Carbamidomethyl	C	3
PSM812_2_42307	Carbamidomethyl	C	3
PSM812_2_42308	Carbamidomethyl	C	3
PSM812_2_42309	Carbamidomethyl	C	8
PSM812_2_42312	Carbamidomethyl	C	7
PSM812_2_42313	Carbamidomethyl	C	7
PSM812_2_42322	Carbamidomethyl	C	3
PSM812_2_42322	Carbamidomethyl	C	5
PSM812_2_42327	Carbamidomethyl	C	19
PSM812_2_42328	Carbamidomethyl	C	19
PSM812_2_42329	Carbamidomethyl	C	19
PSM812_2_42360	Carbamidomethyl	C	3
PSM812_2_42361	Carbamidomethyl	C	3
PSM812_2_42364	Carbamidomethyl	C	1
PSM812_2_42365	Carbamidomethyl	C	1
PSM812_2_42366	Carbamidomethyl	C	1
PSM812_2_42368	Carbamidomethyl	C	9
PSM812_2_42369	Carbamidomethyl	C	9
PSM812_2_42370	Carbamidomethyl	C	9
PSM812_2_42371	Carbamidomethyl	C	5
PSM812_2_42372	Carbamidomethyl	C	5
PSM812_2_42378	Carbamidomethyl	C	3
PSM812_2_42378	Carbamidomethyl	C	8
PSM812_2_42379	Carbamidomethyl	C	3
PSM812_2_42379	Carbamidomethyl	C	8
PSM812_2_42383	Carbamidomethyl	C	8
PSM812_2_42384	Carbamidomethyl	C	8
PSM812_2_42385	Carbamidomethyl	C	8
PSM812_2_42394	Carbamidomethyl	C	3
PSM812_2_42396	Carbamidomethyl	C	11
PSM812_2_42403	Carbamidomethyl	C	11
PSM812_2_42448	Carbamidomethyl	C	6
PSM812_2_42449	Carbamidomethyl	C	6
PSM812_2_42450	Carbamidomethyl	C	11
PSM812_2_42451	Carbamidomethyl	C	11
PSM812_2_42452	Carbamidomethyl	C	11
PSM812_2_42453	Carbamidomethyl	C	11
PSM812_2_42455	Carbamidomethyl	C	8
PSM812_2_42458	Carbamidomethyl	C	9
PSM812_2_42459	Carbamidomethyl	C	6
PSM812_2_42460	Carbamidomethyl	C	6
PSM812_2_42462	Carbamidomethyl	C	9
PSM812_2_42476	Carbamidomethyl	C	6
PSM812_2_42476	Carbamidomethyl	C	10
PSM812_2_42477	Carbamidomethyl	C	6
PSM812_2_42477	Carbamidomethyl	C	10
PSM812_2_42478	Carbamidomethyl	C	6
PSM812_2_42478	Carbamidomethyl	C	10
PSM812_2_42479	Carbamidomethyl	C	6
PSM812_2_42479	Carbamidomethyl	C	10
PSM812_2_42480	Carbamidomethyl	C	6
PSM812_2_42480	Carbamidomethyl	C	10
PSM812_2_42481	Carbamidomethyl	C	13
PSM812_2_42482	Carbamidomethyl	C	8
PSM812_2_4249	Carbamidomethyl	C	24
PSM812_2_4249	Carbamidomethyl	C	31
PSM812_2_4250	Carbamidomethyl	C	24
PSM812_2_4250	Carbamidomethyl	C	31
PSM812_2_4251	Carbamidomethyl	C	24
PSM812_2_4251	Carbamidomethyl	C	31
PSM812_2_42511	Carbamidomethyl	C	6
PSM812_2_42511	Carbamidomethyl	C	9
PSM812_2_42512	Carbamidomethyl	C	6
PSM812_2_42512	Carbamidomethyl	C	9
PSM812_2_42513	Carbamidomethyl	C	6
PSM812_2_42513	Carbamidomethyl	C	9
PSM812_2_4252	Carbamidomethyl	C	24
PSM812_2_4252	Carbamidomethyl	C	31
PSM812_2_4253	Carbamidomethyl	C	24
PSM812_2_4253	Carbamidomethyl	C	31
PSM812_2_4254	Carbamidomethyl	C	24
PSM812_2_4254	Carbamidomethyl	C	31
PSM812_2_42541	Carbamidomethyl	C	8
PSM812_2_42542	Carbamidomethyl	C	8
PSM812_2_42546	Carbamidomethyl	C	2
PSM812_2_42547	Carbamidomethyl	C	2
PSM812_2_4255	Carbamidomethyl	C	24
PSM812_2_4255	Carbamidomethyl	C	31
PSM812_2_4256	Carbamidomethyl	C	24
PSM812_2_4256	Carbamidomethyl	C	31
PSM812_2_42568	Carbamidomethyl	C	14
PSM812_2_42569	Carbamidomethyl	C	14
PSM812_2_4257	Carbamidomethyl	C	24
PSM812_2_4257	Carbamidomethyl	C	31
PSM812_2_42570	Carbamidomethyl	C	14
PSM812_2_42579	Carbamidomethyl	C	5
PSM812_2_4258	Carbamidomethyl	C	24
PSM812_2_4258	Carbamidomethyl	C	31
PSM812_2_42580	Carbamidomethyl	C	5
PSM812_2_4259	Carbamidomethyl	C	24
PSM812_2_4259	Carbamidomethyl	C	31
PSM812_2_42590	Carbamidomethyl	C	5
PSM812_2_42591	Carbamidomethyl	C	5
PSM812_2_42592	Carbamidomethyl	C	1
PSM812_2_42593	Carbamidomethyl	C	1
PSM812_2_42594	Carbamidomethyl	C	1
PSM812_2_42595	Carbamidomethyl	C	1
PSM812_2_42596	Carbamidomethyl	C	4
PSM812_2_42597	Carbamidomethyl	C	4
PSM812_2_42598	Carbamidomethyl	C	4
PSM812_2_42598	Carbamidomethyl	C	7
PSM812_2_4260	Carbamidomethyl	C	24
PSM812_2_4260	Carbamidomethyl	C	31
PSM812_2_4261	Carbamidomethyl	C	24
PSM812_2_4261	Carbamidomethyl	C	31
PSM812_2_42617	Carbamidomethyl	C	12
PSM812_2_42618	Carbamidomethyl	C	12
PSM812_2_42619	Carbamidomethyl	C	12
PSM812_2_4262	Carbamidomethyl	C	24
PSM812_2_4262	Carbamidomethyl	C	31
PSM812_2_4263	Carbamidomethyl	C	24
PSM812_2_4263	Carbamidomethyl	C	31
PSM812_2_4264	Carbamidomethyl	C	24
PSM812_2_4264	Carbamidomethyl	C	31
PSM812_2_4265	Carbamidomethyl	C	24
PSM812_2_4265	Carbamidomethyl	C	31
PSM812_2_4266	Carbamidomethyl	C	24
PSM812_2_4266	Carbamidomethyl	C	31
PSM812_2_42666	Carbamidomethyl	C	11
PSM812_2_4267	Carbamidomethyl	C	24
PSM812_2_4267	Carbamidomethyl	C	31
PSM812_2_42672	Carbamidomethyl	C	6
PSM812_2_42673	Carbamidomethyl	C	6
PSM812_2_42674	Carbamidomethyl	C	6
PSM812_2_42675	Carbamidomethyl	C	6
PSM812_2_4268	Carbamidomethyl	C	24
PSM812_2_4268	Carbamidomethyl	C	31
PSM812_2_42685	Carbamidomethyl	C	2
PSM812_2_42685	Carbamidomethyl	C	8
PSM812_2_42689	Carbamidomethyl	C	9
PSM812_2_4269	Carbamidomethyl	C	24
PSM812_2_4269	Carbamidomethyl	C	31
PSM812_2_42693	Carbamidomethyl	C	5
PSM812_2_42694	Carbamidomethyl	C	10
PSM812_2_4270	Carbamidomethyl	C	6
PSM812_2_42700	Carbamidomethyl	C	8
PSM812_2_42708	Carbamidomethyl	C	11
PSM812_2_4271	Carbamidomethyl	C	6
PSM812_2_42712	Carbamidomethyl	C	4
PSM812_2_42715	Carbamidomethyl	C	11
PSM812_2_4272	Carbamidomethyl	C	6
PSM812_2_4273	Carbamidomethyl	C	6
PSM812_2_42733	Carbamidomethyl	C	7
PSM812_2_42734	Carbamidomethyl	C	7
PSM812_2_42735	Carbamidomethyl	C	7
PSM812_2_4274	Carbamidomethyl	C	6
PSM812_2_4275	Carbamidomethyl	C	6
PSM812_2_42754	Carbamidomethyl	C	6
PSM812_2_42755	Carbamidomethyl	C	6
PSM812_2_4276	Carbamidomethyl	C	6
PSM812_2_42766	Carbamidomethyl	C	4
PSM812_2_42767	Carbamidomethyl	C	4
PSM812_2_4277	Carbamidomethyl	C	6
PSM812_2_42774	Carbamidomethyl	C	3
PSM812_2_42775	Carbamidomethyl	C	3
PSM812_2_42776	Carbamidomethyl	C	3
PSM812_2_4278	Carbamidomethyl	C	11
PSM812_2_4279	Carbamidomethyl	C	11
PSM812_2_4280	Carbamidomethyl	C	11
PSM812_2_42806	Carbamidomethyl	C	8
PSM812_2_42807	Carbamidomethyl	C	8
PSM812_2_4281	Carbamidomethyl	C	11
PSM812_2_4282	Carbamidomethyl	C	11
PSM812_2_42835	Carbamidomethyl	C	12
PSM812_2_42835	Carbamidomethyl	C	13
PSM812_2_42836	Carbamidomethyl	C	16
PSM812_2_42840	Carbamidomethyl	C	9
PSM812_2_42840	Carbamidomethyl	C	12
PSM812_2_42841	Carbamidomethyl	C	9
PSM812_2_42841	Carbamidomethyl	C	12
PSM812_2_42851	Carbamidomethyl	C	2
PSM812_2_42852	Carbamidomethyl	C	2
PSM812_2_42853	Carbamidomethyl	C	2
PSM812_2_42887	Carbamidomethyl	C	7
PSM812_2_42888	Carbamidomethyl	C	7
PSM812_2_42889	Carbamidomethyl	C	7
PSM812_2_42890	Carbamidomethyl	C	7
PSM812_2_42891	Carbamidomethyl	C	5
PSM812_2_42917	Carbamidomethyl	C	5
PSM812_2_42918	Carbamidomethyl	C	5
PSM812_2_42918	Carbamidomethyl	C	9
PSM812_2_42919	Carbamidomethyl	C	5
PSM812_2_42919	Carbamidomethyl	C	9
PSM812_2_4293	Ammonia-loss	N-term	
PSM812_2_4293	Carbamidomethyl	C	1
PSM812_2_42930	Carbamidomethyl	C	5
PSM812_2_42930	Carbamidomethyl	C	8
PSM812_2_42930	Carbamidomethyl	C	9
PSM812_2_42939	Carbamidomethyl	C	3
PSM812_2_4294	Ammonia-loss	N-term	
PSM812_2_4294	Carbamidomethyl	C	1
PSM812_2_42941	Oxidation	M	6
PSM812_2_42941	Carbamidomethyl	C	7
PSM812_2_4295	Ammonia-loss	N-term	
PSM812_2_4295	Carbamidomethyl	C	1
PSM812_2_4296	Ammonia-loss	N-term	
PSM812_2_4296	Carbamidomethyl	C	1
PSM812_2_42965	Carbamidomethyl	C	11
PSM812_2_4297	Ammonia-loss	N-term	
PSM812_2_4297	Carbamidomethyl	C	1
PSM812_2_4298	Ammonia-loss	N-term	
PSM812_2_4298	Carbamidomethyl	C	1
PSM812_2_42985	Carbamidomethyl	C	10
PSM812_2_42986	Carbamidomethyl	C	10
PSM812_2_42987	Carbamidomethyl	C	1
PSM812_2_4299	Ammonia-loss	N-term	
PSM812_2_4299	Carbamidomethyl	C	1
PSM812_2_4300	Ammonia-loss	N-term	
PSM812_2_4300	Carbamidomethyl	C	1
PSM812_2_43004	Carbamidomethyl	C	12
PSM812_2_43005	Carbamidomethyl	C	12
PSM812_2_4301	Ammonia-loss	N-term	
PSM812_2_4301	Carbamidomethyl	C	1
PSM812_2_43014	Carbamidomethyl	C	7
PSM812_2_43015	Carbamidomethyl	C	7
PSM812_2_43016	Carbamidomethyl	C	7
PSM812_2_43017	Carbamidomethyl	C	7
PSM812_2_4302	Ammonia-loss	N-term	
PSM812_2_4302	Carbamidomethyl	C	1
PSM812_2_4303	Ammonia-loss	N-term	
PSM812_2_4303	Carbamidomethyl	C	1
PSM812_2_43037	Carbamidomethyl	C	7
PSM812_2_4304	Ammonia-loss	N-term	
PSM812_2_4304	Carbamidomethyl	C	1
PSM812_2_43045	Carbamidomethyl	C	13
PSM812_2_4305	Ammonia-loss	N-term	
PSM812_2_4305	Carbamidomethyl	C	1
PSM812_2_43051	Carbamidomethyl	C	15
PSM812_2_43053	Carbamidomethyl	C	12
PSM812_2_4306	Acetyl	N-term	
PSM812_2_43068	Carbamidomethyl	C	2
PSM812_2_4309	Carbamidomethyl	C	16
PSM812_2_4309	Carbamidomethyl	C	17
PSM812_2_43090	Carbamidomethyl	C	5
PSM812_2_43091	Carbamidomethyl	C	5
PSM812_2_431	Acetyl	N-term	
PSM812_2_43106	Carbamidomethyl	C	5
PSM812_2_43107	Carbamidomethyl	C	5
PSM812_2_43121	Carbamidomethyl	C	6
PSM812_2_43121	Carbamidomethyl	C	11
PSM812_2_43126	Carbamidomethyl	C	7
PSM812_2_43127	Carbamidomethyl	C	7
PSM812_2_43128	Carbamidomethyl	C	7
PSM812_2_43137	Carbamidomethyl	C	4
PSM812_2_43146	Carbamidomethyl	C	4
PSM812_2_43147	Carbamidomethyl	C	4
PSM812_2_43148	Carbamidomethyl	C	4
PSM812_2_43149	Carbamidomethyl	C	2
PSM812_2_43150	Carbamidomethyl	C	2
PSM812_2_43151	Carbamidomethyl	C	2
PSM812_2_43152	Carbamidomethyl	C	2
PSM812_2_43153	Carbamidomethyl	C	2
PSM812_2_43160	Carbamidomethyl	C	6
PSM812_2_43161	Carbamidomethyl	C	6
PSM812_2_43163	Carbamidomethyl	C	10
PSM812_2_43164	Carbamidomethyl	C	10
PSM812_2_43165	Carbamidomethyl	C	10
PSM812_2_43173	Carbamidomethyl	C	1
PSM812_2_43175	Carbamidomethyl	C	1
PSM812_2_43175	Carbamidomethyl	C	6
PSM812_2_43176	Carbamidomethyl	C	1
PSM812_2_43176	Carbamidomethyl	C	6
PSM812_2_4318	Carbamidomethyl	C	4
PSM812_2_4319	Carbamidomethyl	C	4
PSM812_2_43196	Carbamidomethyl	C	6
PSM812_2_43197	Carbamidomethyl	C	9
PSM812_2_432	Acetyl	N-term	
PSM812_2_4320	Carbamidomethyl	C	4
PSM812_2_43200	Carbamidomethyl	C	16
PSM812_2_43201	Carbamidomethyl	C	16
PSM812_2_4321	Carbamidomethyl	C	4
PSM812_2_4322	Carbamidomethyl	C	4
PSM812_2_4323	Carbamidomethyl	C	4
PSM812_2_4325	Carbamidomethyl	C	9
PSM812_2_43255	Carbamidomethyl	C	1
PSM812_2_43256	Carbamidomethyl	C	1
PSM812_2_4326	Carbamidomethyl	C	9
PSM812_2_43268	Carbamidomethyl	C	7
PSM812_2_43269	Carbamidomethyl	C	7
PSM812_2_4327	Carbamidomethyl	C	9
PSM812_2_43270	Carbamidomethyl	C	5
PSM812_2_43271	Carbamidomethyl	C	5
PSM812_2_43272	Carbamidomethyl	C	5
PSM812_2_43287	Carbamidomethyl	C	10
PSM812_2_43288	Carbamidomethyl	C	10
PSM812_2_43289	Carbamidomethyl	C	10
PSM812_2_433	Acetyl	N-term	
PSM812_2_43305	Carbamidomethyl	C	8
PSM812_2_43305	Carbamidomethyl	C	11
PSM812_2_43305	Carbamidomethyl	C	16
PSM812_2_43305	Carbamidomethyl	C	21
PSM812_2_43306	Carbamidomethyl	C	8
PSM812_2_43306	Carbamidomethyl	C	11
PSM812_2_43306	Carbamidomethyl	C	16
PSM812_2_43306	Carbamidomethyl	C	21
PSM812_2_43310	Carbamidomethyl	C	7
PSM812_2_43311	Carbamidomethyl	C	7
PSM812_2_43312	Carbamidomethyl	C	7
PSM812_2_43313	Carbamidomethyl	C	7
PSM812_2_43322	Carbamidomethyl	C	1
PSM812_2_43323	Carbamidomethyl	C	1
PSM812_2_43324	Carbamidomethyl	C	1
PSM812_2_43325	Carbamidomethyl	C	1
PSM812_2_43326	Carbamidomethyl	C	1
PSM812_2_43332	Carbamidomethyl	C	8
PSM812_2_43333	Carbamidomethyl	C	8
PSM812_2_43339	Carbamidomethyl	C	6
PSM812_2_43340	Carbamidomethyl	C	11
PSM812_2_43344	Carbamidomethyl	C	9
PSM812_2_43345	Carbamidomethyl	C	14
PSM812_2_43345	Carbamidomethyl	C	19
PSM812_2_43346	Carbamidomethyl	C	14
PSM812_2_43346	Carbamidomethyl	C	19
PSM812_2_43347	Carbamidomethyl	C	5
PSM812_2_43347	Carbamidomethyl	C	12
PSM812_2_43350	Carbamidomethyl	C	9
PSM812_2_43351	Carbamidomethyl	C	9
PSM812_2_43352	Carbamidomethyl	C	8
PSM812_2_43355	Carbamidomethyl	C	3
PSM812_2_43355	Carbamidomethyl	C	12
PSM812_2_43356	Carbamidomethyl	C	3
PSM812_2_43356	Carbamidomethyl	C	12
PSM812_2_43357	Carbamidomethyl	C	7
PSM812_2_43369	Carbamidomethyl	C	5
PSM812_2_43374	Carbamidomethyl	C	12
PSM812_2_43375	Carbamidomethyl	C	12
PSM812_2_43382	Carbamidomethyl	C	12
PSM812_2_43383	Carbamidomethyl	C	12
PSM812_2_43384	Carbamidomethyl	C	20
PSM812_2_43384	Carbamidomethyl	C	23
PSM812_2_43385	Carbamidomethyl	C	20
PSM812_2_43385	Carbamidomethyl	C	23
PSM812_2_43394	Carbamidomethyl	C	20
PSM812_2_434	Acetyl	N-term	
PSM812_2_43401	Carbamidomethyl	C	5
PSM812_2_43402	Carbamidomethyl	C	5
PSM812_2_43403	Carbamidomethyl	C	5
PSM812_2_43404	Glu->pyro-Glu	N-term	
PSM812_2_43405	Glu->pyro-Glu	N-term	
PSM812_2_43406	Carbamidomethyl	C	4
PSM812_2_43406	Carbamidomethyl	C	12
PSM812_2_43407	Carbamidomethyl	C	4
PSM812_2_43407	Carbamidomethyl	C	12
PSM812_2_43408	Carbamidomethyl	C	4
PSM812_2_43408	Carbamidomethyl	C	12
PSM812_2_43409	Gln->pyro-Glu	N-term	
PSM812_2_43410	Gln->pyro-Glu	N-term	
PSM812_2_43411	Gln->pyro-Glu	N-term	
PSM812_2_43412	Gln->pyro-Glu	N-term	
PSM812_2_43414	Ammonia-loss	N-term	
PSM812_2_43414	Carbamidomethyl	C	1
PSM812_2_43416	Acetyl	N-term	
PSM812_2_43426	Acetyl	N-term	
PSM812_2_43427	Acetyl	N-term	
PSM812_2_43428	Acetyl	N-term	
PSM812_2_43435	Acetyl	N-term	
PSM812_2_43436	Acetyl	N-term	
PSM812_2_43440	Gln->pyro-Glu	N-term	
PSM812_2_43443	Acetyl	N-term	
PSM812_2_43444	Gln->pyro-Glu	N-term	
PSM812_2_43444	Carbamidomethyl	C	8
PSM812_2_43444	Carbamidomethyl	C	13
PSM812_2_43445	Acetyl	N-term	
PSM812_2_43446	Acetyl	N-term	
PSM812_2_43447	Ammonia-loss	N-term	
PSM812_2_43447	Carbamidomethyl	C	1
PSM812_2_43447	Carbamidomethyl	C	5
PSM812_2_43448	Ammonia-loss	N-term	
PSM812_2_43448	Carbamidomethyl	C	1
PSM812_2_43451	Carbamidomethyl	C	2
PSM812_2_43454	Gln->pyro-Glu	N-term	
PSM812_2_43457	Carbamidomethyl	C	2
PSM812_2_43459	Acetyl	N-term	
PSM812_2_43460	Acetyl	N-term	
PSM812_2_43461	Acetyl	N-term	
PSM812_2_43473	Carbamidomethyl	C	2
PSM812_2_43483	Carbamidomethyl	C	14
PSM812_2_43484	Carbamidomethyl	C	14
PSM812_2_435	Acetyl	N-term	
PSM812_2_43501	Carbamidomethyl	C	11
PSM812_2_43502	Carbamidomethyl	C	11
PSM812_2_43510	Carbamidomethyl	C	2
PSM812_2_43511	Carbamidomethyl	C	2
PSM812_2_43512	Carbamidomethyl	C	2
PSM812_2_43515	Carbamidomethyl	C	8
PSM812_2_43520	Carbamidomethyl	C	1
PSM812_2_43523	Carbamidomethyl	C	9
PSM812_2_43552	Carbamidomethyl	C	12
PSM812_2_43553	Carbamidomethyl	C	12
PSM812_2_43554	Carbamidomethyl	C	12
PSM812_2_43555	Carbamidomethyl	C	12
PSM812_2_43556	Carbamidomethyl	C	7
PSM812_2_43557	Carbamidomethyl	C	7
PSM812_2_43558	Carbamidomethyl	C	7
PSM812_2_43561	Carbamidomethyl	C	3
PSM812_2_43562	Carbamidomethyl	C	3
PSM812_2_43563	Carbamidomethyl	C	3
PSM812_2_43569	Carbamidomethyl	C	4
PSM812_2_43570	Carbamidomethyl	C	4
PSM812_2_43573	Carbamidomethyl	C	7
PSM812_2_43574	Carbamidomethyl	C	7
PSM812_2_43575	Carbamidomethyl	C	7
PSM812_2_43576	Carbamidomethyl	C	7
PSM812_2_436	Acetyl	N-term	
PSM812_2_43603	Carbamidomethyl	C	6
PSM812_2_43604	Carbamidomethyl	C	6
PSM812_2_43610	Carbamidomethyl	C	12
PSM812_2_43624	Oxidation	M	1
PSM812_2_43625	Oxidation	M	1
PSM812_2_43626	Oxidation	M	1
PSM812_2_43627	Carbamidomethyl	C	3
PSM812_2_43630	Carbamidomethyl	C	4
PSM812_2_43631	Carbamidomethyl	C	4
PSM812_2_43632	Carbamidomethyl	C	2
PSM812_2_43633	Carbamidomethyl	C	2
PSM812_2_43634	Carbamidomethyl	C	2
PSM812_2_43642	Carbamidomethyl	C	7
PSM812_2_43643	Carbamidomethyl	C	7
PSM812_2_43644	Carbamidomethyl	C	7
PSM812_2_43651	Carbamidomethyl	C	8
PSM812_2_43652	Carbamidomethyl	C	8
PSM812_2_43653	Carbamidomethyl	C	1
PSM812_2_43662	Carbamidomethyl	C	14
PSM812_2_43672	Carbamidomethyl	C	12
PSM812_2_43673	Carbamidomethyl	C	12
PSM812_2_43676	Carbamidomethyl	C	4
PSM812_2_43677	Carbamidomethyl	C	4
PSM812_2_437	Acetyl	N-term	
PSM812_2_43706	Carbamidomethyl	C	1
PSM812_2_43712	Carbamidomethyl	C	5
PSM812_2_43713	Carbamidomethyl	C	5
PSM812_2_43747	Carbamidomethyl	C	2
PSM812_2_43748	Carbamidomethyl	C	2
PSM812_2_43749	Carbamidomethyl	C	2
PSM812_2_43750	Carbamidomethyl	C	2
PSM812_2_43756	Carbamidomethyl	C	7
PSM812_2_43757	Carbamidomethyl	C	7
PSM812_2_43758	Carbamidomethyl	C	7
PSM812_2_43768	Carbamidomethyl	C	7
PSM812_2_43768	Carbamidomethyl	C	12
PSM812_2_43773	Carbamidomethyl	C	2
PSM812_2_43774	Carbamidomethyl	C	7
PSM812_2_43776	Carbamidomethyl	C	13
PSM812_2_43776	Carbamidomethyl	C	17
PSM812_2_43777	Carbamidomethyl	C	13
PSM812_2_43777	Carbamidomethyl	C	17
PSM812_2_43783	Carbamidomethyl	C	15
PSM812_2_43784	Carbamidomethyl	C	15
PSM812_2_43785	Carbamidomethyl	C	15
PSM812_2_43791	Carbamidomethyl	C	5
PSM812_2_43792	Carbamidomethyl	C	5
PSM812_2_43799	Carbamidomethyl	C	2
PSM812_2_438	Acetyl	N-term	
PSM812_2_43800	Carbamidomethyl	C	2
PSM812_2_43817	Carbamidomethyl	C	2
PSM812_2_43818	Carbamidomethyl	C	2
PSM812_2_43829	Carbamidomethyl	C	7
PSM812_2_43830	Carbamidomethyl	C	7
PSM812_2_43831	Carbamidomethyl	C	7
PSM812_2_43836	Carbamidomethyl	C	12
PSM812_2_43837	Carbamidomethyl	C	12
PSM812_2_43838	Carbamidomethyl	C	4
PSM812_2_43838	Carbamidomethyl	C	11
PSM812_2_43841	Carbamidomethyl	C	4
PSM812_2_43842	Carbamidomethyl	C	4
PSM812_2_43868	Carbamidomethyl	C	19
PSM812_2_43871	Carbamidomethyl	C	2
PSM812_2_43871	Carbamidomethyl	C	18
PSM812_2_43872	Carbamidomethyl	C	2
PSM812_2_43872	Carbamidomethyl	C	18
PSM812_2_43873	Carbamidomethyl	C	2
PSM812_2_43873	Carbamidomethyl	C	18
PSM812_2_43874	Carbamidomethyl	C	2
PSM812_2_43891	Carbamidomethyl	C	10
PSM812_2_43892	Carbamidomethyl	C	10
PSM812_2_439	Carbamidomethyl	C	10
PSM812_2_439	Carbamidomethyl	C	26
PSM812_2_43919	Carbamidomethyl	C	12
PSM812_2_43920	Carbamidomethyl	C	10
PSM812_2_43921	Carbamidomethyl	C	10
PSM812_2_43949	Carbamidomethyl	C	5
PSM812_2_43966	Carbamidomethyl	C	3
PSM812_2_43967	Carbamidomethyl	C	3
PSM812_2_43968	Carbamidomethyl	C	7
PSM812_2_43969	Carbamidomethyl	C	7
PSM812_2_43970	Carbamidomethyl	C	7
PSM812_2_43971	Carbamidomethyl	C	7
PSM812_2_43972	Carbamidomethyl	C	2
PSM812_2_43981	Carbamidomethyl	C	10
PSM812_2_43982	Carbamidomethyl	C	2
PSM812_2_43982	Carbamidomethyl	C	4
PSM812_2_43982	Carbamidomethyl	C	12
PSM812_2_43983	Carbamidomethyl	C	2
PSM812_2_43983	Carbamidomethyl	C	4
PSM812_2_43983	Carbamidomethyl	C	12
PSM812_2_440	Carbamidomethyl	C	10
PSM812_2_440	Carbamidomethyl	C	26
PSM812_2_44027	Carbamidomethyl	C	5
PSM812_2_44027	Carbamidomethyl	C	22
PSM812_2_44028	Carbamidomethyl	C	5
PSM812_2_44028	Carbamidomethyl	C	22
PSM812_2_44029	Carbamidomethyl	C	1
PSM812_2_44030	Carbamidomethyl	C	1
PSM812_2_44034	Carbamidomethyl	C	3
PSM812_2_44035	Carbamidomethyl	C	2
PSM812_2_44035	Carbamidomethyl	C	14
PSM812_2_44035	Carbamidomethyl	C	17
PSM812_2_44036	Carbamidomethyl	C	2
PSM812_2_44036	Carbamidomethyl	C	14
PSM812_2_44036	Carbamidomethyl	C	17
PSM812_2_4408	Carbamidomethyl	C	7
PSM812_2_4408	Carbamidomethyl	C	11
PSM812_2_4409	Carbamidomethyl	C	7
PSM812_2_4409	Carbamidomethyl	C	11
PSM812_2_44096	Carbamidomethyl	C	8
PSM812_2_441	Carbamidomethyl	C	10
PSM812_2_441	Carbamidomethyl	C	26
PSM812_2_4410	Carbamidomethyl	C	7
PSM812_2_4410	Carbamidomethyl	C	11
PSM812_2_44109	Carbamidomethyl	C	5
PSM812_2_4411	Carbamidomethyl	C	7
PSM812_2_4411	Carbamidomethyl	C	11
PSM812_2_44110	Carbamidomethyl	C	5
PSM812_2_44111	Carbamidomethyl	C	5
PSM812_2_4412	Carbamidomethyl	C	7
PSM812_2_4412	Carbamidomethyl	C	11
PSM812_2_44121	Carbamidomethyl	C	1
PSM812_2_44122	Carbamidomethyl	C	1
PSM812_2_44123	Carbamidomethyl	C	1
PSM812_2_44128	Carbamidomethyl	C	7
PSM812_2_44128	Carbamidomethyl	C	17
PSM812_2_44129	Carbamidomethyl	C	7
PSM812_2_44129	Carbamidomethyl	C	17
PSM812_2_4413	Carbamidomethyl	C	7
PSM812_2_4413	Carbamidomethyl	C	11
PSM812_2_44136	Carbamidomethyl	C	9
PSM812_2_44137	Carbamidomethyl	C	9
PSM812_2_4414	Carbamidomethyl	C	7
PSM812_2_4414	Carbamidomethyl	C	11
PSM812_2_44141	Carbamidomethyl	C	7
PSM812_2_4415	Carbamidomethyl	C	7
PSM812_2_4415	Carbamidomethyl	C	11
PSM812_2_4416	Carbamidomethyl	C	7
PSM812_2_4416	Carbamidomethyl	C	11
PSM812_2_4417	Carbamidomethyl	C	7
PSM812_2_4417	Carbamidomethyl	C	11
PSM812_2_4418	Carbamidomethyl	C	7
PSM812_2_4418	Carbamidomethyl	C	11
PSM812_2_44189	Carbamidomethyl	C	5
PSM812_2_4419	Carbamidomethyl	C	7
PSM812_2_4419	Carbamidomethyl	C	11
PSM812_2_44190	Carbamidomethyl	C	5
PSM812_2_44191	Carbamidomethyl	C	5
PSM812_2_44192	Carbamidomethyl	C	5
PSM812_2_44193	Carbamidomethyl	C	5
PSM812_2_44194	Carbamidomethyl	C	5
PSM812_2_44195	Carbamidomethyl	C	5
PSM812_2_442	Carbamidomethyl	C	10
PSM812_2_442	Carbamidomethyl	C	26
PSM812_2_4420	Carbamidomethyl	C	7
PSM812_2_4420	Carbamidomethyl	C	11
PSM812_2_44203	Carbamidomethyl	C	12
PSM812_2_44205	Carbamidomethyl	C	13
PSM812_2_4421	Carbamidomethyl	C	7
PSM812_2_4421	Carbamidomethyl	C	11
PSM812_2_44218	Carbamidomethyl	C	10
PSM812_2_44218	Carbamidomethyl	C	14
PSM812_2_44219	Carbamidomethyl	C	10
PSM812_2_44219	Carbamidomethyl	C	14
PSM812_2_4422	Carbamidomethyl	C	7
PSM812_2_4422	Carbamidomethyl	C	11
PSM812_2_4423	Carbamidomethyl	C	7
PSM812_2_4423	Carbamidomethyl	C	11
PSM812_2_44233	Carbamidomethyl	C	3
PSM812_2_44234	Carbamidomethyl	C	3
PSM812_2_4424	Carbamidomethyl	C	7
PSM812_2_4424	Carbamidomethyl	C	11
PSM812_2_44249	Carbamidomethyl	C	7
PSM812_2_4425	Carbamidomethyl	C	7
PSM812_2_4425	Carbamidomethyl	C	11
PSM812_2_44250	Carbamidomethyl	C	7
PSM812_2_44251	Carbamidomethyl	C	7
PSM812_2_44270	Carbamidomethyl	C	4
PSM812_2_44286	Carbamidomethyl	C	5
PSM812_2_44287	Carbamidomethyl	C	6
PSM812_2_44295	Carbamidomethyl	C	13
PSM812_2_44296	Carbamidomethyl	C	2
PSM812_2_44297	Carbamidomethyl	C	2
PSM812_2_443	Carbamidomethyl	C	10
PSM812_2_443	Carbamidomethyl	C	26
PSM812_2_44325	Carbamidomethyl	C	6
PSM812_2_44325	Carbamidomethyl	C	7
PSM812_2_44325	Carbamidomethyl	C	11
PSM812_2_44326	Carbamidomethyl	C	6
PSM812_2_44326	Carbamidomethyl	C	7
PSM812_2_44326	Carbamidomethyl	C	11
PSM812_2_4433	Carbamidomethyl	C	7
PSM812_2_4433	Carbamidomethyl	C	8
PSM812_2_44335	Carbamidomethyl	C	9
PSM812_2_44335	Carbamidomethyl	C	15
PSM812_2_44336	Carbamidomethyl	C	9
PSM812_2_44336	Carbamidomethyl	C	15
PSM812_2_44337	Carbamidomethyl	C	9
PSM812_2_44337	Carbamidomethyl	C	15
PSM812_2_44338	Carbamidomethyl	C	9
PSM812_2_44338	Carbamidomethyl	C	15
PSM812_2_44339	Carbamidomethyl	C	6
PSM812_2_4434	Carbamidomethyl	C	7
PSM812_2_4434	Carbamidomethyl	C	8
PSM812_2_44340	Carbamidomethyl	C	6
PSM812_2_44341	Carbamidomethyl	C	6
PSM812_2_4435	Carbamidomethyl	C	7
PSM812_2_4435	Carbamidomethyl	C	8
PSM812_2_44355	Carbamidomethyl	C	15
PSM812_2_4436	Carbamidomethyl	C	7
PSM812_2_4436	Carbamidomethyl	C	8
PSM812_2_44362	Carbamidomethyl	C	6
PSM812_2_44363	Carbamidomethyl	C	5
PSM812_2_44364	Carbamidomethyl	C	5
PSM812_2_4437	Carbamidomethyl	C	7
PSM812_2_4437	Carbamidomethyl	C	8
PSM812_2_4438	Carbamidomethyl	C	7
PSM812_2_4438	Carbamidomethyl	C	8
PSM812_2_4439	Carbamidomethyl	C	7
PSM812_2_4439	Carbamidomethyl	C	8
PSM812_2_44395	Carbamidomethyl	C	12
PSM812_2_44396	Carbamidomethyl	C	12
PSM812_2_44397	Carbamidomethyl	C	12
PSM812_2_44398	Carbamidomethyl	C	12
PSM812_2_44399	Carbamidomethyl	C	12
PSM812_2_444	Carbamidomethyl	C	10
PSM812_2_444	Carbamidomethyl	C	26
PSM812_2_44414	Carbamidomethyl	C	20
PSM812_2_44415	Carbamidomethyl	C	20
PSM812_2_44416	Carbamidomethyl	C	20
PSM812_2_44449	Carbamidomethyl	C	13
PSM812_2_44450	Carbamidomethyl	C	13
PSM812_2_44462	Carbamidomethyl	C	14
PSM812_2_44463	Carbamidomethyl	C	14
PSM812_2_44464	Carbamidomethyl	C	14
PSM812_2_44467	Carbamidomethyl	C	1
PSM812_2_44468	Carbamidomethyl	C	9
PSM812_2_44469	Carbamidomethyl	C	6
PSM812_2_44470	Carbamidomethyl	C	6
PSM812_2_44471	Carbamidomethyl	C	6
PSM812_2_44488	Carbamidomethyl	C	4
PSM812_2_44489	Carbamidomethyl	C	4
PSM812_2_44490	Carbamidomethyl	C	4
PSM812_2_44491	Carbamidomethyl	C	4
PSM812_2_44496	Carbamidomethyl	C	7
PSM812_2_44497	Carbamidomethyl	C	15
PSM812_2_44498	Carbamidomethyl	C	15
PSM812_2_44499	Carbamidomethyl	C	15
PSM812_2_445	Carbamidomethyl	C	10
PSM812_2_445	Carbamidomethyl	C	26
PSM812_2_44503	Carbamidomethyl	C	13
PSM812_2_44518	Carbamidomethyl	C	10
PSM812_2_44519	Carbamidomethyl	C	10
PSM812_2_44520	Carbamidomethyl	C	6
PSM812_2_44520	Carbamidomethyl	C	11
PSM812_2_44521	Carbamidomethyl	C	6
PSM812_2_44521	Carbamidomethyl	C	11
PSM812_2_44528	Carbamidomethyl	C	15
PSM812_2_44534	Carbamidomethyl	C	16
PSM812_2_44547	Carbamidomethyl	C	9
PSM812_2_44551	Oxidation	M	11
PSM812_2_44552	Oxidation	M	11
PSM812_2_44559	Carbamidomethyl	C	4
PSM812_2_44561	Carbamidomethyl	C	12
PSM812_2_44564	Carbamidomethyl	C	14
PSM812_2_44566	Oxidation	M	1
PSM812_2_44571	Carbamidomethyl	C	5
PSM812_2_44571	Carbamidomethyl	C	11
PSM812_2_44573	Carbamidomethyl	C	6
PSM812_2_44583	Carbamidomethyl	C	2
PSM812_2_44595	Carbamidomethyl	C	3
PSM812_2_446	Carbamidomethyl	C	10
PSM812_2_446	Carbamidomethyl	C	26
PSM812_2_44605	Carbamidomethyl	C	3
PSM812_2_44608	Carbamidomethyl	C	2
PSM812_2_44609	Carbamidomethyl	C	2
PSM812_2_44610	Carbamidomethyl	C	2
PSM812_2_44611	Carbamidomethyl	C	2
PSM812_2_44612	Carbamidomethyl	C	2
PSM812_2_44613	Carbamidomethyl	C	2
PSM812_2_44614	Carbamidomethyl	C	2
PSM812_2_44615	Carbamidomethyl	C	2
PSM812_2_44616	Carbamidomethyl	C	2
PSM812_2_44617	Carbamidomethyl	C	2
PSM812_2_44618	Carbamidomethyl	C	2
PSM812_2_44619	Carbamidomethyl	C	2
PSM812_2_44620	Carbamidomethyl	C	2
PSM812_2_44621	Carbamidomethyl	C	2
PSM812_2_44622	Carbamidomethyl	C	2
PSM812_2_44623	Carbamidomethyl	C	2
PSM812_2_44624	Carbamidomethyl	C	2
PSM812_2_44625	Carbamidomethyl	C	2
PSM812_2_44626	Carbamidomethyl	C	2
PSM812_2_44627	Carbamidomethyl	C	2
PSM812_2_44628	Carbamidomethyl	C	2
PSM812_2_44629	Carbamidomethyl	C	2
PSM812_2_44630	Carbamidomethyl	C	2
PSM812_2_44631	Carbamidomethyl	C	2
PSM812_2_44632	Carbamidomethyl	C	2
PSM812_2_44633	Carbamidomethyl	C	2
PSM812_2_44634	Carbamidomethyl	C	2
PSM812_2_44635	Carbamidomethyl	C	2
PSM812_2_44636	Carbamidomethyl	C	2
PSM812_2_44637	Carbamidomethyl	C	2
PSM812_2_44638	Carbamidomethyl	C	2
PSM812_2_44639	Carbamidomethyl	C	2
PSM812_2_44640	Carbamidomethyl	C	2
PSM812_2_44641	Carbamidomethyl	C	2
PSM812_2_44642	Carbamidomethyl	C	2
PSM812_2_44643	Carbamidomethyl	C	2
PSM812_2_44644	Carbamidomethyl	C	2
PSM812_2_44645	Carbamidomethyl	C	2
PSM812_2_44646	Carbamidomethyl	C	2
PSM812_2_44647	Carbamidomethyl	C	2
PSM812_2_44648	Carbamidomethyl	C	2
PSM812_2_44649	Carbamidomethyl	C	2
PSM812_2_44654	Carbamidomethyl	C	9
PSM812_2_44660	Acetyl	N-term	
PSM812_2_44661	Acetyl	N-term	
PSM812_2_44662	Acetyl	N-term	
PSM812_2_44663	Carbamidomethyl	C	23
PSM812_2_44664	Carbamidomethyl	C	23
PSM812_2_44665	Gln->pyro-Glu	N-term	
PSM812_2_44666	Ammonia-loss	N-term	
PSM812_2_44666	Carbamidomethyl	C	1
PSM812_2_44666	Carbamidomethyl	C	7
PSM812_2_44667	Ammonia-loss	N-term	
PSM812_2_44667	Carbamidomethyl	C	1
PSM812_2_44668	Ammonia-loss	N-term	
PSM812_2_44668	Carbamidomethyl	C	1
PSM812_2_44673	Ammonia-loss	N-term	
PSM812_2_44673	Carbamidomethyl	C	1
PSM812_2_44674	Ammonia-loss	N-term	
PSM812_2_44674	Carbamidomethyl	C	1
PSM812_2_44676	Carbamidomethyl	C	4
PSM812_2_44677	Carbamidomethyl	C	4
PSM812_2_44678	Carbamidomethyl	C	4
PSM812_2_44679	Carbamidomethyl	C	4
PSM812_2_4469	Carbamidomethyl	C	18
PSM812_2_44693	Gln->pyro-Glu	N-term	
PSM812_2_44693	Carbamidomethyl	C	12
PSM812_2_44694	Gln->pyro-Glu	N-term	
PSM812_2_44695	Gln->pyro-Glu	N-term	
PSM812_2_44696	Gln->pyro-Glu	N-term	
PSM812_2_44697	Gln->pyro-Glu	N-term	
PSM812_2_447	Carbamidomethyl	C	10
PSM812_2_447	Carbamidomethyl	C	26
PSM812_2_4470	Carbamidomethyl	C	18
PSM812_2_44701	Gln->pyro-Glu	N-term	
PSM812_2_44702	Gln->pyro-Glu	N-term	
PSM812_2_44703	Gln->pyro-Glu	N-term	
PSM812_2_44704	Gln->pyro-Glu	N-term	
PSM812_2_44705	Ammonia-loss	N-term	
PSM812_2_44705	Carbamidomethyl	C	1
PSM812_2_44706	Ammonia-loss	N-term	
PSM812_2_44706	Carbamidomethyl	C	1
PSM812_2_44707	Gln->pyro-Glu	N-term	
PSM812_2_4471	Carbamidomethyl	C	2
PSM812_2_4471	Carbamidomethyl	C	3
PSM812_2_44710	Gln->pyro-Glu	N-term	
PSM812_2_44711	Gln->pyro-Glu	N-term	
PSM812_2_44712	Gln->pyro-Glu	N-term	
PSM812_2_44713	Gln->pyro-Glu	N-term	
PSM812_2_44714	Gln->pyro-Glu	N-term	
PSM812_2_44715	Carbamidomethyl	C	4
PSM812_2_44715	Carbamidomethyl	C	10
PSM812_2_44716	Carbamidomethyl	C	4
PSM812_2_44716	Carbamidomethyl	C	10
PSM812_2_44717	Carbamidomethyl	C	4
PSM812_2_44717	Carbamidomethyl	C	10
PSM812_2_44719	Acetyl	N-term	
PSM812_2_4472	Carbamidomethyl	C	2
PSM812_2_4472	Carbamidomethyl	C	3
PSM812_2_44726	Acetyl	N-term	
PSM812_2_44728	Gln->pyro-Glu	N-term	
PSM812_2_44729	Gln->pyro-Glu	N-term	
PSM812_2_4473	Carbamidomethyl	C	2
PSM812_2_4473	Carbamidomethyl	C	3
PSM812_2_44730	Gln->pyro-Glu	N-term	
PSM812_2_44731	Gln->pyro-Glu	N-term	
PSM812_2_44739	Acetyl	N-term	
PSM812_2_44740	Acetyl	N-term	
PSM812_2_44741	Gln->pyro-Glu	N-term	
PSM812_2_44742	Gln->pyro-Glu	N-term	
PSM812_2_44743	Gln->pyro-Glu	N-term	
PSM812_2_44754	Ammonia-loss	N-term	
PSM812_2_44754	Carbamidomethyl	C	1
PSM812_2_44755	Acetyl	N-term	
PSM812_2_44756	Acetyl	N-term	
PSM812_2_44758	Ammonia-loss	N-term	
PSM812_2_44758	Carbamidomethyl	C	1
PSM812_2_44759	Ammonia-loss	N-term	
PSM812_2_44759	Carbamidomethyl	C	1
PSM812_2_44760	Ammonia-loss	N-term	
PSM812_2_44760	Carbamidomethyl	C	1
PSM812_2_44761	Gln->pyro-Glu	N-term	
PSM812_2_44762	Gln->pyro-Glu	N-term	
PSM812_2_44763	Gln->pyro-Glu	N-term	
PSM812_2_44766	Acetyl	N-term	
PSM812_2_44767	Acetyl	N-term	
PSM812_2_44768	Acetyl	N-term	
PSM812_2_44769	Acetyl	N-term	
PSM812_2_44770	Acetyl	N-term	
PSM812_2_44773	Gln->pyro-Glu	N-term	
PSM812_2_44773	Carbamidomethyl	C	5
PSM812_2_44774	Ammonia-loss	N-term	
PSM812_2_44774	Carbamidomethyl	C	1
PSM812_2_44774	Carbamidomethyl	C	6
PSM812_2_44779	Ammonia-loss	N-term	
PSM812_2_44779	Carbamidomethyl	C	1
PSM812_2_44780	Acetyl	N-term	
PSM812_2_44781	Acetyl	N-term	
PSM812_2_44782	Gln->pyro-Glu	N-term	
PSM812_2_44783	Gln->pyro-Glu	N-term	
PSM812_2_44784	Carbamidomethyl	C	11
PSM812_2_44784	Carbamidomethyl	C	12
PSM812_2_44785	Acetyl	N-term	
PSM812_2_44786	Acetyl	N-term	
PSM812_2_44787	Acetyl	N-term	
PSM812_2_44788	Acetyl	N-term	
PSM812_2_44789	Acetyl	N-term	
PSM812_2_44790	Acetyl	N-term	
PSM812_2_44791	Ammonia-loss	N-term	
PSM812_2_44791	Carbamidomethyl	C	1
PSM812_2_44791	Carbamidomethyl	C	9
PSM812_2_44792	Carbamidomethyl	C	2
PSM812_2_44793	Carbamidomethyl	C	2
PSM812_2_44794	Carbamidomethyl	C	2
PSM812_2_44807	Carbamidomethyl	C	10
PSM812_2_44808	Carbamidomethyl	C	10
PSM812_2_44812	Carbamidomethyl	C	2
PSM812_2_44812	Oxidation	M	12
PSM812_2_44820	Carbamidomethyl	C	11
PSM812_2_4483	Carbamidomethyl	C	21
PSM812_2_44833	Carbamidomethyl	C	14
PSM812_2_44834	Carbamidomethyl	C	14
PSM812_2_44835	Carbamidomethyl	C	14
PSM812_2_44836	Carbamidomethyl	C	13
PSM812_2_44837	Carbamidomethyl	C	3
PSM812_2_44838	Carbamidomethyl	C	3
PSM812_2_44839	Carbamidomethyl	C	3
PSM812_2_4484	Carbamidomethyl	C	21
PSM812_2_44844	Carbamidomethyl	C	10
PSM812_2_44844	Carbamidomethyl	C	17
PSM812_2_4485	Carbamidomethyl	C	21
PSM812_2_4486	Carbamidomethyl	C	21
PSM812_2_44868	Carbamidomethyl	C	14
PSM812_2_44869	Carbamidomethyl	C	14
PSM812_2_4487	Carbamidomethyl	C	21
PSM812_2_44870	Carbamidomethyl	C	14
PSM812_2_44877	Carbamidomethyl	C	3
PSM812_2_44877	Carbamidomethyl	C	10
PSM812_2_44878	Carbamidomethyl	C	15
PSM812_2_44879	Carbamidomethyl	C	15
PSM812_2_4488	Carbamidomethyl	C	21
PSM812_2_44880	Carbamidomethyl	C	15
PSM812_2_44881	Carbamidomethyl	C	15
PSM812_2_44887	Oxidation	M	4
PSM812_2_4489	Carbamidomethyl	C	21
PSM812_2_44891	Carbamidomethyl	C	3
PSM812_2_44892	Carbamidomethyl	C	3
PSM812_2_4490	Carbamidomethyl	C	21
PSM812_2_44900	Carbamidomethyl	C	2
PSM812_2_44900	Carbamidomethyl	C	13
PSM812_2_44901	Carbamidomethyl	C	2
PSM812_2_44901	Carbamidomethyl	C	13
PSM812_2_44902	Carbamidomethyl	C	21
PSM812_2_44903	Carbamidomethyl	C	21
PSM812_2_44904	Carbamidomethyl	C	21
PSM812_2_44906	Oxidation	M	21
PSM812_2_44907	Oxidation	M	21
PSM812_2_4491	Carbamidomethyl	C	21
PSM812_2_4492	Carbamidomethyl	C	21
PSM812_2_44923	Carbamidomethyl	C	3
PSM812_2_44924	Carbamidomethyl	C	9
PSM812_2_44925	Carbamidomethyl	C	9
PSM812_2_44928	Carbamidomethyl	C	8
PSM812_2_44928	Carbamidomethyl	C	21
PSM812_2_44929	Carbamidomethyl	C	13
PSM812_2_4493	Carbamidomethyl	C	21
PSM812_2_44930	Carbamidomethyl	C	13
PSM812_2_44931	Carbamidomethyl	C	17
PSM812_2_44932	Carbamidomethyl	C	17
PSM812_2_44938	Carbamidomethyl	C	6
PSM812_2_44938	Carbamidomethyl	C	15
PSM812_2_44939	Carbamidomethyl	C	5
PSM812_2_44939	Carbamidomethyl	C	8
PSM812_2_44939	Carbamidomethyl	C	19
PSM812_2_4494	Carbamidomethyl	C	21
PSM812_2_44940	Carbamidomethyl	C	5
PSM812_2_44940	Carbamidomethyl	C	8
PSM812_2_44940	Carbamidomethyl	C	19
PSM812_2_44941	Carbamidomethyl	C	5
PSM812_2_44941	Carbamidomethyl	C	8
PSM812_2_44941	Carbamidomethyl	C	19
PSM812_2_44942	Carbamidomethyl	C	5
PSM812_2_44942	Carbamidomethyl	C	8
PSM812_2_44942	Carbamidomethyl	C	19
PSM812_2_44943	Carbamidomethyl	C	5
PSM812_2_44943	Carbamidomethyl	C	8
PSM812_2_44943	Carbamidomethyl	C	19
PSM812_2_44944	Carbamidomethyl	C	5
PSM812_2_44944	Carbamidomethyl	C	8
PSM812_2_44944	Carbamidomethyl	C	19
PSM812_2_44945	Carbamidomethyl	C	5
PSM812_2_44945	Carbamidomethyl	C	8
PSM812_2_44945	Carbamidomethyl	C	19
PSM812_2_44946	Carbamidomethyl	C	5
PSM812_2_44946	Carbamidomethyl	C	8
PSM812_2_44946	Carbamidomethyl	C	19
PSM812_2_44947	Carbamidomethyl	C	5
PSM812_2_44947	Carbamidomethyl	C	8
PSM812_2_44947	Carbamidomethyl	C	19
PSM812_2_4495	Carbamidomethyl	C	21
PSM812_2_44958	Carbamidomethyl	C	3
PSM812_2_44959	Carbamidomethyl	C	3
PSM812_2_4496	Carbamidomethyl	C	21
PSM812_2_44960	Carbamidomethyl	C	7
PSM812_2_44960	Carbamidomethyl	C	17
PSM812_2_44961	Carbamidomethyl	C	7
PSM812_2_44961	Carbamidomethyl	C	17
PSM812_2_44962	Carbamidomethyl	C	27
PSM812_2_44982	Carbamidomethyl	C	45
PSM812_2_4500	Carbamidomethyl	C	20
PSM812_2_45004	Carbamidomethyl	C	14
PSM812_2_45007	Carbamidomethyl	C	32
PSM812_2_45008	Carbamidomethyl	C	32
PSM812_2_4501	Carbamidomethyl	C	13
PSM812_2_4502	Carbamidomethyl	C	13
PSM812_2_45020	Carbamidomethyl	C	6
PSM812_2_45021	Carbamidomethyl	C	6
PSM812_2_45022	Carbamidomethyl	C	6
PSM812_2_45023	Carbamidomethyl	C	6
PSM812_2_45024	Carbamidomethyl	C	6
PSM812_2_45025	Carbamidomethyl	C	6
PSM812_2_4503	Carbamidomethyl	C	13
PSM812_2_45036	Carbamidomethyl	C	2
PSM812_2_45037	Carbamidomethyl	C	2
PSM812_2_45038	Carbamidomethyl	C	2
PSM812_2_4504	Carbamidomethyl	C	13
PSM812_2_45045	Carbamidomethyl	C	13
PSM812_2_4505	Carbamidomethyl	C	13
PSM812_2_45053	Carbamidomethyl	C	28
PSM812_2_45054	Carbamidomethyl	C	28
PSM812_2_4506	Carbamidomethyl	C	13
PSM812_2_45066	Carbamidomethyl	C	6
PSM812_2_45067	Carbamidomethyl	C	6
PSM812_2_45068	Carbamidomethyl	C	6
PSM812_2_45069	Carbamidomethyl	C	3
PSM812_2_45069	Carbamidomethyl	C	17
PSM812_2_4507	Carbamidomethyl	C	13
PSM812_2_45070	Carbamidomethyl	C	3
PSM812_2_45070	Carbamidomethyl	C	17
PSM812_2_45071	Carbamidomethyl	C	3
PSM812_2_45071	Carbamidomethyl	C	17
PSM812_2_45072	Carbamidomethyl	C	3
PSM812_2_45072	Carbamidomethyl	C	17
PSM812_2_45073	Carbamidomethyl	C	3
PSM812_2_45073	Carbamidomethyl	C	17
PSM812_2_45074	Carbamidomethyl	C	3
PSM812_2_45074	Carbamidomethyl	C	17
PSM812_2_45075	Carbamidomethyl	C	12
PSM812_2_4508	Carbamidomethyl	C	13
PSM812_2_45085	Carbamidomethyl	C	17
PSM812_2_45086	Carbamidomethyl	C	8
PSM812_2_45087	Gln->pyro-Glu	N-term	
PSM812_2_45088	Gln->pyro-Glu	N-term	
PSM812_2_45089	Gln->pyro-Glu	N-term	
PSM812_2_4509	Carbamidomethyl	C	13
PSM812_2_45090	Ammonia-loss	N-term	
PSM812_2_45090	Carbamidomethyl	C	1
PSM812_2_45090	Carbamidomethyl	C	9
PSM812_2_45091	Gln->pyro-Glu	N-term	
PSM812_2_45092	Gln->pyro-Glu	N-term	
PSM812_2_45093	Ammonia-loss	N-term	
PSM812_2_45093	Carbamidomethyl	C	1
PSM812_2_45094	Gln->pyro-Glu	N-term	
PSM812_2_45095	Gln->pyro-Glu	N-term	
PSM812_2_45096	Ammonia-loss	N-term	
PSM812_2_45096	Carbamidomethyl	C	1
PSM812_2_45097	Gln->pyro-Glu	N-term	
PSM812_2_45097	Carbamidomethyl	C	14
PSM812_2_45098	Carbamidomethyl	C	16
PSM812_2_45099	Gln->pyro-Glu	N-term	
PSM812_2_4510	Carbamidomethyl	C	13
PSM812_2_45100	Gln->pyro-Glu	N-term	
PSM812_2_45101	Gln->pyro-Glu	N-term	
PSM812_2_45102	Gln->pyro-Glu	N-term	
PSM812_2_45103	Gln->pyro-Glu	N-term	
PSM812_2_45104	Gln->pyro-Glu	N-term	
PSM812_2_45104	Carbamidomethyl	C	8
PSM812_2_45105	Gln->pyro-Glu	N-term	
PSM812_2_45105	Carbamidomethyl	C	8
PSM812_2_45106	Ammonia-loss	N-term	
PSM812_2_45106	Carbamidomethyl	C	1
PSM812_2_45106	Carbamidomethyl	C	13
PSM812_2_45106	Carbamidomethyl	C	14
PSM812_2_45107	Ammonia-loss	N-term	
PSM812_2_45107	Carbamidomethyl	C	1
PSM812_2_45107	Carbamidomethyl	C	13
PSM812_2_45107	Carbamidomethyl	C	14
PSM812_2_45108	Ammonia-loss	N-term	
PSM812_2_45108	Carbamidomethyl	C	1
PSM812_2_45108	Carbamidomethyl	C	13
PSM812_2_45108	Carbamidomethyl	C	14
PSM812_2_45109	Ammonia-loss	N-term	
PSM812_2_45109	Carbamidomethyl	C	1
PSM812_2_4511	Carbamidomethyl	C	13
PSM812_2_45110	Ammonia-loss	N-term	
PSM812_2_45110	Carbamidomethyl	C	1
PSM812_2_45111	Ammonia-loss	N-term	
PSM812_2_45111	Carbamidomethyl	C	1
PSM812_2_45112	Ammonia-loss	N-term	
PSM812_2_45112	Carbamidomethyl	C	1
PSM812_2_45114	Gln->pyro-Glu	N-term	
PSM812_2_45115	Gln->pyro-Glu	N-term	
PSM812_2_45116	Carbamidomethyl	C	1
PSM812_2_45116	Carbamidomethyl	C	17
PSM812_2_45117	Carbamidomethyl	C	1
PSM812_2_45117	Carbamidomethyl	C	17
PSM812_2_45118	Gln->pyro-Glu	N-term	
PSM812_2_45119	Acetyl	N-term	
PSM812_2_45119	Oxidation	M	11
PSM812_2_4512	Carbamidomethyl	C	13
PSM812_2_45120	Acetyl	N-term	
PSM812_2_45120	Oxidation	M	11
PSM812_2_45121	Acetyl	N-term	
PSM812_2_45122	Acetyl	N-term	
PSM812_2_45123	Acetyl	N-term	
PSM812_2_45124	Gln->pyro-Glu	N-term	
PSM812_2_45125	Gln->pyro-Glu	N-term	
PSM812_2_45126	Ammonia-loss	N-term	
PSM812_2_45126	Carbamidomethyl	C	1
PSM812_2_45126	Carbamidomethyl	C	4
PSM812_2_4513	Carbamidomethyl	C	13
PSM812_2_45131	Gln->pyro-Glu	N-term	
PSM812_2_45132	Carbamidomethyl	C	24
PSM812_2_45133	Carbamidomethyl	C	24
PSM812_2_45134	Acetyl	N-term	
PSM812_2_45135	Acetyl	N-term	
PSM812_2_45136	Acetyl	N-term	
PSM812_2_45137	Acetyl	N-term	
PSM812_2_45137	Carbamidomethyl	C	14
PSM812_2_45137	Carbamidomethyl	C	18
PSM812_2_4514	Carbamidomethyl	C	13
PSM812_2_45141	Carbamidomethyl	C	17
PSM812_2_45142	Carbamidomethyl	C	17
PSM812_2_45143	Carbamidomethyl	C	17
PSM812_2_45144	Oxidation	M	5
PSM812_2_45145	Oxidation	M	5
PSM812_2_45146	Carbamidomethyl	C	5
PSM812_2_4515	Carbamidomethyl	C	13
PSM812_2_45152	Carbamidomethyl	C	4
PSM812_2_45153	Carbamidomethyl	C	4
PSM812_2_45154	Carbamidomethyl	C	4
PSM812_2_45155	Carbamidomethyl	C	4
PSM812_2_4516	Carbamidomethyl	C	13
PSM812_2_45161	Carbamidomethyl	C	26
PSM812_2_45162	Carbamidomethyl	C	26
PSM812_2_45163	Carbamidomethyl	C	17
PSM812_2_45164	Carbamidomethyl	C	17
PSM812_2_45180	Carbamidomethyl	C	6
PSM812_2_45181	Carbamidomethyl	C	6
PSM812_2_45182	Carbamidomethyl	C	6
PSM812_2_45183	Carbamidomethyl	C	7
PSM812_2_45184	Carbamidomethyl	C	7
PSM812_2_45185	Carbamidomethyl	C	2
PSM812_2_45186	Carbamidomethyl	C	2
PSM812_2_45188	Carbamidomethyl	C	2
PSM812_2_45190	Carbamidomethyl	C	12
PSM812_2_45191	Carbamidomethyl	C	18
PSM812_2_45192	Carbamidomethyl	C	18
PSM812_2_45195	Carbamidomethyl	C	22
PSM812_2_45196	Carbamidomethyl	C	22
PSM812_2_45197	Carbamidomethyl	C	22
PSM812_2_45199	Carbamidomethyl	C	1
PSM812_2_45199	Carbamidomethyl	C	15
PSM812_2_45200	Carbamidomethyl	C	1
PSM812_2_45200	Carbamidomethyl	C	15
PSM812_2_45202	Carbamidomethyl	C	31
PSM812_2_45205	Ammonia-loss	N-term	
PSM812_2_45205	Carbamidomethyl	C	1
PSM812_2_45206	Ammonia-loss	N-term	
PSM812_2_45206	Carbamidomethyl	C	1
PSM812_2_45207	Ammonia-loss	N-term	
PSM812_2_45207	Carbamidomethyl	C	1
PSM812_2_45208	Ammonia-loss	N-term	
PSM812_2_45208	Carbamidomethyl	C	1
PSM812_2_45208	Carbamidomethyl	C	7
PSM812_2_45209	Ammonia-loss	N-term	
PSM812_2_45209	Carbamidomethyl	C	1
PSM812_2_45209	Carbamidomethyl	C	7
PSM812_2_45210	Gln->pyro-Glu	N-term	
PSM812_2_45210	Carbamidomethyl	C	5
PSM812_2_45211	Gln->pyro-Glu	N-term	
PSM812_2_45211	Carbamidomethyl	C	5
PSM812_2_45212	Gln->pyro-Glu	N-term	
PSM812_2_45212	Carbamidomethyl	C	5
PSM812_2_45213	Acetyl	N-term	
PSM812_2_45214	Carbamidomethyl	C	26
PSM812_2_45246	Oxidation	M	2
PSM812_2_45262	Carbamidomethyl	C	11
PSM812_2_45280	Carbamidomethyl	C	7
PSM812_2_45281	Carbamidomethyl	C	4
PSM812_2_45293	Carbamidomethyl	C	1
PSM812_2_45294	Carbamidomethyl	C	5
PSM812_2_45295	Carbamidomethyl	C	4
PSM812_2_45309	Carbamidomethyl	C	4
PSM812_2_45309	Carbamidomethyl	C	8
PSM812_2_45316	Carbamidomethyl	C	14
PSM812_2_45328	Carbamidomethyl	C	3
PSM812_2_45332	Carbamidomethyl	C	8
PSM812_2_45350	Carbamidomethyl	C	7
PSM812_2_45351	Carbamidomethyl	C	10
PSM812_2_45377	Carbamidomethyl	C	1
PSM812_2_45377	Carbamidomethyl	C	4
PSM812_2_45379	Carbamidomethyl	C	7
PSM812_2_45379	Carbamidomethyl	C	11
PSM812_2_45380	Carbamidomethyl	C	4
PSM812_2_45415	Carbamidomethyl	C	7
PSM812_2_45416	Carbamidomethyl	C	7
PSM812_2_45417	Carbamidomethyl	C	7
PSM812_2_45427	Carbamidomethyl	C	6
PSM812_2_45431	Carbamidomethyl	C	2
PSM812_2_45431	Carbamidomethyl	C	7
PSM812_2_45432	Carbamidomethyl	C	2
PSM812_2_45432	Carbamidomethyl	C	7
PSM812_2_45433	Carbamidomethyl	C	2
PSM812_2_45433	Carbamidomethyl	C	7
PSM812_2_45434	Carbamidomethyl	C	2
PSM812_2_45434	Carbamidomethyl	C	7
PSM812_2_45435	Carbamidomethyl	C	2
PSM812_2_45435	Carbamidomethyl	C	7
PSM812_2_45443	Carbamidomethyl	C	9
PSM812_2_45443	Carbamidomethyl	C	10
PSM812_2_45444	Carbamidomethyl	C	9
PSM812_2_45444	Carbamidomethyl	C	10
PSM812_2_45445	Carbamidomethyl	C	9
PSM812_2_45445	Carbamidomethyl	C	10
PSM812_2_45446	Carbamidomethyl	C	9
PSM812_2_45446	Carbamidomethyl	C	10
PSM812_2_45458	Carbamidomethyl	C	7
PSM812_2_45459	Carbamidomethyl	C	7
PSM812_2_45460	Carbamidomethyl	C	7
PSM812_2_45482	Carbamidomethyl	C	6
PSM812_2_45483	Carbamidomethyl	C	6
PSM812_2_4549	Carbamidomethyl	C	12
PSM812_2_4549	Carbamidomethyl	C	22
PSM812_2_45492	Carbamidomethyl	C	10
PSM812_2_45493	Carbamidomethyl	C	10
PSM812_2_4550	Carbamidomethyl	C	12
PSM812_2_4550	Carbamidomethyl	C	22
PSM812_2_45504	Carbamidomethyl	C	13
PSM812_2_45505	Carbamidomethyl	C	13
PSM812_2_45506	Carbamidomethyl	C	13
PSM812_2_45507	Carbamidomethyl	C	8
PSM812_2_4551	Carbamidomethyl	C	12
PSM812_2_4551	Carbamidomethyl	C	22
PSM812_2_45513	Carbamidomethyl	C	7
PSM812_2_45514	Carbamidomethyl	C	7
PSM812_2_45515	Carbamidomethyl	C	7
PSM812_2_45518	Carbamidomethyl	C	1
PSM812_2_4552	Carbamidomethyl	C	12
PSM812_2_4552	Carbamidomethyl	C	22
PSM812_2_45528	Carbamidomethyl	C	9
PSM812_2_45529	Carbamidomethyl	C	9
PSM812_2_4553	Carbamidomethyl	C	12
PSM812_2_4553	Carbamidomethyl	C	22
PSM812_2_45530	Carbamidomethyl	C	3
PSM812_2_45536	Carbamidomethyl	C	4
PSM812_2_4554	Carbamidomethyl	C	12
PSM812_2_4554	Carbamidomethyl	C	22
PSM812_2_45541	Oxidation	M	2
PSM812_2_45543	Carbamidomethyl	C	6
PSM812_2_45547	Carbamidomethyl	C	1
PSM812_2_45549	Carbamidomethyl	C	6
PSM812_2_4555	Carbamidomethyl	C	12
PSM812_2_4555	Carbamidomethyl	C	22
PSM812_2_45550	Carbamidomethyl	C	6
PSM812_2_45551	Carbamidomethyl	C	6
PSM812_2_45552	Carbamidomethyl	C	8
PSM812_2_45553	Carbamidomethyl	C	8
PSM812_2_45555	Carbamidomethyl	C	2
PSM812_2_45555	Carbamidomethyl	C	8
PSM812_2_45556	Carbamidomethyl	C	2
PSM812_2_45556	Carbamidomethyl	C	8
PSM812_2_4556	Carbamidomethyl	C	12
PSM812_2_4556	Carbamidomethyl	C	22
PSM812_2_4557	Carbamidomethyl	C	12
PSM812_2_4557	Carbamidomethyl	C	22
PSM812_2_45577	Carbamidomethyl	C	8
PSM812_2_45578	Carbamidomethyl	C	8
PSM812_2_45579	Carbamidomethyl	C	8
PSM812_2_4558	Carbamidomethyl	C	12
PSM812_2_4558	Carbamidomethyl	C	22
PSM812_2_45582	Carbamidomethyl	C	7
PSM812_2_45585	Carbamidomethyl	C	5
PSM812_2_45588	Carbamidomethyl	C	1
PSM812_2_45588	Carbamidomethyl	C	9
PSM812_2_45591	Carbamidomethyl	C	6
PSM812_2_45592	Carbamidomethyl	C	6
PSM812_2_45595	Carbamidomethyl	C	2
PSM812_2_45595	Carbamidomethyl	C	9
PSM812_2_45596	Carbamidomethyl	C	2
PSM812_2_45596	Carbamidomethyl	C	9
PSM812_2_45597	Carbamidomethyl	C	2
PSM812_2_45597	Carbamidomethyl	C	9
PSM812_2_45598	Carbamidomethyl	C	2
PSM812_2_45598	Carbamidomethyl	C	9
PSM812_2_45599	Carbamidomethyl	C	2
PSM812_2_45599	Carbamidomethyl	C	9
PSM812_2_45609	Carbamidomethyl	C	7
PSM812_2_45617	Carbamidomethyl	C	8
PSM812_2_45623	Carbamidomethyl	C	1
PSM812_2_45623	Carbamidomethyl	C	6
PSM812_2_45624	Carbamidomethyl	C	6
PSM812_2_45624	Carbamidomethyl	C	9
PSM812_2_45625	Carbamidomethyl	C	2
PSM812_2_45625	Carbamidomethyl	C	4
PSM812_2_45626	Acetyl	N-term	
PSM812_2_45627	Carbamidomethyl	C	7
PSM812_2_45628	Carbamidomethyl	C	7
PSM812_2_45630	Carbamidomethyl	C	9
PSM812_2_45631	Carbamidomethyl	C	9
PSM812_2_45632	Gln->pyro-Glu	N-term	
PSM812_2_45633	Gln->pyro-Glu	N-term	
PSM812_2_45634	Gln->pyro-Glu	N-term	
PSM812_2_45635	Gln->pyro-Glu	N-term	
PSM812_2_45636	Gln->pyro-Glu	N-term	
PSM812_2_45637	Gln->pyro-Glu	N-term	
PSM812_2_45638	Gln->pyro-Glu	N-term	
PSM812_2_45640	Gln->pyro-Glu	N-term	
PSM812_2_45649	Carbamidomethyl	C	10
PSM812_2_45656	Carbamidomethyl	C	13
PSM812_2_45657	Carbamidomethyl	C	13
PSM812_2_45658	Carbamidomethyl	C	13
PSM812_2_45664	Carbamidomethyl	C	15
PSM812_2_45684	Carbamidomethyl	C	10
PSM812_2_45685	Carbamidomethyl	C	10
PSM812_2_45687	Carbamidomethyl	C	5
PSM812_2_45688	Carbamidomethyl	C	5
PSM812_2_45689	Carbamidomethyl	C	5
PSM812_2_45690	Carbamidomethyl	C	5
PSM812_2_45691	Carbamidomethyl	C	5
PSM812_2_45692	Carbamidomethyl	C	5
PSM812_2_45693	Carbamidomethyl	C	5
PSM812_2_45694	Carbamidomethyl	C	5
PSM812_2_45695	Carbamidomethyl	C	5
PSM812_2_45696	Carbamidomethyl	C	5
PSM812_2_45697	Carbamidomethyl	C	2
PSM812_2_45698	Carbamidomethyl	C	2
PSM812_2_45700	Carbamidomethyl	C	11
PSM812_2_45701	Carbamidomethyl	C	11
PSM812_2_45706	Carbamidomethyl	C	7
PSM812_2_45707	Carbamidomethyl	C	7
PSM812_2_45710	Carbamidomethyl	C	5
PSM812_2_45711	Carbamidomethyl	C	5
PSM812_2_45735	Carbamidomethyl	C	12
PSM812_2_45758	Carbamidomethyl	C	4
PSM812_2_45759	Carbamidomethyl	C	4
PSM812_2_45768	Carbamidomethyl	C	5
PSM812_2_45769	Carbamidomethyl	C	5
PSM812_2_45770	Carbamidomethyl	C	5
PSM812_2_45774	Carbamidomethyl	C	4
PSM812_2_45775	Carbamidomethyl	C	4
PSM812_2_45778	Carbamidomethyl	C	6
PSM812_2_45802	Carbamidomethyl	C	12
PSM812_2_45803	Carbamidomethyl	C	2
PSM812_2_45807	Carbamidomethyl	C	10
PSM812_2_45813	Carbamidomethyl	C	10
PSM812_2_45814	Carbamidomethyl	C	10
PSM812_2_45815	Carbamidomethyl	C	1
PSM812_2_45819	Carbamidomethyl	C	3
PSM812_2_4582	Carbamidomethyl	C	9
PSM812_2_45820	Carbamidomethyl	C	3
PSM812_2_45821	Carbamidomethyl	C	3
PSM812_2_45822	Carbamidomethyl	C	3
PSM812_2_45823	Carbamidomethyl	C	3
PSM812_2_45824	Carbamidomethyl	C	3
PSM812_2_45825	Carbamidomethyl	C	3
PSM812_2_45826	Carbamidomethyl	C	3
PSM812_2_45827	Carbamidomethyl	C	3
PSM812_2_45828	Carbamidomethyl	C	3
PSM812_2_45829	Carbamidomethyl	C	3
PSM812_2_4583	Carbamidomethyl	C	9
PSM812_2_4584	Carbamidomethyl	C	9
PSM812_2_4585	Carbamidomethyl	C	9
PSM812_2_45851	Carbamidomethyl	C	1
PSM812_2_45851	Carbamidomethyl	C	5
PSM812_2_45855	Carbamidomethyl	C	3
PSM812_2_45856	Carbamidomethyl	C	3
PSM812_2_4586	Carbamidomethyl	C	9
PSM812_2_45887	Carbamidomethyl	C	10
PSM812_2_45890	Carbamidomethyl	C	1
PSM812_2_45891	Carbamidomethyl	C	1
PSM812_2_45892	Carbamidomethyl	C	4
PSM812_2_45893	Carbamidomethyl	C	11
PSM812_2_45908	Carbamidomethyl	C	9
PSM812_2_45909	Carbamidomethyl	C	9
PSM812_2_45910	Carbamidomethyl	C	9
PSM812_2_45923	Carbamidomethyl	C	7
PSM812_2_45924	Carbamidomethyl	C	7
PSM812_2_45925	Carbamidomethyl	C	7
PSM812_2_45926	Carbamidomethyl	C	7
PSM812_2_45927	Carbamidomethyl	C	7
PSM812_2_45928	Carbamidomethyl	C	7
PSM812_2_45929	Carbamidomethyl	C	7
PSM812_2_45930	Carbamidomethyl	C	7
PSM812_2_45949	Carbamidomethyl	C	5
PSM812_2_45950	Carbamidomethyl	C	5
PSM812_2_45951	Carbamidomethyl	C	9
PSM812_2_45952	Carbamidomethyl	C	9
PSM812_2_45953	Carbamidomethyl	C	9
PSM812_2_45957	Carbamidomethyl	C	2
PSM812_2_45965	Carbamidomethyl	C	4
PSM812_2_45966	Carbamidomethyl	C	4
PSM812_2_4597	Carbamidomethyl	C	10
PSM812_2_45975	Carbamidomethyl	C	5
PSM812_2_45976	Carbamidomethyl	C	7
PSM812_2_45977	Carbamidomethyl	C	7
PSM812_2_45978	Carbamidomethyl	C	11
PSM812_2_4598	Carbamidomethyl	C	10
PSM812_2_4599	Carbamidomethyl	C	10
PSM812_2_45996	Carbamidomethyl	C	2
PSM812_2_45997	Carbamidomethyl	C	7
PSM812_2_4600	Carbamidomethyl	C	10
PSM812_2_46008	Carbamidomethyl	C	13
PSM812_2_4601	Carbamidomethyl	C	14
PSM812_2_4601	Carbamidomethyl	C	31
PSM812_2_46017	Carbamidomethyl	C	2
PSM812_2_46018	Carbamidomethyl	C	2
PSM812_2_4602	Carbamidomethyl	C	14
PSM812_2_4602	Carbamidomethyl	C	31
PSM812_2_46020	Carbamidomethyl	C	22
PSM812_2_46021	Carbamidomethyl	C	5
PSM812_2_46022	Carbamidomethyl	C	5
PSM812_2_4603	Carbamidomethyl	C	14
PSM812_2_4603	Carbamidomethyl	C	31
PSM812_2_4604	Carbamidomethyl	C	14
PSM812_2_4604	Carbamidomethyl	C	31
PSM812_2_46040	Carbamidomethyl	C	3
PSM812_2_46041	Carbamidomethyl	C	2
PSM812_2_4605	Carbamidomethyl	C	14
PSM812_2_4605	Carbamidomethyl	C	31
PSM812_2_46059	Carbamidomethyl	C	6
PSM812_2_46059	Carbamidomethyl	C	9
PSM812_2_46074	Carbamidomethyl	C	2
PSM812_2_46074	Carbamidomethyl	C	4
PSM812_2_46077	Carbamidomethyl	C	9
PSM812_2_46086	Carbamidomethyl	C	7
PSM812_2_46087	Carbamidomethyl	C	7
PSM812_2_46088	Carbamidomethyl	C	7
PSM812_2_46089	Carbamidomethyl	C	6
PSM812_2_46089	Carbamidomethyl	C	15
PSM812_2_46090	Carbamidomethyl	C	6
PSM812_2_46090	Carbamidomethyl	C	15
PSM812_2_46140	Carbamidomethyl	C	1
PSM812_2_46141	Carbamidomethyl	C	1
PSM812_2_46145	Carbamidomethyl	C	5
PSM812_2_4615	Carbamidomethyl	C	14
PSM812_2_46164	Carbamidomethyl	C	5
PSM812_2_46167	Carbamidomethyl	C	6
PSM812_2_46172	Carbamidomethyl	C	6
PSM812_2_46173	Carbamidomethyl	C	6
PSM812_2_46184	Carbamidomethyl	C	7
PSM812_2_46204	Carbamidomethyl	C	2
PSM812_2_46205	Carbamidomethyl	C	2
PSM812_2_4621	Carbamidomethyl	C	19
PSM812_2_46215	Carbamidomethyl	C	1
PSM812_2_46219	Carbamidomethyl	C	1
PSM812_2_4622	Carbamidomethyl	C	19
PSM812_2_46220	Carbamidomethyl	C	1
PSM812_2_46223	Carbamidomethyl	C	13
PSM812_2_46226	Carbamidomethyl	C	5
PSM812_2_46227	Carbamidomethyl	C	5
PSM812_2_46228	Carbamidomethyl	C	5
PSM812_2_46229	Carbamidomethyl	C	5
PSM812_2_4623	Carbamidomethyl	C	19
PSM812_2_46230	Carbamidomethyl	C	5
PSM812_2_46233	Carbamidomethyl	C	9
PSM812_2_46234	Carbamidomethyl	C	2
PSM812_2_46235	Carbamidomethyl	C	2
PSM812_2_4624	Carbamidomethyl	C	19
PSM812_2_46240	Carbamidomethyl	C	12
PSM812_2_46249	Carbamidomethyl	C	6
PSM812_2_46249	Carbamidomethyl	C	9
PSM812_2_46251	Carbamidomethyl	C	5
PSM812_2_46251	Carbamidomethyl	C	11
PSM812_2_46252	Carbamidomethyl	C	5
PSM812_2_46252	Carbamidomethyl	C	11
PSM812_2_46253	Carbamidomethyl	C	5
PSM812_2_46253	Carbamidomethyl	C	11
PSM812_2_46254	Carbamidomethyl	C	4
PSM812_2_46254	Carbamidomethyl	C	9
PSM812_2_46255	Carbamidomethyl	C	4
PSM812_2_46255	Carbamidomethyl	C	9
PSM812_2_46258	Carbamidomethyl	C	7
PSM812_2_46263	Carbamidomethyl	C	9
PSM812_2_46288	Carbamidomethyl	C	11
PSM812_2_46327	Carbamidomethyl	C	2
PSM812_2_46327	Carbamidomethyl	C	3
PSM812_2_46330	Carbamidomethyl	C	9
PSM812_2_46330	Carbamidomethyl	C	12
PSM812_2_46340	Carbamidomethyl	C	1
PSM812_2_46341	Carbamidomethyl	C	1
PSM812_2_46368	Carbamidomethyl	C	6
PSM812_2_46368	Carbamidomethyl	C	10
PSM812_2_46369	Carbamidomethyl	C	6
PSM812_2_46369	Carbamidomethyl	C	10
PSM812_2_46419	Carbamidomethyl	C	7
PSM812_2_46430	Carbamidomethyl	C	10
PSM812_2_46432	Carbamidomethyl	C	6
PSM812_2_46433	Carbamidomethyl	C	6
PSM812_2_46434	Carbamidomethyl	C	6
PSM812_2_46452	Carbamidomethyl	C	9
PSM812_2_46453	Carbamidomethyl	C	3
PSM812_2_46455	Carbamidomethyl	C	7
PSM812_2_46457	Carbamidomethyl	C	14
PSM812_2_46458	Carbamidomethyl	C	14
PSM812_2_46462	Carbamidomethyl	C	19
PSM812_2_46469	Carbamidomethyl	C	4
PSM812_2_46470	Carbamidomethyl	C	4
PSM812_2_46490	Carbamidomethyl	C	9
PSM812_2_46491	Carbamidomethyl	C	9
PSM812_2_46501	Carbamidomethyl	C	7
PSM812_2_46502	Carbamidomethyl	C	7
PSM812_2_46503	Carbamidomethyl	C	14
PSM812_2_46504	Carbamidomethyl	C	14
PSM812_2_46505	Carbamidomethyl	C	14
PSM812_2_46517	Carbamidomethyl	C	7
PSM812_2_46520	Carbamidomethyl	C	10
PSM812_2_46522	Carbamidomethyl	C	3
PSM812_2_46522	Carbamidomethyl	C	7
PSM812_2_46530	Carbamidomethyl	C	7
PSM812_2_46535	Carbamidomethyl	C	2
PSM812_2_46536	Carbamidomethyl	C	2
PSM812_2_46537	Carbamidomethyl	C	2
PSM812_2_46542	Carbamidomethyl	C	11
PSM812_2_46546	Carbamidomethyl	C	9
PSM812_2_46547	Carbamidomethyl	C	9
PSM812_2_46548	Carbamidomethyl	C	9
PSM812_2_46549	Carbamidomethyl	C	15
PSM812_2_46552	Carbamidomethyl	C	5
PSM812_2_46562	Carbamidomethyl	C	6
PSM812_2_46595	Carbamidomethyl	C	6
PSM812_2_4660	Carbamidomethyl	C	3
PSM812_2_4660	Carbamidomethyl	C	4
PSM812_2_46608	Carbamidomethyl	C	2
PSM812_2_4661	Carbamidomethyl	C	3
PSM812_2_4661	Carbamidomethyl	C	4
PSM812_2_46614	Carbamidomethyl	C	2
PSM812_2_46614	Carbamidomethyl	C	3
PSM812_2_46615	Carbamidomethyl	C	2
PSM812_2_46615	Carbamidomethyl	C	3
PSM812_2_46616	Carbamidomethyl	C	7
PSM812_2_46624	Carbamidomethyl	C	10
PSM812_2_46625	Carbamidomethyl	C	10
PSM812_2_46626	Carbamidomethyl	C	10
PSM812_2_46627	Carbamidomethyl	C	10
PSM812_2_46628	Carbamidomethyl	C	10
PSM812_2_46629	Carbamidomethyl	C	10
PSM812_2_46639	Carbamidomethyl	C	8
PSM812_2_46643	Carbamidomethyl	C	3
PSM812_2_46649	Carbamidomethyl	C	5
PSM812_2_46655	Carbamidomethyl	C	3
PSM812_2_46695	Carbamidomethyl	C	16
PSM812_2_46696	Carbamidomethyl	C	16
PSM812_2_46715	Carbamidomethyl	C	5
PSM812_2_46715	Carbamidomethyl	C	8
PSM812_2_46720	Carbamidomethyl	C	4
PSM812_2_46721	Carbamidomethyl	C	4
PSM812_2_46722	Carbamidomethyl	C	4
PSM812_2_46732	Carbamidomethyl	C	4
PSM812_2_46733	Carbamidomethyl	C	4
PSM812_2_46734	Carbamidomethyl	C	4
PSM812_2_46735	Carbamidomethyl	C	4
PSM812_2_46763	Carbamidomethyl	C	18
PSM812_2_46768	Carbamidomethyl	C	2
PSM812_2_46770	Carbamidomethyl	C	11
PSM812_2_46771	Carbamidomethyl	C	11
PSM812_2_46773	Carbamidomethyl	C	6
PSM812_2_46774	Carbamidomethyl	C	6
PSM812_2_46775	Carbamidomethyl	C	6
PSM812_2_46776	Carbamidomethyl	C	6
PSM812_2_46777	Carbamidomethyl	C	6
PSM812_2_46778	Carbamidomethyl	C	6
PSM812_2_46779	Carbamidomethyl	C	6
PSM812_2_46794	Carbamidomethyl	C	10
PSM812_2_46795	Carbamidomethyl	C	10
PSM812_2_46796	Carbamidomethyl	C	10
PSM812_2_46797	Carbamidomethyl	C	10
PSM812_2_46798	Carbamidomethyl	C	10
PSM812_2_46799	Carbamidomethyl	C	10
PSM812_2_46800	Carbamidomethyl	C	10
PSM812_2_46801	Carbamidomethyl	C	10
PSM812_2_46802	Carbamidomethyl	C	10
PSM812_2_46803	Carbamidomethyl	C	10
PSM812_2_46804	Carbamidomethyl	C	10
PSM812_2_46826	Carbamidomethyl	C	5
PSM812_2_46826	Carbamidomethyl	C	14
PSM812_2_46857	Carbamidomethyl	C	3
PSM812_2_46857	Carbamidomethyl	C	4
PSM812_2_46862	Carbamidomethyl	C	5
PSM812_2_46866	Carbamidomethyl	C	6
PSM812_2_46867	Carbamidomethyl	C	6
PSM812_2_46868	Carbamidomethyl	C	6
PSM812_2_46884	Carbamidomethyl	C	9
PSM812_2_46888	Carbamidomethyl	C	8
PSM812_2_46889	Carbamidomethyl	C	7
PSM812_2_46894	Carbamidomethyl	C	6
PSM812_2_46900	Carbamidomethyl	C	8
PSM812_2_46901	Carbamidomethyl	C	8
PSM812_2_46902	Carbamidomethyl	C	8
PSM812_2_4691	Carbamidomethyl	C	14
PSM812_2_4691	Carbamidomethyl	C	20
PSM812_2_46911	Carbamidomethyl	C	10
PSM812_2_46914	Carbamidomethyl	C	5
PSM812_2_46915	Carbamidomethyl	C	5
PSM812_2_4692	Carbamidomethyl	C	14
PSM812_2_4692	Carbamidomethyl	C	20
PSM812_2_46920	Carbamidomethyl	C	6
PSM812_2_46920	Carbamidomethyl	C	11
PSM812_2_46920	Carbamidomethyl	C	14
PSM812_2_46920	Carbamidomethyl	C	18
PSM812_2_46921	Carbamidomethyl	C	6
PSM812_2_46921	Carbamidomethyl	C	11
PSM812_2_46921	Carbamidomethyl	C	14
PSM812_2_46921	Carbamidomethyl	C	18
PSM812_2_46922	Carbamidomethyl	C	5
PSM812_2_46923	Carbamidomethyl	C	5
PSM812_2_46924	Carbamidomethyl	C	12
PSM812_2_46926	Carbamidomethyl	C	5
PSM812_2_46934	Carbamidomethyl	C	16
PSM812_2_46938	Ammonia-loss	N-term	
PSM812_2_46938	Carbamidomethyl	C	1
PSM812_2_46939	Ammonia-loss	N-term	
PSM812_2_46939	Carbamidomethyl	C	1
PSM812_2_46942	Carbamidomethyl	C	5
PSM812_2_46943	Gln->pyro-Glu	N-term	
PSM812_2_46943	Carbamidomethyl	C	2
PSM812_2_46944	Acetyl	N-term	
PSM812_2_46945	Acetyl	N-term	
PSM812_2_46951	Gln->pyro-Glu	N-term	
PSM812_2_46957	Acetyl	N-term	
PSM812_2_46958	Acetyl	N-term	
PSM812_2_46962	Acetyl	N-term	
PSM812_2_46962	Carbamidomethyl	C	3
PSM812_2_46963	Carbamidomethyl	C	16
PSM812_2_46963	Carbamidomethyl	C	24
PSM812_2_46964	Carbamidomethyl	C	16
PSM812_2_46964	Carbamidomethyl	C	24
PSM812_2_46965	Ammonia-loss	N-term	
PSM812_2_46965	Carbamidomethyl	C	1
PSM812_2_46965	Carbamidomethyl	C	13
PSM812_2_46965	Carbamidomethyl	C	16
PSM812_2_46965	Carbamidomethyl	C	18
PSM812_2_46965	Carbamidomethyl	C	28
PSM812_2_46974	Carbamidomethyl	C	2
PSM812_2_46975	Carbamidomethyl	C	1
PSM812_2_46975	Carbamidomethyl	C	8
PSM812_2_46976	Carbamidomethyl	C	1
PSM812_2_46976	Carbamidomethyl	C	8
PSM812_2_46977	Gln->pyro-Glu	N-term	
PSM812_2_46978	Carbamidomethyl	C	9
PSM812_2_4698	Carbamidomethyl	C	6
PSM812_2_46981	Gln->pyro-Glu	N-term	
PSM812_2_46982	Gln->pyro-Glu	N-term	
PSM812_2_46983	Gln->pyro-Glu	N-term	
PSM812_2_4699	Carbamidomethyl	C	6
PSM812_2_46990	Ammonia-loss	N-term	
PSM812_2_46990	Carbamidomethyl	C	1
PSM812_2_46991	Ammonia-loss	N-term	
PSM812_2_46991	Carbamidomethyl	C	1
PSM812_2_46992	Gln->pyro-Glu	N-term	
PSM812_2_46993	Ammonia-loss	N-term	
PSM812_2_46993	Carbamidomethyl	C	1
PSM812_2_46993	Carbamidomethyl	C	4
PSM812_2_46994	Ammonia-loss	N-term	
PSM812_2_46994	Carbamidomethyl	C	1
PSM812_2_46994	Carbamidomethyl	C	4
PSM812_2_46995	Ammonia-loss	N-term	
PSM812_2_46995	Carbamidomethyl	C	1
PSM812_2_46995	Carbamidomethyl	C	4
PSM812_2_46996	Ammonia-loss	N-term	
PSM812_2_46996	Carbamidomethyl	C	1
PSM812_2_46997	Gln->pyro-Glu	N-term	
PSM812_2_46998	Gln->pyro-Glu	N-term	
PSM812_2_4700	Carbamidomethyl	C	6
PSM812_2_47004	Gln->pyro-Glu	N-term	
PSM812_2_47006	Gln->pyro-Glu	N-term	
PSM812_2_47007	Gln->pyro-Glu	N-term	
PSM812_2_47008	Acetyl	N-term	
PSM812_2_4701	Carbamidomethyl	C	6
PSM812_2_47018	Carbamidomethyl	C	5
PSM812_2_4702	Carbamidomethyl	C	21
PSM812_2_4702	Carbamidomethyl	C	22
PSM812_2_47024	Carbamidomethyl	C	6
PSM812_2_47026	Carbamidomethyl	C	6
PSM812_2_4703	Carbamidomethyl	C	21
PSM812_2_4703	Carbamidomethyl	C	22
PSM812_2_4704	Carbamidomethyl	C	21
PSM812_2_4704	Carbamidomethyl	C	22
PSM812_2_4705	Carbamidomethyl	C	21
PSM812_2_4705	Carbamidomethyl	C	22
PSM812_2_47055	Carbamidomethyl	C	3
PSM812_2_47059	Carbamidomethyl	C	8
PSM812_2_4706	Carbamidomethyl	C	21
PSM812_2_4706	Carbamidomethyl	C	22
PSM812_2_47060	Carbamidomethyl	C	8
PSM812_2_47061	Carbamidomethyl	C	8
PSM812_2_47109	Carbamidomethyl	C	12
PSM812_2_47110	Carbamidomethyl	C	12
PSM812_2_47116	Carbamidomethyl	C	8
PSM812_2_47117	Carbamidomethyl	C	8
PSM812_2_47118	Carbamidomethyl	C	8
PSM812_2_47120	Carbamidomethyl	C	3
PSM812_2_47121	Carbamidomethyl	C	3
PSM812_2_47122	Carbamidomethyl	C	3
PSM812_2_47123	Carbamidomethyl	C	9
PSM812_2_47124	Carbamidomethyl	C	9
PSM812_2_47125	Carbamidomethyl	C	14
PSM812_2_47128	Carbamidomethyl	C	15
PSM812_2_47129	Carbamidomethyl	C	15
PSM812_2_47130	Carbamidomethyl	C	7
PSM812_2_47134	Carbamidomethyl	C	13
PSM812_2_47137	Carbamidomethyl	C	11
PSM812_2_47175	Carbamidomethyl	C	19
PSM812_2_47189	Carbamidomethyl	C	6
PSM812_2_4719	Acetyl	N-term	
PSM812_2_47192	Carbamidomethyl	C	4
PSM812_2_47193	Carbamidomethyl	C	4
PSM812_2_4720	Acetyl	N-term	
PSM812_2_47207	Carbamidomethyl	C	12
PSM812_2_4721	Acetyl	N-term	
PSM812_2_47219	Carbamidomethyl	C	12
PSM812_2_4722	Acetyl	N-term	
PSM812_2_47220	Carbamidomethyl	C	12
PSM812_2_47221	Carbamidomethyl	C	12
PSM812_2_47224	Carbamidomethyl	C	3
PSM812_2_47225	Carbamidomethyl	C	3
PSM812_2_47227	Carbamidomethyl	C	7
PSM812_2_4723	Gln->pyro-Glu	N-term	
PSM812_2_4723	Carbamidomethyl	C	22
PSM812_2_4724	Gln->pyro-Glu	N-term	
PSM812_2_4724	Carbamidomethyl	C	22
PSM812_2_47243	Carbamidomethyl	C	4
PSM812_2_47244	Carbamidomethyl	C	4
PSM812_2_47245	Carbamidomethyl	C	4
PSM812_2_4725	Gln->pyro-Glu	N-term	
PSM812_2_4725	Carbamidomethyl	C	22
PSM812_2_4726	Gln->pyro-Glu	N-term	
PSM812_2_4726	Carbamidomethyl	C	22
PSM812_2_4727	Carbamidomethyl	C	15
PSM812_2_47271	Carbamidomethyl	C	11
PSM812_2_47272	Carbamidomethyl	C	11
PSM812_2_47276	Carbamidomethyl	C	5
PSM812_2_47277	Carbamidomethyl	C	5
PSM812_2_47278	Carbamidomethyl	C	1
PSM812_2_47278	Carbamidomethyl	C	8
PSM812_2_47279	Carbamidomethyl	C	1
PSM812_2_47279	Carbamidomethyl	C	8
PSM812_2_4728	Carbamidomethyl	C	15
PSM812_2_47280	Carbamidomethyl	C	1
PSM812_2_47280	Carbamidomethyl	C	8
PSM812_2_4729	Carbamidomethyl	C	15
PSM812_2_47296	Carbamidomethyl	C	7
PSM812_2_47297	Carbamidomethyl	C	7
PSM812_2_47298	Carbamidomethyl	C	7
PSM812_2_47299	Carbamidomethyl	C	7
PSM812_2_4730	Carbamidomethyl	C	15
PSM812_2_47300	Carbamidomethyl	C	7
PSM812_2_47301	Carbamidomethyl	C	7
PSM812_2_4731	Carbamidomethyl	C	15
PSM812_2_47310	Carbamidomethyl	C	12
PSM812_2_47319	Carbamidomethyl	C	18
PSM812_2_4732	Carbamidomethyl	C	15
PSM812_2_47320	Carbamidomethyl	C	18
PSM812_2_47328	Carbamidomethyl	C	4
PSM812_2_47329	Carbamidomethyl	C	4
PSM812_2_4733	Carbamidomethyl	C	15
PSM812_2_47333	Carbamidomethyl	C	9
PSM812_2_47334	Carbamidomethyl	C	9
PSM812_2_4734	Carbamidomethyl	C	15
PSM812_2_4735	Carbamidomethyl	C	15
PSM812_2_4736	Carbamidomethyl	C	15
PSM812_2_4737	Carbamidomethyl	C	15
PSM812_2_47375	Carbamidomethyl	C	11
PSM812_2_4738	Gln->pyro-Glu	N-term	
PSM812_2_47387	Carbamidomethyl	C	8
PSM812_2_47388	Carbamidomethyl	C	8
PSM812_2_47389	Carbamidomethyl	C	8
PSM812_2_4739	Gln->pyro-Glu	N-term	
PSM812_2_47390	Carbamidomethyl	C	9
PSM812_2_47391	Carbamidomethyl	C	9
PSM812_2_47393	Carbamidomethyl	C	9
PSM812_2_4740	Gln->pyro-Glu	N-term	
PSM812_2_4741	Gln->pyro-Glu	N-term	
PSM812_2_47411	Carbamidomethyl	C	11
PSM812_2_47412	Carbamidomethyl	C	11
PSM812_2_47413	Carbamidomethyl	C	11
PSM812_2_47414	Carbamidomethyl	C	11
PSM812_2_47415	Carbamidomethyl	C	11
PSM812_2_47416	Carbamidomethyl	C	11
PSM812_2_4742	Gln->pyro-Glu	N-term	
PSM812_2_4742	Carbamidomethyl	C	7
PSM812_2_47421	Oxidation	M	5
PSM812_2_47422	Oxidation	M	5
PSM812_2_47423	Oxidation	M	5
PSM812_2_47424	Oxidation	M	5
PSM812_2_4743	Gln->pyro-Glu	N-term	
PSM812_2_4743	Carbamidomethyl	C	7
PSM812_2_4744	Gln->pyro-Glu	N-term	
PSM812_2_4744	Carbamidomethyl	C	7
PSM812_2_4745	Gln->pyro-Glu	N-term	
PSM812_2_4745	Carbamidomethyl	C	7
PSM812_2_47458	Carbamidomethyl	C	10
PSM812_2_47459	Carbamidomethyl	C	10
PSM812_2_4746	Gln->pyro-Glu	N-term	
PSM812_2_4746	Carbamidomethyl	C	7
PSM812_2_47471	Carbamidomethyl	C	5
PSM812_2_47499	Carbamidomethyl	C	10
PSM812_2_47505	Carbamidomethyl	C	4
PSM812_2_47506	Carbamidomethyl	C	4
PSM812_2_47507	Carbamidomethyl	C	4
PSM812_2_47511	Carbamidomethyl	C	15
PSM812_2_47534	Carbamidomethyl	C	2
PSM812_2_47534	Carbamidomethyl	C	19
PSM812_2_47535	Carbamidomethyl	C	2
PSM812_2_47535	Carbamidomethyl	C	19
PSM812_2_47546	Carbamidomethyl	C	18
PSM812_2_47551	Carbamidomethyl	C	8
PSM812_2_47567	Carbamidomethyl	C	3
PSM812_2_47567	Carbamidomethyl	C	10
PSM812_2_47568	Carbamidomethyl	C	3
PSM812_2_47568	Carbamidomethyl	C	10
PSM812_2_47569	Carbamidomethyl	C	2
PSM812_2_47569	Carbamidomethyl	C	10
PSM812_2_47570	Carbamidomethyl	C	2
PSM812_2_47570	Carbamidomethyl	C	10
PSM812_2_47571	Carbamidomethyl	C	2
PSM812_2_47571	Carbamidomethyl	C	10
PSM812_2_47572	Carbamidomethyl	C	2
PSM812_2_47572	Carbamidomethyl	C	10
PSM812_2_47580	Carbamidomethyl	C	1
PSM812_2_47581	Carbamidomethyl	C	1
PSM812_2_47584	Carbamidomethyl	C	14
PSM812_2_47585	Carbamidomethyl	C	14
PSM812_2_47586	Carbamidomethyl	C	14
PSM812_2_47587	Carbamidomethyl	C	14
PSM812_2_47592	Carbamidomethyl	C	2
PSM812_2_47592	Carbamidomethyl	C	5
PSM812_2_47592	Carbamidomethyl	C	6
PSM812_2_47597	Carbamidomethyl	C	6
PSM812_2_47597	Carbamidomethyl	C	11
PSM812_2_47598	Carbamidomethyl	C	6
PSM812_2_47598	Carbamidomethyl	C	11
PSM812_2_47599	Carbamidomethyl	C	6
PSM812_2_47599	Carbamidomethyl	C	11
PSM812_2_47605	Carbamidomethyl	C	7
PSM812_2_47622	Carbamidomethyl	C	2
PSM812_2_47623	Carbamidomethyl	C	4
PSM812_2_47624	Carbamidomethyl	C	4
PSM812_2_47630	Carbamidomethyl	C	9
PSM812_2_47631	Carbamidomethyl	C	9
PSM812_2_47635	Carbamidomethyl	C	11
PSM812_2_47636	Carbamidomethyl	C	11
PSM812_2_47637	Carbamidomethyl	C	11
PSM812_2_47646	Carbamidomethyl	C	9
PSM812_2_47647	Carbamidomethyl	C	5
PSM812_2_47648	Carbamidomethyl	C	5
PSM812_2_47649	Carbamidomethyl	C	5
PSM812_2_47650	Carbamidomethyl	C	5
PSM812_2_47657	Carbamidomethyl	C	5
PSM812_2_477	Carbamidomethyl	C	14
PSM812_2_47700	Carbamidomethyl	C	2
PSM812_2_47712	Carbamidomethyl	C	10
PSM812_2_47713	Carbamidomethyl	C	10
PSM812_2_47714	Carbamidomethyl	C	15
PSM812_2_47719	Carbamidomethyl	C	3
PSM812_2_47720	Carbamidomethyl	C	3
PSM812_2_47721	Carbamidomethyl	C	3
PSM812_2_47727	Carbamidomethyl	C	15
PSM812_2_47728	Carbamidomethyl	C	15
PSM812_2_47729	Carbamidomethyl	C	15
PSM812_2_47740	Carbamidomethyl	C	4
PSM812_2_47741	Carbamidomethyl	C	4
PSM812_2_47756	Carbamidomethyl	C	8
PSM812_2_47757	Carbamidomethyl	C	8
PSM812_2_47764	Carbamidomethyl	C	7
PSM812_2_47765	Carbamidomethyl	C	7
PSM812_2_4777	Carbamidomethyl	C	7
PSM812_2_4777	Carbamidomethyl	C	11
PSM812_2_47771	Carbamidomethyl	C	6
PSM812_2_47773	Carbamidomethyl	C	3
PSM812_2_47773	Carbamidomethyl	C	4
PSM812_2_4778	Carbamidomethyl	C	7
PSM812_2_4778	Carbamidomethyl	C	11
PSM812_2_4779	Carbamidomethyl	C	7
PSM812_2_4779	Carbamidomethyl	C	11
PSM812_2_478	Carbamidomethyl	C	14
PSM812_2_4780	Carbamidomethyl	C	7
PSM812_2_4780	Carbamidomethyl	C	11
PSM812_2_47803	Carbamidomethyl	C	5
PSM812_2_47804	Carbamidomethyl	C	5
PSM812_2_4781	Carbamidomethyl	C	7
PSM812_2_4781	Carbamidomethyl	C	11
PSM812_2_47811	Carbamidomethyl	C	11
PSM812_2_47812	Carbamidomethyl	C	11
PSM812_2_4782	Carbamidomethyl	C	7
PSM812_2_4782	Carbamidomethyl	C	11
PSM812_2_47824	Carbamidomethyl	C	3
PSM812_2_47824	Carbamidomethyl	C	15
PSM812_2_47825	Carbamidomethyl	C	3
PSM812_2_47825	Carbamidomethyl	C	15
PSM812_2_4783	Carbamidomethyl	C	7
PSM812_2_4783	Carbamidomethyl	C	11
PSM812_2_4784	Carbamidomethyl	C	7
PSM812_2_4784	Carbamidomethyl	C	11
PSM812_2_4785	Carbamidomethyl	C	7
PSM812_2_4785	Carbamidomethyl	C	11
PSM812_2_4786	Carbamidomethyl	C	7
PSM812_2_4786	Carbamidomethyl	C	11
PSM812_2_47862	Carbamidomethyl	C	10
PSM812_2_47863	Carbamidomethyl	C	10
PSM812_2_47864	Carbamidomethyl	C	10
PSM812_2_47865	Carbamidomethyl	C	10
PSM812_2_47866	Carbamidomethyl	C	10
PSM812_2_47867	Carbamidomethyl	C	10
PSM812_2_47868	Carbamidomethyl	C	10
PSM812_2_4787	Carbamidomethyl	C	7
PSM812_2_4787	Carbamidomethyl	C	11
PSM812_2_47873	Carbamidomethyl	C	9
PSM812_2_47874	Carbamidomethyl	C	9
PSM812_2_47876	Carbamidomethyl	C	6
PSM812_2_47877	Carbamidomethyl	C	12
PSM812_2_4788	Carbamidomethyl	C	7
PSM812_2_4788	Carbamidomethyl	C	11
PSM812_2_47882	Carbamidomethyl	C	11
PSM812_2_47883	Carbamidomethyl	C	11
PSM812_2_4789	Carbamidomethyl	C	7
PSM812_2_4789	Carbamidomethyl	C	11
PSM812_2_479	Carbamidomethyl	C	14
PSM812_2_4790	Carbamidomethyl	C	7
PSM812_2_4790	Carbamidomethyl	C	11
PSM812_2_4791	Carbamidomethyl	C	7
PSM812_2_4791	Carbamidomethyl	C	11
PSM812_2_4792	Carbamidomethyl	C	7
PSM812_2_4792	Carbamidomethyl	C	11
PSM812_2_47920	Carbamidomethyl	C	12
PSM812_2_47921	Carbamidomethyl	C	12
PSM812_2_47922	Carbamidomethyl	C	12
PSM812_2_4793	Carbamidomethyl	C	7
PSM812_2_4793	Carbamidomethyl	C	11
PSM812_2_47934	Carbamidomethyl	C	13
PSM812_2_47935	Carbamidomethyl	C	13
PSM812_2_47938	Carbamidomethyl	C	3
PSM812_2_47938	Carbamidomethyl	C	15
PSM812_2_47939	Carbamidomethyl	C	16
PSM812_2_4794	Carbamidomethyl	C	7
PSM812_2_4794	Carbamidomethyl	C	11
PSM812_2_47940	Carbamidomethyl	C	16
PSM812_2_47946	Carbamidomethyl	C	3
PSM812_2_47946	Carbamidomethyl	C	18
PSM812_2_47947	Carbamidomethyl	C	2
PSM812_2_4795	Carbamidomethyl	C	7
PSM812_2_4795	Carbamidomethyl	C	11
PSM812_2_47951	Carbamidomethyl	C	5
PSM812_2_47959	Carbamidomethyl	C	7
PSM812_2_47971	Carbamidomethyl	C	9
PSM812_2_47972	Carbamidomethyl	C	2
PSM812_2_47972	Carbamidomethyl	C	5
PSM812_2_47972	Carbamidomethyl	C	7
PSM812_2_47976	Carbamidomethyl	C	6
PSM812_2_47977	Carbamidomethyl	C	6
PSM812_2_47978	Carbamidomethyl	C	6
PSM812_2_47980	Carbamidomethyl	C	1
PSM812_2_480	Carbamidomethyl	C	14
PSM812_2_48018	Oxidation	M	1
PSM812_2_48031	Carbamidomethyl	C	5
PSM812_2_48063	Carbamidomethyl	C	6
PSM812_2_48064	Carbamidomethyl	C	12
PSM812_2_48067	Carbamidomethyl	C	6
PSM812_2_48068	Carbamidomethyl	C	11
PSM812_2_48075	Carbamidomethyl	C	11
PSM812_2_48096	Carbamidomethyl	C	2
PSM812_2_48097	Carbamidomethyl	C	2
PSM812_2_481	Carbamidomethyl	C	14
PSM812_2_48109	Carbamidomethyl	C	12
PSM812_2_48110	Carbamidomethyl	C	12
PSM812_2_48111	Carbamidomethyl	C	12
PSM812_2_48112	Carbamidomethyl	C	12
PSM812_2_48123	Carbamidomethyl	C	2
PSM812_2_48124	Carbamidomethyl	C	7
PSM812_2_48129	Gln->pyro-Glu	N-term	
PSM812_2_48129	Carbamidomethyl	C	10
PSM812_2_48130	Gln->pyro-Glu	N-term	
PSM812_2_48131	Ammonia-loss	N-term	
PSM812_2_48131	Carbamidomethyl	C	1
PSM812_2_48132	Carbamidomethyl	C	4
PSM812_2_48133	Carbamidomethyl	C	4
PSM812_2_48134	Ammonia-loss	N-term	
PSM812_2_48134	Carbamidomethyl	C	1
PSM812_2_48135	Ammonia-loss	N-term	
PSM812_2_48135	Carbamidomethyl	C	1
PSM812_2_48136	Ammonia-loss	N-term	
PSM812_2_48136	Carbamidomethyl	C	1
PSM812_2_48137	Gln->pyro-Glu	N-term	
PSM812_2_48138	Gln->pyro-Glu	N-term	
PSM812_2_48139	Gln->pyro-Glu	N-term	
PSM812_2_48140	Gln->pyro-Glu	N-term	
PSM812_2_48141	Gln->pyro-Glu	N-term	
PSM812_2_48141	Carbamidomethyl	C	4
PSM812_2_48141	Carbamidomethyl	C	8
PSM812_2_48142	Gln->pyro-Glu	N-term	
PSM812_2_48143	Gln->pyro-Glu	N-term	
PSM812_2_48144	Gln->pyro-Glu	N-term	
PSM812_2_48145	Gln->pyro-Glu	N-term	
PSM812_2_48147	Acetyl	N-term	
PSM812_2_48148	Acetyl	N-term	
PSM812_2_48149	Acetyl	N-term	
PSM812_2_48150	Ammonia-loss	N-term	
PSM812_2_48150	Carbamidomethyl	C	1
PSM812_2_48151	Gln->pyro-Glu	N-term	
PSM812_2_48152	Carbamidomethyl	C	16
PSM812_2_48153	Ammonia-loss	N-term	
PSM812_2_48153	Carbamidomethyl	C	1
PSM812_2_48154	Ammonia-loss	N-term	
PSM812_2_48154	Carbamidomethyl	C	1
PSM812_2_48155	Acetyl	N-term	
PSM812_2_48156	Acetyl	N-term	
PSM812_2_48158	Carbamidomethyl	C	13
PSM812_2_48159	Gln->pyro-Glu	N-term	
PSM812_2_48160	Gln->pyro-Glu	N-term	
PSM812_2_48161	Gln->pyro-Glu	N-term	
PSM812_2_48161	Carbamidomethyl	C	15
PSM812_2_48165	Carbamidomethyl	C	4
PSM812_2_48166	Carbamidomethyl	C	4
PSM812_2_48167	Gln->pyro-Glu	N-term	
PSM812_2_48168	Gln->pyro-Glu	N-term	
PSM812_2_48169	Gln->pyro-Glu	N-term	
PSM812_2_48172	Carbamidomethyl	C	7
PSM812_2_48173	Carbamidomethyl	C	7
PSM812_2_48174	Carbamidomethyl	C	7
PSM812_2_48175	Acetyl	N-term	
PSM812_2_48176	Acetyl	N-term	
PSM812_2_48177	Acetyl	N-term	
PSM812_2_48178	Ammonia-loss	N-term	
PSM812_2_48178	Carbamidomethyl	C	1
PSM812_2_48179	Ammonia-loss	N-term	
PSM812_2_48179	Carbamidomethyl	C	1
PSM812_2_48180	Ammonia-loss	N-term	
PSM812_2_48180	Carbamidomethyl	C	1
PSM812_2_48183	Ammonia-loss	N-term	
PSM812_2_48183	Carbamidomethyl	C	1
PSM812_2_48183	Carbamidomethyl	C	10
PSM812_2_48184	Acetyl	N-term	
PSM812_2_48185	Gln->pyro-Glu	N-term	
PSM812_2_48186	Gln->pyro-Glu	N-term	
PSM812_2_48187	Gln->pyro-Glu	N-term	
PSM812_2_48188	Gln->pyro-Glu	N-term	
PSM812_2_48188	Carbamidomethyl	C	2
PSM812_2_48189	Gln->pyro-Glu	N-term	
PSM812_2_48189	Carbamidomethyl	C	3
PSM812_2_48190	Gln->pyro-Glu	N-term	
PSM812_2_48190	Carbamidomethyl	C	3
PSM812_2_48191	Acetyl	N-term	
PSM812_2_48192	Acetyl	N-term	
PSM812_2_48194	Acetyl	N-term	
PSM812_2_48195	Acetyl	N-term	
PSM812_2_48196	Acetyl	N-term	
PSM812_2_48196	Carbamidomethyl	C	1
PSM812_2_48197	Acetyl	N-term	
PSM812_2_48197	Carbamidomethyl	C	1
PSM812_2_48198	Acetyl	N-term	
PSM812_2_48198	Carbamidomethyl	C	1
PSM812_2_48199	Acetyl	N-term	
PSM812_2_48199	Oxidation	M	1
PSM812_2_482	Carbamidomethyl	C	14
PSM812_2_48200	Acetyl	N-term	
PSM812_2_48200	Oxidation	M	1
PSM812_2_48201	Acetyl	N-term	
PSM812_2_48201	Oxidation	M	1
PSM812_2_48202	Acetyl	N-term	
PSM812_2_48202	Oxidation	M	1
PSM812_2_48203	Ammonia-loss	N-term	
PSM812_2_48203	Carbamidomethyl	C	1
PSM812_2_48204	Ammonia-loss	N-term	
PSM812_2_48204	Carbamidomethyl	C	1
PSM812_2_48205	Gln->pyro-Glu	N-term	
PSM812_2_48206	Gln->pyro-Glu	N-term	
PSM812_2_48212	Gln->pyro-Glu	N-term	
PSM812_2_48213	Carbamidomethyl	C	6
PSM812_2_48215	Gln->pyro-Glu	N-term	
PSM812_2_48215	Carbamidomethyl	C	13
PSM812_2_48216	Acetyl	N-term	
PSM812_2_48217	Acetyl	N-term	
PSM812_2_48218	Gln->pyro-Glu	N-term	
PSM812_2_48218	Carbamidomethyl	C	7
PSM812_2_48219	Carbamidomethyl	C	15
PSM812_2_48221	Gln->pyro-Glu	N-term	
PSM812_2_48234	Oxidation	M	9
PSM812_2_48234	Oxidation	M	15
PSM812_2_48234	Carbamidomethyl	C	16
PSM812_2_48235	Oxidation	M	9
PSM812_2_48235	Oxidation	M	15
PSM812_2_48235	Carbamidomethyl	C	16
PSM812_2_48236	Oxidation	M	9
PSM812_2_48236	Oxidation	M	15
PSM812_2_48236	Carbamidomethyl	C	16
PSM812_2_48237	Oxidation	M	9
PSM812_2_48237	Oxidation	M	15
PSM812_2_48237	Carbamidomethyl	C	16
PSM812_2_48238	Oxidation	M	9
PSM812_2_48238	Oxidation	M	15
PSM812_2_48238	Carbamidomethyl	C	16
PSM812_2_48239	Oxidation	M	9
PSM812_2_48239	Oxidation	M	15
PSM812_2_48239	Carbamidomethyl	C	16
PSM812_2_48240	Oxidation	M	9
PSM812_2_48240	Oxidation	M	15
PSM812_2_48240	Carbamidomethyl	C	16
PSM812_2_48241	Oxidation	M	9
PSM812_2_48241	Oxidation	M	15
PSM812_2_48241	Carbamidomethyl	C	16
PSM812_2_48242	Oxidation	M	9
PSM812_2_48242	Oxidation	M	15
PSM812_2_48242	Carbamidomethyl	C	16
PSM812_2_48243	Oxidation	M	9
PSM812_2_48243	Oxidation	M	15
PSM812_2_48243	Carbamidomethyl	C	16
PSM812_2_48244	Oxidation	M	9
PSM812_2_48244	Oxidation	M	15
PSM812_2_48244	Carbamidomethyl	C	16
PSM812_2_48245	Oxidation	M	9
PSM812_2_48245	Oxidation	M	15
PSM812_2_48245	Carbamidomethyl	C	16
PSM812_2_48246	Oxidation	M	9
PSM812_2_48246	Oxidation	M	15
PSM812_2_48246	Carbamidomethyl	C	16
PSM812_2_48247	Oxidation	M	9
PSM812_2_48247	Oxidation	M	15
PSM812_2_48247	Carbamidomethyl	C	16
PSM812_2_48248	Oxidation	M	9
PSM812_2_48248	Oxidation	M	15
PSM812_2_48248	Carbamidomethyl	C	16
PSM812_2_48249	Carbamidomethyl	C	4
PSM812_2_48250	Carbamidomethyl	C	17
PSM812_2_48251	Carbamidomethyl	C	5
PSM812_2_48252	Carbamidomethyl	C	5
PSM812_2_48253	Carbamidomethyl	C	5
PSM812_2_48264	Oxidation	M	10
PSM812_2_48264	Carbamidomethyl	C	11
PSM812_2_48265	Carbamidomethyl	C	13
PSM812_2_48266	Carbamidomethyl	C	13
PSM812_2_48298	Carbamidomethyl	C	12
PSM812_2_483	Carbamidomethyl	C	14
PSM812_2_48302	Carbamidomethyl	C	6
PSM812_2_48305	Carbamidomethyl	C	11
PSM812_2_48306	Carbamidomethyl	C	11
PSM812_2_48307	Carbamidomethyl	C	11
PSM812_2_48308	Carbamidomethyl	C	11
PSM812_2_48309	Carbamidomethyl	C	11
PSM812_2_48310	Carbamidomethyl	C	11
PSM812_2_48311	Carbamidomethyl	C	11
PSM812_2_48313	Carbamidomethyl	C	20
PSM812_2_48321	Carbamidomethyl	C	8
PSM812_2_48322	Carbamidomethyl	C	8
PSM812_2_48323	Carbamidomethyl	C	8
PSM812_2_48324	Carbamidomethyl	C	8
PSM812_2_48331	Carbamidomethyl	C	14
PSM812_2_48334	Carbamidomethyl	C	20
PSM812_2_48335	Carbamidomethyl	C	20
PSM812_2_48344	Carbamidomethyl	C	1
PSM812_2_48355	Carbamidomethyl	C	6
PSM812_2_48358	Carbamidomethyl	C	2
PSM812_2_48359	Carbamidomethyl	C	2
PSM812_2_48363	Carbamidomethyl	C	15
PSM812_2_48363	Carbamidomethyl	C	18
PSM812_2_48367	Carbamidomethyl	C	8
PSM812_2_48367	Carbamidomethyl	C	14
PSM812_2_48368	Carbamidomethyl	C	8
PSM812_2_48368	Carbamidomethyl	C	14
PSM812_2_48385	Carbamidomethyl	C	17
PSM812_2_48386	Carbamidomethyl	C	17
PSM812_2_48394	Carbamidomethyl	C	9
PSM812_2_48397	Carbamidomethyl	C	15
PSM812_2_48398	Carbamidomethyl	C	15
PSM812_2_484	Carbamidomethyl	C	14
PSM812_2_48400	Carbamidomethyl	C	2
PSM812_2_48401	Carbamidomethyl	C	2
PSM812_2_48403	Carbamidomethyl	C	18
PSM812_2_48416	Carbamidomethyl	C	11
PSM812_2_48417	Carbamidomethyl	C	11
PSM812_2_48418	Carbamidomethyl	C	11
PSM812_2_48440	Carbamidomethyl	C	6
PSM812_2_48443	Carbamidomethyl	C	12
PSM812_2_48444	Carbamidomethyl	C	13
PSM812_2_48445	Carbamidomethyl	C	13
PSM812_2_48446	Carbamidomethyl	C	13
PSM812_2_48447	Carbamidomethyl	C	4
PSM812_2_48448	Carbamidomethyl	C	4
PSM812_2_48449	Carbamidomethyl	C	1
PSM812_2_48450	Carbamidomethyl	C	1
PSM812_2_48460	Carbamidomethyl	C	13
PSM812_2_48463	Carbamidomethyl	C	10
PSM812_2_48463	Carbamidomethyl	C	13
PSM812_2_48463	Carbamidomethyl	C	28
PSM812_2_48464	Carbamidomethyl	C	10
PSM812_2_48464	Carbamidomethyl	C	13
PSM812_2_48464	Carbamidomethyl	C	28
PSM812_2_48465	Carbamidomethyl	C	10
PSM812_2_48465	Carbamidomethyl	C	13
PSM812_2_48465	Carbamidomethyl	C	28
PSM812_2_48466	Carbamidomethyl	C	10
PSM812_2_48466	Carbamidomethyl	C	13
PSM812_2_48466	Carbamidomethyl	C	28
PSM812_2_48488	Carbamidomethyl	C	5
PSM812_2_48488	Carbamidomethyl	C	8
PSM812_2_48489	Carbamidomethyl	C	5
PSM812_2_48489	Carbamidomethyl	C	8
PSM812_2_48496	Carbamidomethyl	C	13
PSM812_2_48497	Gln->pyro-Glu	N-term	
PSM812_2_48498	Carbamidomethyl	C	12
PSM812_2_48499	Carbamidomethyl	C	12
PSM812_2_48500	Acetyl	N-term	
PSM812_2_48503	Carbamidomethyl	C	11
PSM812_2_48504	Carbamidomethyl	C	11
PSM812_2_48505	Carbamidomethyl	C	11
PSM812_2_48506	Carbamidomethyl	C	22
PSM812_2_48506	Carbamidomethyl	C	24
PSM812_2_48510	Gln->pyro-Glu	N-term	
PSM812_2_48511	Ammonia-loss	N-term	
PSM812_2_48511	Carbamidomethyl	C	1
PSM812_2_48511	Carbamidomethyl	C	2
PSM812_2_48512	Ammonia-loss	N-term	
PSM812_2_48512	Carbamidomethyl	C	1
PSM812_2_48513	Gln->pyro-Glu	N-term	
PSM812_2_48514	Gln->pyro-Glu	N-term	
PSM812_2_48515	Gln->pyro-Glu	N-term	
PSM812_2_48516	Gln->pyro-Glu	N-term	
PSM812_2_48517	Gln->pyro-Glu	N-term	
PSM812_2_48518	Gln->pyro-Glu	N-term	
PSM812_2_48519	Gln->pyro-Glu	N-term	
PSM812_2_48520	Gln->pyro-Glu	N-term	
PSM812_2_48521	Gln->pyro-Glu	N-term	
PSM812_2_48522	Gln->pyro-Glu	N-term	
PSM812_2_48523	Gln->pyro-Glu	N-term	
PSM812_2_48524	Gln->pyro-Glu	N-term	
PSM812_2_48525	Acetyl	N-term	
PSM812_2_48525	Carbamidomethyl	C	14
PSM812_2_48526	Acetyl	N-term	
PSM812_2_48526	Carbamidomethyl	C	14
PSM812_2_48527	Acetyl	N-term	
PSM812_2_48527	Carbamidomethyl	C	14
PSM812_2_48530	Ammonia-loss	N-term	
PSM812_2_48530	Carbamidomethyl	C	1
PSM812_2_48532	Carbamidomethyl	C	7
PSM812_2_48533	Carbamidomethyl	C	15
PSM812_2_48534	Carbamidomethyl	C	6
PSM812_2_48537	Carbamidomethyl	C	7
PSM812_2_48552	Carbamidomethyl	C	12
PSM812_2_48553	Carbamidomethyl	C	12
PSM812_2_48556	Carbamidomethyl	C	11
PSM812_2_48557	Carbamidomethyl	C	3
PSM812_2_48558	Carbamidomethyl	C	20
PSM812_2_48559	Carbamidomethyl	C	20
PSM812_2_48560	Carbamidomethyl	C	20
PSM812_2_48571	Carbamidomethyl	C	11
PSM812_2_48572	Carbamidomethyl	C	11
PSM812_2_48587	Gln->pyro-Glu	N-term	
PSM812_2_48588	Acetyl	N-term	
PSM812_2_48589	Acetyl	N-term	
PSM812_2_48590	Acetyl	N-term	
PSM812_2_48593	Ammonia-loss	N-term	
PSM812_2_48593	Carbamidomethyl	C	1
PSM812_2_48594	Gln->pyro-Glu	N-term	
PSM812_2_48595	Gln->pyro-Glu	N-term	
PSM812_2_48602	Gln->pyro-Glu	N-term	
PSM812_2_48602	Carbamidomethyl	C	5
PSM812_2_48603	Gln->pyro-Glu	N-term	
PSM812_2_48603	Carbamidomethyl	C	5
PSM812_2_48604	Carbamidomethyl	C	7
PSM812_2_48604	Carbamidomethyl	C	35
PSM812_2_48605	Carbamidomethyl	C	7
PSM812_2_48605	Carbamidomethyl	C	35
PSM812_2_48606	Carbamidomethyl	C	7
PSM812_2_48606	Carbamidomethyl	C	35
PSM812_2_48610	Carbamidomethyl	C	11
PSM812_2_48611	Carbamidomethyl	C	11
PSM812_2_48635	Carbamidomethyl	C	10
PSM812_2_48635	Carbamidomethyl	C	13
PSM812_2_48643	Carbamidomethyl	C	3
PSM812_2_48650	Oxidation	M	5
PSM812_2_48651	Oxidation	M	5
PSM812_2_48652	Carbamidomethyl	C	5
PSM812_2_48653	Carbamidomethyl	C	5
PSM812_2_48660	Carbamidomethyl	C	10
PSM812_2_48662	Oxidation	M	6
PSM812_2_48662	Carbamidomethyl	C	9
PSM812_2_48662	Carbamidomethyl	C	10
PSM812_2_48663	Oxidation	M	6
PSM812_2_48663	Carbamidomethyl	C	9
PSM812_2_48663	Carbamidomethyl	C	10
PSM812_2_48664	Carbamidomethyl	C	11
PSM812_2_48665	Carbamidomethyl	C	11
PSM812_2_48682	Carbamidomethyl	C	2
PSM812_2_48691	Carbamidomethyl	C	5
PSM812_2_48694	Carbamidomethyl	C	2
PSM812_2_48695	Carbamidomethyl	C	2
PSM812_2_48696	Carbamidomethyl	C	2
PSM812_2_48698	Carbamidomethyl	C	3
PSM812_2_48698	Carbamidomethyl	C	5
PSM812_2_48698	Carbamidomethyl	C	7
PSM812_2_48699	Carbamidomethyl	C	9
PSM812_2_48700	Carbamidomethyl	C	3
PSM812_2_48714	Carbamidomethyl	C	4
PSM812_2_48715	Carbamidomethyl	C	4
PSM812_2_48716	Carbamidomethyl	C	4
PSM812_2_48717	Carbamidomethyl	C	4
PSM812_2_48718	Carbamidomethyl	C	4
PSM812_2_48719	Carbamidomethyl	C	4
PSM812_2_48720	Carbamidomethyl	C	4
PSM812_2_48721	Carbamidomethyl	C	4
PSM812_2_48722	Carbamidomethyl	C	4
PSM812_2_48723	Carbamidomethyl	C	4
PSM812_2_48724	Carbamidomethyl	C	4
PSM812_2_48725	Carbamidomethyl	C	4
PSM812_2_48726	Carbamidomethyl	C	4
PSM812_2_48727	Carbamidomethyl	C	4
PSM812_2_48728	Carbamidomethyl	C	4
PSM812_2_48729	Carbamidomethyl	C	4
PSM812_2_48730	Carbamidomethyl	C	4
PSM812_2_48731	Carbamidomethyl	C	4
PSM812_2_48732	Carbamidomethyl	C	4
PSM812_2_48733	Carbamidomethyl	C	4
PSM812_2_48734	Carbamidomethyl	C	4
PSM812_2_48735	Carbamidomethyl	C	4
PSM812_2_48736	Carbamidomethyl	C	4
PSM812_2_48737	Carbamidomethyl	C	4
PSM812_2_48738	Carbamidomethyl	C	4
PSM812_2_48739	Carbamidomethyl	C	4
PSM812_2_48740	Carbamidomethyl	C	4
PSM812_2_48741	Carbamidomethyl	C	4
PSM812_2_48742	Carbamidomethyl	C	4
PSM812_2_48743	Carbamidomethyl	C	4
PSM812_2_48744	Carbamidomethyl	C	4
PSM812_2_48745	Carbamidomethyl	C	4
PSM812_2_48746	Carbamidomethyl	C	4
PSM812_2_48747	Carbamidomethyl	C	4
PSM812_2_48748	Carbamidomethyl	C	4
PSM812_2_48749	Carbamidomethyl	C	4
PSM812_2_48750	Carbamidomethyl	C	4
PSM812_2_48751	Carbamidomethyl	C	4
PSM812_2_48752	Carbamidomethyl	C	4
PSM812_2_48753	Carbamidomethyl	C	4
PSM812_2_48754	Carbamidomethyl	C	4
PSM812_2_48755	Carbamidomethyl	C	4
PSM812_2_48756	Carbamidomethyl	C	4
PSM812_2_48757	Carbamidomethyl	C	4
PSM812_2_48758	Carbamidomethyl	C	4
PSM812_2_48759	Carbamidomethyl	C	4
PSM812_2_48760	Carbamidomethyl	C	4
PSM812_2_48761	Carbamidomethyl	C	4
PSM812_2_48762	Carbamidomethyl	C	4
PSM812_2_48763	Carbamidomethyl	C	4
PSM812_2_48764	Carbamidomethyl	C	4
PSM812_2_48765	Carbamidomethyl	C	4
PSM812_2_48766	Carbamidomethyl	C	4
PSM812_2_48767	Carbamidomethyl	C	4
PSM812_2_48768	Carbamidomethyl	C	4
PSM812_2_48769	Carbamidomethyl	C	4
PSM812_2_48770	Carbamidomethyl	C	4
PSM812_2_48775	Carbamidomethyl	C	9
PSM812_2_48775	Carbamidomethyl	C	10
PSM812_2_48776	Carbamidomethyl	C	9
PSM812_2_48777	Carbamidomethyl	C	9
PSM812_2_48784	Carbamidomethyl	C	1
PSM812_2_48784	Carbamidomethyl	C	2
PSM812_2_48785	Carbamidomethyl	C	1
PSM812_2_48785	Carbamidomethyl	C	2
PSM812_2_48795	Carbamidomethyl	C	2
PSM812_2_48796	Carbamidomethyl	C	9
PSM812_2_48797	Carbamidomethyl	C	9
PSM812_2_48798	Carbamidomethyl	C	7
PSM812_2_48799	Carbamidomethyl	C	2
PSM812_2_48799	Carbamidomethyl	C	7
PSM812_2_48800	Carbamidomethyl	C	2
PSM812_2_48800	Carbamidomethyl	C	7
PSM812_2_48810	Carbamidomethyl	C	11
PSM812_2_48811	Carbamidomethyl	C	11
PSM812_2_48843	Carbamidomethyl	C	10
PSM812_2_48858	Carbamidomethyl	C	7
PSM812_2_48859	Carbamidomethyl	C	7
PSM812_2_48865	Carbamidomethyl	C	5
PSM812_2_48877	Carbamidomethyl	C	6
PSM812_2_48877	Carbamidomethyl	C	10
PSM812_2_48878	Carbamidomethyl	C	6
PSM812_2_48878	Carbamidomethyl	C	10
PSM812_2_48892	Carbamidomethyl	C	11
PSM812_2_4890	Carbamidomethyl	C	26
PSM812_2_48901	Carbamidomethyl	C	8
PSM812_2_48902	Carbamidomethyl	C	8
PSM812_2_48903	Carbamidomethyl	C	8
PSM812_2_48904	Carbamidomethyl	C	8
PSM812_2_4891	Carbamidomethyl	C	26
PSM812_2_48915	Carbamidomethyl	C	6
PSM812_2_48916	Carbamidomethyl	C	12
PSM812_2_48919	Carbamidomethyl	C	8
PSM812_2_48919	Carbamidomethyl	C	11
PSM812_2_4892	Carbamidomethyl	C	26
PSM812_2_48920	Carbamidomethyl	C	8
PSM812_2_48920	Carbamidomethyl	C	11
PSM812_2_48924	Carbamidomethyl	C	7
PSM812_2_4893	Carbamidomethyl	C	26
PSM812_2_4894	Carbamidomethyl	C	26
PSM812_2_48941	Carbamidomethyl	C	5
PSM812_2_4895	Carbamidomethyl	C	26
PSM812_2_48953	Carbamidomethyl	C	4
PSM812_2_48954	Carbamidomethyl	C	9
PSM812_2_48955	Carbamidomethyl	C	2
PSM812_2_48956	Carbamidomethyl	C	4
PSM812_2_4896	Carbamidomethyl	C	26
PSM812_2_4897	Carbamidomethyl	C	26
PSM812_2_48970	Carbamidomethyl	C	7
PSM812_2_48973	Carbamidomethyl	C	2
PSM812_2_48974	Carbamidomethyl	C	9
PSM812_2_48975	Carbamidomethyl	C	3
PSM812_2_4898	Carbamidomethyl	C	26
PSM812_2_4899	Carbamidomethyl	C	3
PSM812_2_48994	Carbamidomethyl	C	4
PSM812_2_48995	Carbamidomethyl	C	4
PSM812_2_48996	Carbamidomethyl	C	5
PSM812_2_48997	Carbamidomethyl	C	5
PSM812_2_4900	Carbamidomethyl	C	3
PSM812_2_49003	Carbamidomethyl	C	3
PSM812_2_49008	Carbamidomethyl	C	10
PSM812_2_4901	Carbamidomethyl	C	3
PSM812_2_4902	Carbamidomethyl	C	3
PSM812_2_49024	Carbamidomethyl	C	2
PSM812_2_4903	Carbamidomethyl	C	23
PSM812_2_49036	Carbamidomethyl	C	10
PSM812_2_49039	Carbamidomethyl	C	11
PSM812_2_4904	Carbamidomethyl	C	23
PSM812_2_49044	Carbamidomethyl	C	7
PSM812_2_49045	Carbamidomethyl	C	7
PSM812_2_49049	Carbamidomethyl	C	11
PSM812_2_4905	Carbamidomethyl	C	23
PSM812_2_49050	Carbamidomethyl	C	11
PSM812_2_49059	Carbamidomethyl	C	4
PSM812_2_49059	Carbamidomethyl	C	12
PSM812_2_4906	Carbamidomethyl	C	23
PSM812_2_49060	Carbamidomethyl	C	4
PSM812_2_49060	Carbamidomethyl	C	12
PSM812_2_49061	Carbamidomethyl	C	11
PSM812_2_49064	Carbamidomethyl	C	7
PSM812_2_4907	Carbamidomethyl	C	23
PSM812_2_49070	Carbamidomethyl	C	6
PSM812_2_49070	Carbamidomethyl	C	7
PSM812_2_4908	Carbamidomethyl	C	23
PSM812_2_49085	Carbamidomethyl	C	5
PSM812_2_49086	Carbamidomethyl	C	5
PSM812_2_49087	Acetyl	N-term	
PSM812_2_49088	Acetyl	N-term	
PSM812_2_49089	Gln->pyro-Glu	N-term	
PSM812_2_4909	Carbamidomethyl	C	23
PSM812_2_49091	Carbamidomethyl	C	5
PSM812_2_49095	Acetyl	N-term	
PSM812_2_49096	Acetyl	N-term	
PSM812_2_49099	Acetyl	N-term	
PSM812_2_4910	Carbamidomethyl	C	23
PSM812_2_49102	Acetyl	N-term	
PSM812_2_49103	Carbamidomethyl	C	3
PSM812_2_49104	Gln->pyro-Glu	N-term	
PSM812_2_49105	Acetyl	N-term	
PSM812_2_49107	Acetyl	N-term	
PSM812_2_49153	Carbamidomethyl	C	10
PSM812_2_49162	Carbamidomethyl	C	6
PSM812_2_49170	Carbamidomethyl	C	3
PSM812_2_49170	Carbamidomethyl	C	5
PSM812_2_49171	Carbamidomethyl	C	3
PSM812_2_49171	Carbamidomethyl	C	5
PSM812_2_49172	Carbamidomethyl	C	12
PSM812_2_49173	Carbamidomethyl	C	2
PSM812_2_49173	Carbamidomethyl	C	10
PSM812_2_49174	Carbamidomethyl	C	2
PSM812_2_49174	Carbamidomethyl	C	10
PSM812_2_49175	Carbamidomethyl	C	2
PSM812_2_49175	Carbamidomethyl	C	4
PSM812_2_49175	Carbamidomethyl	C	9
PSM812_2_49176	Carbamidomethyl	C	2
PSM812_2_49176	Carbamidomethyl	C	4
PSM812_2_49176	Carbamidomethyl	C	9
PSM812_2_49182	Carbamidomethyl	C	5
PSM812_2_49183	Carbamidomethyl	C	5
PSM812_2_49184	Carbamidomethyl	C	5
PSM812_2_49185	Carbamidomethyl	C	5
PSM812_2_49187	Carbamidomethyl	C	5
PSM812_2_49187	Carbamidomethyl	C	10
PSM812_2_49189	Carbamidomethyl	C	9
PSM812_2_49190	Carbamidomethyl	C	3
PSM812_2_49191	Carbamidomethyl	C	3
PSM812_2_49194	Carbamidomethyl	C	5
PSM812_2_49195	Carbamidomethyl	C	2
PSM812_2_49195	Carbamidomethyl	C	5
PSM812_2_49202	Carbamidomethyl	C	3
PSM812_2_49203	Carbamidomethyl	C	3
PSM812_2_49204	Carbamidomethyl	C	1
PSM812_2_49205	Carbamidomethyl	C	5
PSM812_2_49205	Carbamidomethyl	C	8
PSM812_2_49223	Carbamidomethyl	C	10
PSM812_2_49224	Carbamidomethyl	C	10
PSM812_2_49225	Carbamidomethyl	C	9
PSM812_2_49225	Carbamidomethyl	C	12
PSM812_2_49262	Carbamidomethyl	C	11
PSM812_2_49263	Carbamidomethyl	C	7
PSM812_2_49264	Carbamidomethyl	C	7
PSM812_2_49267	Carbamidomethyl	C	8
PSM812_2_49267	Carbamidomethyl	C	12
PSM812_2_49273	Carbamidomethyl	C	6
PSM812_2_49274	Carbamidomethyl	C	6
PSM812_2_49279	Carbamidomethyl	C	2
PSM812_2_49280	Carbamidomethyl	C	2
PSM812_2_49296	Carbamidomethyl	C	9
PSM812_2_4930	Carbamidomethyl	C	13
PSM812_2_4931	Carbamidomethyl	C	13
PSM812_2_49315	Carbamidomethyl	C	1
PSM812_2_49316	Carbamidomethyl	C	1
PSM812_2_49317	Carbamidomethyl	C	6
PSM812_2_49318	Carbamidomethyl	C	6
PSM812_2_49319	Carbamidomethyl	C	6
PSM812_2_4932	Carbamidomethyl	C	13
PSM812_2_4933	Carbamidomethyl	C	13
PSM812_2_4934	Carbamidomethyl	C	13
PSM812_2_4935	Carbamidomethyl	C	17
PSM812_2_49351	Carbamidomethyl	C	9
PSM812_2_49352	Carbamidomethyl	C	9
PSM812_2_4936	Carbamidomethyl	C	17
PSM812_2_49362	Carbamidomethyl	C	1
PSM812_2_49364	Carbamidomethyl	C	4
PSM812_2_49364	Carbamidomethyl	C	8
PSM812_2_49365	Carbamidomethyl	C	7
PSM812_2_49366	Carbamidomethyl	C	7
PSM812_2_4937	Carbamidomethyl	C	17
PSM812_2_49379	Carbamidomethyl	C	9
PSM812_2_4938	Carbamidomethyl	C	17
PSM812_2_49380	Carbamidomethyl	C	9
PSM812_2_4939	Carbamidomethyl	C	17
PSM812_2_4940	Carbamidomethyl	C	17
PSM812_2_49401	Oxidation	M	2
PSM812_2_4941	Carbamidomethyl	C	17
PSM812_2_49417	Carbamidomethyl	C	2
PSM812_2_4942	Carbamidomethyl	C	17
PSM812_2_4943	Carbamidomethyl	C	17
PSM812_2_49431	Carbamidomethyl	C	7
PSM812_2_49432	Carbamidomethyl	C	7
PSM812_2_4944	Carbamidomethyl	C	17
PSM812_2_49448	Carbamidomethyl	C	6
PSM812_2_49449	Carbamidomethyl	C	6
PSM812_2_4945	Carbamidomethyl	C	17
PSM812_2_49451	Carbamidomethyl	C	6
PSM812_2_49452	Carbamidomethyl	C	6
PSM812_2_49453	Carbamidomethyl	C	6
PSM812_2_49454	Carbamidomethyl	C	6
PSM812_2_49456	Carbamidomethyl	C	7
PSM812_2_49457	Carbamidomethyl	C	7
PSM812_2_4946	Carbamidomethyl	C	17
PSM812_2_49463	Carbamidomethyl	C	10
PSM812_2_49463	Carbamidomethyl	C	15
PSM812_2_49464	Carbamidomethyl	C	7
PSM812_2_49465	Carbamidomethyl	C	7
PSM812_2_49467	Carbamidomethyl	C	12
PSM812_2_49469	Carbamidomethyl	C	4
PSM812_2_4947	Carbamidomethyl	C	17
PSM812_2_49470	Carbamidomethyl	C	4
PSM812_2_4948	Carbamidomethyl	C	17
PSM812_2_4949	Carbamidomethyl	C	17
PSM812_2_4950	Carbamidomethyl	C	17
PSM812_2_49514	Carbamidomethyl	C	9
PSM812_2_49515	Carbamidomethyl	C	9
PSM812_2_49528	Carbamidomethyl	C	5
PSM812_2_49538	Carbamidomethyl	C	5
PSM812_2_49543	Carbamidomethyl	C	3
PSM812_2_49544	Carbamidomethyl	C	3
PSM812_2_49546	Carbamidomethyl	C	2
PSM812_2_49547	Carbamidomethyl	C	11
PSM812_2_49556	Carbamidomethyl	C	4
PSM812_2_49556	Carbamidomethyl	C	6
PSM812_2_49557	Carbamidomethyl	C	4
PSM812_2_49557	Carbamidomethyl	C	6
PSM812_2_49565	Carbamidomethyl	C	9
PSM812_2_49566	Carbamidomethyl	C	9
PSM812_2_49567	Carbamidomethyl	C	9
PSM812_2_49575	Carbamidomethyl	C	6
PSM812_2_49578	Carbamidomethyl	C	7
PSM812_2_49579	Carbamidomethyl	C	7
PSM812_2_49580	Carbamidomethyl	C	7
PSM812_2_49590	Carbamidomethyl	C	13
PSM812_2_49593	Carbamidomethyl	C	2
PSM812_2_49593	Carbamidomethyl	C	7
PSM812_2_4960	Acetyl	N-term	
PSM812_2_4960	Carbamidomethyl	C	21
PSM812_2_49600	Carbamidomethyl	C	2
PSM812_2_49601	Oxidation	M	2
PSM812_2_49602	Oxidation	M	2
PSM812_2_49603	Oxidation	M	2
PSM812_2_49606	Carbamidomethyl	C	2
PSM812_2_4961	Acetyl	N-term	
PSM812_2_4961	Carbamidomethyl	C	21
PSM812_2_49614	Carbamidomethyl	C	9
PSM812_2_49615	Carbamidomethyl	C	9
PSM812_2_49618	Carbamidomethyl	C	4
PSM812_2_4962	Acetyl	N-term	
PSM812_2_4962	Carbamidomethyl	C	16
PSM812_2_4963	Acetyl	N-term	
PSM812_2_4963	Carbamidomethyl	C	16
PSM812_2_49630	Carbamidomethyl	C	7
PSM812_2_4964	Acetyl	N-term	
PSM812_2_4964	Carbamidomethyl	C	16
PSM812_2_4965	Acetyl	N-term	
PSM812_2_4965	Carbamidomethyl	C	16
PSM812_2_49651	Carbamidomethyl	C	7
PSM812_2_49652	Carbamidomethyl	C	7
PSM812_2_4966	Acetyl	N-term	
PSM812_2_4966	Carbamidomethyl	C	16
PSM812_2_4967	Acetyl	N-term	
PSM812_2_4967	Carbamidomethyl	C	16
PSM812_2_49674	Carbamidomethyl	C	5
PSM812_2_4968	Acetyl	N-term	
PSM812_2_4968	Carbamidomethyl	C	16
PSM812_2_4969	Acetyl	N-term	
PSM812_2_4969	Carbamidomethyl	C	16
PSM812_2_49695	Carbamidomethyl	C	7
PSM812_2_49695	Carbamidomethyl	C	8
PSM812_2_4970	Acetyl	N-term	
PSM812_2_4970	Carbamidomethyl	C	16
PSM812_2_49702	Carbamidomethyl	C	5
PSM812_2_49705	Carbamidomethyl	C	5
PSM812_2_49705	Carbamidomethyl	C	7
PSM812_2_49706	Carbamidomethyl	C	5
PSM812_2_49706	Carbamidomethyl	C	7
PSM812_2_4971	Acetyl	N-term	
PSM812_2_4971	Carbamidomethyl	C	16
PSM812_2_49711	Carbamidomethyl	C	5
PSM812_2_4972	Acetyl	N-term	
PSM812_2_4972	Carbamidomethyl	C	16
PSM812_2_49721	Carbamidomethyl	C	2
PSM812_2_49722	Carbamidomethyl	C	2
PSM812_2_49726	Carbamidomethyl	C	2
PSM812_2_49727	Carbamidomethyl	C	2
PSM812_2_49728	Carbamidomethyl	C	10
PSM812_2_49729	Carbamidomethyl	C	10
PSM812_2_4973	Acetyl	N-term	
PSM812_2_4973	Carbamidomethyl	C	16
PSM812_2_4974	Acetyl	N-term	
PSM812_2_4974	Carbamidomethyl	C	16
PSM812_2_4975	Acetyl	N-term	
PSM812_2_4975	Carbamidomethyl	C	16
PSM812_2_49757	Carbamidomethyl	C	3
PSM812_2_49759	Carbamidomethyl	C	3
PSM812_2_4976	Acetyl	N-term	
PSM812_2_4976	Carbamidomethyl	C	16
PSM812_2_49760	Carbamidomethyl	C	3
PSM812_2_49761	Carbamidomethyl	C	3
PSM812_2_49763	Carbamidomethyl	C	6
PSM812_2_49764	Carbamidomethyl	C	6
PSM812_2_49765	Carbamidomethyl	C	6
PSM812_2_49769	Carbamidomethyl	C	5
PSM812_2_4977	Acetyl	N-term	
PSM812_2_4977	Carbamidomethyl	C	16
PSM812_2_49773	Carbamidomethyl	C	7
PSM812_2_49773	Carbamidomethyl	C	12
PSM812_2_4978	Acetyl	N-term	
PSM812_2_4978	Carbamidomethyl	C	16
PSM812_2_49785	Carbamidomethyl	C	5
PSM812_2_4979	Acetyl	N-term	
PSM812_2_4979	Carbamidomethyl	C	16
PSM812_2_49799	Carbamidomethyl	C	7
PSM812_2_4980	Acetyl	N-term	
PSM812_2_4980	Carbamidomethyl	C	16
PSM812_2_49800	Carbamidomethyl	C	7
PSM812_2_4981	Acetyl	N-term	
PSM812_2_4981	Carbamidomethyl	C	16
PSM812_2_49817	Carbamidomethyl	C	10
PSM812_2_49818	Carbamidomethyl	C	10
PSM812_2_49819	Carbamidomethyl	C	10
PSM812_2_4982	Acetyl	N-term	
PSM812_2_4982	Carbamidomethyl	C	16
PSM812_2_49826	Carbamidomethyl	C	4
PSM812_2_49827	Carbamidomethyl	C	4
PSM812_2_4983	Acetyl	N-term	
PSM812_2_4983	Carbamidomethyl	C	16
PSM812_2_49830	Carbamidomethyl	C	12
PSM812_2_49831	Carbamidomethyl	C	7
PSM812_2_49832	Carbamidomethyl	C	7
PSM812_2_49833	Carbamidomethyl	C	6
PSM812_2_49834	Carbamidomethyl	C	11
PSM812_2_49835	Carbamidomethyl	C	11
PSM812_2_4984	Acetyl	N-term	
PSM812_2_4984	Carbamidomethyl	C	16
PSM812_2_4985	Acetyl	N-term	
PSM812_2_4985	Carbamidomethyl	C	16
PSM812_2_49855	Carbamidomethyl	C	8
PSM812_2_49856	Carbamidomethyl	C	8
PSM812_2_49857	Carbamidomethyl	C	8
PSM812_2_49867	Carbamidomethyl	C	10
PSM812_2_49882	Carbamidomethyl	C	4
PSM812_2_49883	Carbamidomethyl	C	4
PSM812_2_49909	Carbamidomethyl	C	8
PSM812_2_49910	Carbamidomethyl	C	5
PSM812_2_49910	Carbamidomethyl	C	8
PSM812_2_49923	Carbamidomethyl	C	10
PSM812_2_49924	Carbamidomethyl	C	10
PSM812_2_49938	Carbamidomethyl	C	9
PSM812_2_49950	Carbamidomethyl	C	5
PSM812_2_49950	Carbamidomethyl	C	13
PSM812_2_49951	Carbamidomethyl	C	6
PSM812_2_49952	Carbamidomethyl	C	6
PSM812_2_49972	Carbamidomethyl	C	7
PSM812_2_49973	Carbamidomethyl	C	7
PSM812_2_49984	Carbamidomethyl	C	7
PSM812_2_49985	Carbamidomethyl	C	7
PSM812_2_49992	Carbamidomethyl	C	9
PSM812_2_49993	Carbamidomethyl	C	9
PSM812_2_49995	Carbamidomethyl	C	10
PSM812_2_49996	Carbamidomethyl	C	9
PSM812_2_50003	Carbamidomethyl	C	11
PSM812_2_50005	Carbamidomethyl	C	7
PSM812_2_50006	Carbamidomethyl	C	3
PSM812_2_50007	Carbamidomethyl	C	3
PSM812_2_50008	Carbamidomethyl	C	3
PSM812_2_50009	Carbamidomethyl	C	3
PSM812_2_50010	Carbamidomethyl	C	3
PSM812_2_50030	Carbamidomethyl	C	9
PSM812_2_50030	Carbamidomethyl	C	10
PSM812_2_50033	Carbamidomethyl	C	2
PSM812_2_50034	Carbamidomethyl	C	2
PSM812_2_50035	Carbamidomethyl	C	2
PSM812_2_50036	Carbamidomethyl	C	2
PSM812_2_50037	Carbamidomethyl	C	2
PSM812_2_50037	Carbamidomethyl	C	3
PSM812_2_50038	Carbamidomethyl	C	1
PSM812_2_50039	Carbamidomethyl	C	1
PSM812_2_50040	Carbamidomethyl	C	1
PSM812_2_50044	Carbamidomethyl	C	7
PSM812_2_50045	Carbamidomethyl	C	7
PSM812_2_50046	Carbamidomethyl	C	7
PSM812_2_50047	Carbamidomethyl	C	7
PSM812_2_50048	Carbamidomethyl	C	7
PSM812_2_50049	Carbamidomethyl	C	7
PSM812_2_50050	Carbamidomethyl	C	7
PSM812_2_50059	Carbamidomethyl	C	18
PSM812_2_50060	Carbamidomethyl	C	18
PSM812_2_50061	Carbamidomethyl	C	18
PSM812_2_50062	Carbamidomethyl	C	14
PSM812_2_50063	Carbamidomethyl	C	14
PSM812_2_50064	Carbamidomethyl	C	14
PSM812_2_50065	Carbamidomethyl	C	14
PSM812_2_50084	Carbamidomethyl	C	13
PSM812_2_50085	Carbamidomethyl	C	13
PSM812_2_50115	Carbamidomethyl	C	3
PSM812_2_50116	Carbamidomethyl	C	3
PSM812_2_50117	Carbamidomethyl	C	3
PSM812_2_50139	Carbamidomethyl	C	12
PSM812_2_5015	Carbamidomethyl	C	3
PSM812_2_50151	Carbamidomethyl	C	10
PSM812_2_50152	Carbamidomethyl	C	10
PSM812_2_50158	Carbamidomethyl	C	2
PSM812_2_50158	Carbamidomethyl	C	4
PSM812_2_50159	Carbamidomethyl	C	11
PSM812_2_50160	Carbamidomethyl	C	1
PSM812_2_50161	Carbamidomethyl	C	10
PSM812_2_50162	Carbamidomethyl	C	12
PSM812_2_50175	Carbamidomethyl	C	9
PSM812_2_50176	Carbamidomethyl	C	9
PSM812_2_50183	Carbamidomethyl	C	4
PSM812_2_5019	Carbamidomethyl	C	4
PSM812_2_50194	Carbamidomethyl	C	12
PSM812_2_5020	Carbamidomethyl	C	4
PSM812_2_50207	Carbamidomethyl	C	5
PSM812_2_50208	Carbamidomethyl	C	5
PSM812_2_5021	Carbamidomethyl	C	4
PSM812_2_50233	Carbamidomethyl	C	8
PSM812_2_50234	Carbamidomethyl	C	8
PSM812_2_50235	Carbamidomethyl	C	14
PSM812_2_50240	Carbamidomethyl	C	6
PSM812_2_50241	Carbamidomethyl	C	6
PSM812_2_50242	Carbamidomethyl	C	6
PSM812_2_50251	Carbamidomethyl	C	9
PSM812_2_50255	Carbamidomethyl	C	14
PSM812_2_50280	Carbamidomethyl	C	3
PSM812_2_50287	Carbamidomethyl	C	10
PSM812_2_50288	Carbamidomethyl	C	4
PSM812_2_50303	Gln->pyro-Glu	N-term	
PSM812_2_50304	Gln->pyro-Glu	N-term	
PSM812_2_50305	Gln->pyro-Glu	N-term	
PSM812_2_50318	Gln->pyro-Glu	N-term	
PSM812_2_50319	Ammonia-loss	N-term	
PSM812_2_50319	Carbamidomethyl	C	1
PSM812_2_50320	Ammonia-loss	N-term	
PSM812_2_50320	Carbamidomethyl	C	1
PSM812_2_50325	Carbamidomethyl	C	4
PSM812_2_50325	Carbamidomethyl	C	5
PSM812_2_50326	Carbamidomethyl	C	4
PSM812_2_50326	Carbamidomethyl	C	5
PSM812_2_50327	Carbamidomethyl	C	4
PSM812_2_50327	Carbamidomethyl	C	5
PSM812_2_50328	Carbamidomethyl	C	4
PSM812_2_50328	Carbamidomethyl	C	5
PSM812_2_50329	Carbamidomethyl	C	4
PSM812_2_50329	Carbamidomethyl	C	5
PSM812_2_50330	Carbamidomethyl	C	4
PSM812_2_50330	Carbamidomethyl	C	5
PSM812_2_50331	Carbamidomethyl	C	4
PSM812_2_50331	Carbamidomethyl	C	5
PSM812_2_50332	Carbamidomethyl	C	4
PSM812_2_50332	Carbamidomethyl	C	5
PSM812_2_50333	Glu->pyro-Glu	N-term	
PSM812_2_50338	Gln->pyro-Glu	N-term	
PSM812_2_50339	Gln->pyro-Glu	N-term	
PSM812_2_50339	Carbamidomethyl	C	9
PSM812_2_50341	Acetyl	N-term	
PSM812_2_50341	Carbamidomethyl	C	8
PSM812_2_50342	Acetyl	N-term	
PSM812_2_50342	Carbamidomethyl	C	8
PSM812_2_50343	Ammonia-loss	N-term	
PSM812_2_50343	Carbamidomethyl	C	1
PSM812_2_50353	Gln->pyro-Glu	N-term	
PSM812_2_50354	Gln->pyro-Glu	N-term	
PSM812_2_50355	Gln->pyro-Glu	N-term	
PSM812_2_50356	Acetyl	N-term	
PSM812_2_50357	Acetyl	N-term	
PSM812_2_50362	Carbamidomethyl	C	1
PSM812_2_50363	Ammonia-loss	N-term	
PSM812_2_50363	Carbamidomethyl	C	1
PSM812_2_50364	Ammonia-loss	N-term	
PSM812_2_50364	Carbamidomethyl	C	1
PSM812_2_50365	Carbamidomethyl	C	15
PSM812_2_50366	Ammonia-loss	N-term	
PSM812_2_50366	Carbamidomethyl	C	1
PSM812_2_50367	Acetyl	N-term	
PSM812_2_50373	Acetyl	N-term	
PSM812_2_50374	Acetyl	N-term	
PSM812_2_50375	Acetyl	N-term	
PSM812_2_50376	Acetyl	N-term	
PSM812_2_50377	Acetyl	N-term	
PSM812_2_50378	Acetyl	N-term	
PSM812_2_50379	Acetyl	N-term	
PSM812_2_50382	Ammonia-loss	N-term	
PSM812_2_50382	Carbamidomethyl	C	1
PSM812_2_50384	Acetyl	N-term	
PSM812_2_50385	Acetyl	N-term	
PSM812_2_50386	Acetyl	N-term	
PSM812_2_50387	Gln->pyro-Glu	N-term	
PSM812_2_50388	Carbamidomethyl	C	13
PSM812_2_50389	Acetyl	N-term	
PSM812_2_50390	Ammonia-loss	N-term	
PSM812_2_50390	Carbamidomethyl	C	1
PSM812_2_50392	Acetyl	N-term	
PSM812_2_50393	Gln->pyro-Glu	N-term	
PSM812_2_50394	Gln->pyro-Glu	N-term	
PSM812_2_50395	Carbamidomethyl	C	6
PSM812_2_50396	Carbamidomethyl	C	3
PSM812_2_50397	Carbamidomethyl	C	7
PSM812_2_50398	Gln->pyro-Glu	N-term	
PSM812_2_50399	Carbamidomethyl	C	7
PSM812_2_50401	Carbamidomethyl	C	7
PSM812_2_50403	Carbamidomethyl	C	1
PSM812_2_50403	Carbamidomethyl	C	7
PSM812_2_50404	Carbamidomethyl	C	7
PSM812_2_50411	Carbamidomethyl	C	6
PSM812_2_50412	Carbamidomethyl	C	6
PSM812_2_50422	Carbamidomethyl	C	6
PSM812_2_50425	Carbamidomethyl	C	6
PSM812_2_50426	Carbamidomethyl	C	6
PSM812_2_50431	Carbamidomethyl	C	3
PSM812_2_50432	Carbamidomethyl	C	3
PSM812_2_50433	Carbamidomethyl	C	5
PSM812_2_50434	Carbamidomethyl	C	5
PSM812_2_50435	Carbamidomethyl	C	7
PSM812_2_50436	Carbamidomethyl	C	7
PSM812_2_50437	Carbamidomethyl	C	5
PSM812_2_50439	Carbamidomethyl	C	5
PSM812_2_50495	Carbamidomethyl	C	11
PSM812_2_50496	Carbamidomethyl	C	11
PSM812_2_50497	Carbamidomethyl	C	11
PSM812_2_50502	Carbamidomethyl	C	1
PSM812_2_50503	Carbamidomethyl	C	1
PSM812_2_50504	Carbamidomethyl	C	1
PSM812_2_50510	Carbamidomethyl	C	3
PSM812_2_50510	Carbamidomethyl	C	10
PSM812_2_50518	Carbamidomethyl	C	1
PSM812_2_50525	Carbamidomethyl	C	8
PSM812_2_50526	Carbamidomethyl	C	8
PSM812_2_50527	Carbamidomethyl	C	8
PSM812_2_50530	Carbamidomethyl	C	4
PSM812_2_50530	Carbamidomethyl	C	13
PSM812_2_50531	Carbamidomethyl	C	4
PSM812_2_50531	Carbamidomethyl	C	13
PSM812_2_50532	Carbamidomethyl	C	4
PSM812_2_50532	Carbamidomethyl	C	13
PSM812_2_50541	Carbamidomethyl	C	21
PSM812_2_50544	Carbamidomethyl	C	10
PSM812_2_50544	Carbamidomethyl	C	16
PSM812_2_50545	Carbamidomethyl	C	10
PSM812_2_50545	Carbamidomethyl	C	16
PSM812_2_50552	Carbamidomethyl	C	9
PSM812_2_50591	Carbamidomethyl	C	9
PSM812_2_50592	Carbamidomethyl	C	9
PSM812_2_50593	Carbamidomethyl	C	9
PSM812_2_50602	Carbamidomethyl	C	4
PSM812_2_50602	Carbamidomethyl	C	7
PSM812_2_50603	Carbamidomethyl	C	4
PSM812_2_50603	Carbamidomethyl	C	7
PSM812_2_50604	Carbamidomethyl	C	13
PSM812_2_50605	Carbamidomethyl	C	13
PSM812_2_50606	Carbamidomethyl	C	15
PSM812_2_50607	Carbamidomethyl	C	15
PSM812_2_50610	Carbamidomethyl	C	10
PSM812_2_50611	Carbamidomethyl	C	10
PSM812_2_50612	Carbamidomethyl	C	10
PSM812_2_50624	Carbamidomethyl	C	10
PSM812_2_50625	Carbamidomethyl	C	10
PSM812_2_50635	Carbamidomethyl	C	2
PSM812_2_50636	Carbamidomethyl	C	2
PSM812_2_50637	Carbamidomethyl	C	2
PSM812_2_50638	Carbamidomethyl	C	13
PSM812_2_50642	Carbamidomethyl	C	5
PSM812_2_50642	Carbamidomethyl	C	9
PSM812_2_50667	Carbamidomethyl	C	11
PSM812_2_50668	Carbamidomethyl	C	11
PSM812_2_50676	Carbamidomethyl	C	4
PSM812_2_50685	Carbamidomethyl	C	8
PSM812_2_50701	Carbamidomethyl	C	8
PSM812_2_50708	Carbamidomethyl	C	1
PSM812_2_50710	Oxidation	M	11
PSM812_2_50711	Oxidation	M	11
PSM812_2_50723	Carbamidomethyl	C	14
PSM812_2_50726	Carbamidomethyl	C	5
PSM812_2_50732	Carbamidomethyl	C	2
PSM812_2_50761	Carbamidomethyl	C	6
PSM812_2_50762	Carbamidomethyl	C	6
PSM812_2_50763	Carbamidomethyl	C	6
PSM812_2_50766	Carbamidomethyl	C	2
PSM812_2_50771	Carbamidomethyl	C	7
PSM812_2_50772	Carbamidomethyl	C	2
PSM812_2_50773	Carbamidomethyl	C	2
PSM812_2_50777	Carbamidomethyl	C	6
PSM812_2_50777	Carbamidomethyl	C	8
PSM812_2_50778	Carbamidomethyl	C	6
PSM812_2_50778	Carbamidomethyl	C	8
PSM812_2_50779	Carbamidomethyl	C	6
PSM812_2_50779	Carbamidomethyl	C	8
PSM812_2_50781	Carbamidomethyl	C	11
PSM812_2_50781	Carbamidomethyl	C	12
PSM812_2_50782	Carbamidomethyl	C	11
PSM812_2_50782	Carbamidomethyl	C	12
PSM812_2_50783	Carbamidomethyl	C	11
PSM812_2_50783	Carbamidomethyl	C	12
PSM812_2_50818	Carbamidomethyl	C	5
PSM812_2_50819	Carbamidomethyl	C	5
PSM812_2_50820	Carbamidomethyl	C	5
PSM812_2_50821	Carbamidomethyl	C	5
PSM812_2_50824	Carbamidomethyl	C	6
PSM812_2_50825	Carbamidomethyl	C	6
PSM812_2_50836	Carbamidomethyl	C	2
PSM812_2_50837	Carbamidomethyl	C	2
PSM812_2_50845	Carbamidomethyl	C	11
PSM812_2_50846	Carbamidomethyl	C	11
PSM812_2_50849	Carbamidomethyl	C	4
PSM812_2_50850	Carbamidomethyl	C	4
PSM812_2_50851	Carbamidomethyl	C	4
PSM812_2_50852	Carbamidomethyl	C	4
PSM812_2_50853	Carbamidomethyl	C	4
PSM812_2_50857	Carbamidomethyl	C	3
PSM812_2_50857	Carbamidomethyl	C	4
PSM812_2_50865	Carbamidomethyl	C	9
PSM812_2_50868	Carbamidomethyl	C	4
PSM812_2_50869	Carbamidomethyl	C	4
PSM812_2_50870	Carbamidomethyl	C	4
PSM812_2_50871	Carbamidomethyl	C	4
PSM812_2_50872	Carbamidomethyl	C	4
PSM812_2_50873	Carbamidomethyl	C	4
PSM812_2_50874	Carbamidomethyl	C	4
PSM812_2_50875	Carbamidomethyl	C	4
PSM812_2_50877	Carbamidomethyl	C	1
PSM812_2_50898	Carbamidomethyl	C	2
PSM812_2_50899	Carbamidomethyl	C	2
PSM812_2_50909	Carbamidomethyl	C	2
PSM812_2_5091	Carbamidomethyl	C	17
PSM812_2_50910	Carbamidomethyl	C	2
PSM812_2_50911	Carbamidomethyl	C	2
PSM812_2_5092	Carbamidomethyl	C	17
PSM812_2_50929	Carbamidomethyl	C	9
PSM812_2_5093	Carbamidomethyl	C	17
PSM812_2_50930	Carbamidomethyl	C	9
PSM812_2_50931	Carbamidomethyl	C	9
PSM812_2_50938	Carbamidomethyl	C	13
PSM812_2_50938	Carbamidomethyl	C	16
PSM812_2_50939	Carbamidomethyl	C	7
PSM812_2_5094	Carbamidomethyl	C	17
PSM812_2_50940	Carbamidomethyl	C	7
PSM812_2_5095	Carbamidomethyl	C	17
PSM812_2_50950	Carbamidomethyl	C	9
PSM812_2_50951	Carbamidomethyl	C	3
PSM812_2_50952	Carbamidomethyl	C	3
PSM812_2_50953	Carbamidomethyl	C	9
PSM812_2_50953	Carbamidomethyl	C	10
PSM812_2_5096	Carbamidomethyl	C	17
PSM812_2_50965	Carbamidomethyl	C	5
PSM812_2_50966	Carbamidomethyl	C	5
PSM812_2_5097	Carbamidomethyl	C	17
PSM812_2_5098	Carbamidomethyl	C	17
PSM812_2_5099	Carbamidomethyl	C	22
PSM812_2_51014	Carbamidomethyl	C	3
PSM812_2_51015	Carbamidomethyl	C	3
PSM812_2_51016	Carbamidomethyl	C	3
PSM812_2_51017	Carbamidomethyl	C	3
PSM812_2_51018	Carbamidomethyl	C	3
PSM812_2_51026	Carbamidomethyl	C	8
PSM812_2_51027	Carbamidomethyl	C	7
PSM812_2_51027	Carbamidomethyl	C	10
PSM812_2_51036	Carbamidomethyl	C	18
PSM812_2_51037	Carbamidomethyl	C	6
PSM812_2_51037	Carbamidomethyl	C	11
PSM812_2_51037	Carbamidomethyl	C	12
PSM812_2_51043	Carbamidomethyl	C	3
PSM812_2_51059	Carbamidomethyl	C	9
PSM812_2_5106	Carbamidomethyl	C	12
PSM812_2_5107	Carbamidomethyl	C	12
PSM812_2_51077	Oxidation	M	2
PSM812_2_51077	Oxidation	M	5
PSM812_2_51078	Oxidation	M	2
PSM812_2_51078	Oxidation	M	5
PSM812_2_51079	Oxidation	M	2
PSM812_2_51079	Oxidation	M	5
PSM812_2_5108	Carbamidomethyl	C	12
PSM812_2_51082	Carbamidomethyl	C	26
PSM812_2_51085	Carbamidomethyl	C	13
PSM812_2_51086	Carbamidomethyl	C	13
PSM812_2_5109	Carbamidomethyl	C	12
PSM812_2_51091	Carbamidomethyl	C	10
PSM812_2_51091	Carbamidomethyl	C	17
PSM812_2_51092	Carbamidomethyl	C	8
PSM812_2_51093	Carbamidomethyl	C	8
PSM812_2_51094	Carbamidomethyl	C	1
PSM812_2_51095	Carbamidomethyl	C	1
PSM812_2_51096	Carbamidomethyl	C	1
PSM812_2_5110	Carbamidomethyl	C	12
PSM812_2_51107	Carbamidomethyl	C	16
PSM812_2_5111	Carbamidomethyl	C	12
PSM812_2_51116	Carbamidomethyl	C	6
PSM812_2_51117	Carbamidomethyl	C	2
PSM812_2_51118	Carbamidomethyl	C	10
PSM812_2_51118	Carbamidomethyl	C	12
PSM812_2_51119	Carbamidomethyl	C	10
PSM812_2_51119	Carbamidomethyl	C	12
PSM812_2_5112	Carbamidomethyl	C	12
PSM812_2_51123	Carbamidomethyl	C	5
PSM812_2_51124	Carbamidomethyl	C	5
PSM812_2_51126	Carbamidomethyl	C	14
PSM812_2_5113	Carbamidomethyl	C	12
PSM812_2_51136	Carbamidomethyl	C	9
PSM812_2_5114	Carbamidomethyl	C	12
PSM812_2_5115	Carbamidomethyl	C	12
PSM812_2_51156	Carbamidomethyl	C	11
PSM812_2_51157	Carbamidomethyl	C	11
PSM812_2_51158	Carbamidomethyl	C	11
PSM812_2_5116	Carbamidomethyl	C	12
PSM812_2_51165	Carbamidomethyl	C	8
PSM812_2_51165	Carbamidomethyl	C	15
PSM812_2_51166	Carbamidomethyl	C	11
PSM812_2_51167	Carbamidomethyl	C	11
PSM812_2_51168	Carbamidomethyl	C	11
PSM812_2_51179	Carbamidomethyl	C	5
PSM812_2_51179	Carbamidomethyl	C	10
PSM812_2_51180	Carbamidomethyl	C	5
PSM812_2_51180	Carbamidomethyl	C	10
PSM812_2_51181	Carbamidomethyl	C	3
PSM812_2_51181	Carbamidomethyl	C	11
PSM812_2_51182	Carbamidomethyl	C	8
PSM812_2_51183	Carbamidomethyl	C	8
PSM812_2_51184	Carbamidomethyl	C	8
PSM812_2_51195	Carbamidomethyl	C	8
PSM812_2_51196	Carbamidomethyl	C	8
PSM812_2_512	Carbamidomethyl	C	13
PSM812_2_512	Carbamidomethyl	C	27
PSM812_2_51214	Carbamidomethyl	C	11
PSM812_2_51236	Carbamidomethyl	C	9
PSM812_2_51237	Carbamidomethyl	C	9
PSM812_2_51238	Carbamidomethyl	C	9
PSM812_2_51256	Carbamidomethyl	C	2
PSM812_2_51257	Carbamidomethyl	C	2
PSM812_2_51271	Carbamidomethyl	C	8
PSM812_2_51271	Carbamidomethyl	C	10
PSM812_2_51272	Carbamidomethyl	C	14
PSM812_2_51273	Carbamidomethyl	C	14
PSM812_2_51279	Carbamidomethyl	C	15
PSM812_2_51282	Carbamidomethyl	C	19
PSM812_2_51292	Carbamidomethyl	C	8
PSM812_2_513	Carbamidomethyl	C	13
PSM812_2_513	Carbamidomethyl	C	27
PSM812_2_51302	Carbamidomethyl	C	3
PSM812_2_51303	Carbamidomethyl	C	3
PSM812_2_51304	Carbamidomethyl	C	3
PSM812_2_51305	Carbamidomethyl	C	3
PSM812_2_51309	Carbamidomethyl	C	17
PSM812_2_51310	Carbamidomethyl	C	17
PSM812_2_51314	Carbamidomethyl	C	2
PSM812_2_51314	Carbamidomethyl	C	15
PSM812_2_51323	Carbamidomethyl	C	12
PSM812_2_51324	Carbamidomethyl	C	12
PSM812_2_51325	Carbamidomethyl	C	5
PSM812_2_51326	Carbamidomethyl	C	5
PSM812_2_51327	Carbamidomethyl	C	5
PSM812_2_51328	Carbamidomethyl	C	15
PSM812_2_51332	Carbamidomethyl	C	6
PSM812_2_51333	Carbamidomethyl	C	6
PSM812_2_51334	Carbamidomethyl	C	15
PSM812_2_51335	Carbamidomethyl	C	8
PSM812_2_51349	Carbamidomethyl	C	7
PSM812_2_5135	Carbamidomethyl	C	7
PSM812_2_51350	Carbamidomethyl	C	7
PSM812_2_51359	Carbamidomethyl	C	9
PSM812_2_5136	Carbamidomethyl	C	7
PSM812_2_51360	Carbamidomethyl	C	9
PSM812_2_51365	Carbamidomethyl	C	1
PSM812_2_5137	Carbamidomethyl	C	7
PSM812_2_5138	Carbamidomethyl	C	7
PSM812_2_51382	Carbamidomethyl	C	4
PSM812_2_51383	Carbamidomethyl	C	4
PSM812_2_5139	Carbamidomethyl	C	7
PSM812_2_51393	Carbamidomethyl	C	13
PSM812_2_51399	Carbamidomethyl	C	7
PSM812_2_514	Carbamidomethyl	C	13
PSM812_2_514	Carbamidomethyl	C	27
PSM812_2_5140	Carbamidomethyl	C	4
PSM812_2_51404	Carbamidomethyl	C	5
PSM812_2_5141	Carbamidomethyl	C	4
PSM812_2_51413	Carbamidomethyl	C	9
PSM812_2_51414	Carbamidomethyl	C	9
PSM812_2_51419	Carbamidomethyl	C	3
PSM812_2_5142	Carbamidomethyl	C	4
PSM812_2_51420	Carbamidomethyl	C	3
PSM812_2_51426	Carbamidomethyl	C	16
PSM812_2_51429	Gln->pyro-Glu	N-term	
PSM812_2_5143	Carbamidomethyl	C	4
PSM812_2_51430	Gln->pyro-Glu	N-term	
PSM812_2_51431	Ammonia-loss	N-term	
PSM812_2_51431	Carbamidomethyl	C	1
PSM812_2_51432	Ammonia-loss	N-term	
PSM812_2_51432	Carbamidomethyl	C	1
PSM812_2_51433	Ammonia-loss	N-term	
PSM812_2_51433	Carbamidomethyl	C	1
PSM812_2_51435	Gln->pyro-Glu	N-term	
PSM812_2_51436	Gln->pyro-Glu	N-term	
PSM812_2_51437	Gln->pyro-Glu	N-term	
PSM812_2_51438	Carbamidomethyl	C	15
PSM812_2_51439	Gln->pyro-Glu	N-term	
PSM812_2_51440	Gln->pyro-Glu	N-term	
PSM812_2_51442	Gln->pyro-Glu	N-term	
PSM812_2_51443	Ammonia-loss	N-term	
PSM812_2_51443	Carbamidomethyl	C	1
PSM812_2_51444	Gln->pyro-Glu	N-term	
PSM812_2_51445	Gln->pyro-Glu	N-term	
PSM812_2_51447	Gln->pyro-Glu	N-term	
PSM812_2_51448	Gln->pyro-Glu	N-term	
PSM812_2_51449	Carbamidomethyl	C	4
PSM812_2_51452	Acetyl	N-term	
PSM812_2_51452	Carbamidomethyl	C	9
PSM812_2_51453	Acetyl	N-term	
PSM812_2_51453	Carbamidomethyl	C	9
PSM812_2_51457	Ammonia-loss	N-term	
PSM812_2_51457	Carbamidomethyl	C	1
PSM812_2_51458	Ammonia-loss	N-term	
PSM812_2_51458	Carbamidomethyl	C	1
PSM812_2_51461	Ammonia-loss	N-term	
PSM812_2_51461	Carbamidomethyl	C	1
PSM812_2_51462	Ammonia-loss	N-term	
PSM812_2_51462	Carbamidomethyl	C	1
PSM812_2_51464	Ammonia-loss	N-term	
PSM812_2_51464	Carbamidomethyl	C	1
PSM812_2_51465	Ammonia-loss	N-term	
PSM812_2_51465	Carbamidomethyl	C	1
PSM812_2_51466	Ammonia-loss	N-term	
PSM812_2_51466	Carbamidomethyl	C	1
PSM812_2_51467	Acetyl	N-term	
PSM812_2_51468	Acetyl	N-term	
PSM812_2_51469	Gln->pyro-Glu	N-term	
PSM812_2_51470	Carbamidomethyl	C	5
PSM812_2_51471	Carbamidomethyl	C	20
PSM812_2_51472	Carbamidomethyl	C	16
PSM812_2_51473	Gln->pyro-Glu	N-term	
PSM812_2_51475	Acetyl	N-term	
PSM812_2_51476	Carbamidomethyl	C	8
PSM812_2_51477	Gln->pyro-Glu	N-term	
PSM812_2_51477	Carbamidomethyl	C	8
PSM812_2_51487	Ammonia-loss	N-term	
PSM812_2_51487	Carbamidomethyl	C	1
PSM812_2_51488	Ammonia-loss	N-term	
PSM812_2_51488	Carbamidomethyl	C	1
PSM812_2_51490	Gln->pyro-Glu	N-term	
PSM812_2_51491	Gln->pyro-Glu	N-term	
PSM812_2_51492	Gln->pyro-Glu	N-term	
PSM812_2_51493	Gln->pyro-Glu	N-term	
PSM812_2_51494	Acetyl	N-term	
PSM812_2_51494	Carbamidomethyl	C	16
PSM812_2_51495	Acetyl	N-term	
PSM812_2_51495	Carbamidomethyl	C	16
PSM812_2_51496	Acetyl	N-term	
PSM812_2_51496	Carbamidomethyl	C	16
PSM812_2_51497	Acetyl	N-term	
PSM812_2_51498	Acetyl	N-term	
PSM812_2_515	Carbamidomethyl	C	13
PSM812_2_515	Carbamidomethyl	C	27
PSM812_2_51502	Gln->pyro-Glu	N-term	
PSM812_2_51503	Gln->pyro-Glu	N-term	
PSM812_2_51504	Gln->pyro-Glu	N-term	
PSM812_2_51509	Gln->pyro-Glu	N-term	
PSM812_2_51509	Carbamidomethyl	C	29
PSM812_2_51510	Gln->pyro-Glu	N-term	
PSM812_2_51510	Carbamidomethyl	C	29
PSM812_2_51522	Carbamidomethyl	C	2
PSM812_2_51522	Carbamidomethyl	C	5
PSM812_2_51523	Carbamidomethyl	C	2
PSM812_2_51523	Carbamidomethyl	C	5
PSM812_2_51528	Carbamidomethyl	C	6
PSM812_2_51529	Carbamidomethyl	C	6
PSM812_2_51546	Carbamidomethyl	C	15
PSM812_2_51547	Carbamidomethyl	C	14
PSM812_2_51548	Carbamidomethyl	C	14
PSM812_2_51561	Carbamidomethyl	C	7
PSM812_2_51561	Carbamidomethyl	C	18
PSM812_2_51561	Carbamidomethyl	C	25
PSM812_2_51562	Carbamidomethyl	C	23
PSM812_2_51563	Carbamidomethyl	C	6
PSM812_2_51570	Carbamidomethyl	C	9
PSM812_2_51579	Carbamidomethyl	C	6
PSM812_2_51579	Carbamidomethyl	C	7
PSM812_2_51579	Carbamidomethyl	C	22
PSM812_2_51580	Carbamidomethyl	C	6
PSM812_2_51580	Carbamidomethyl	C	7
PSM812_2_51580	Carbamidomethyl	C	22
PSM812_2_51588	Carbamidomethyl	C	13
PSM812_2_51589	Carbamidomethyl	C	13
PSM812_2_51590	Carbamidomethyl	C	13
PSM812_2_51591	Carbamidomethyl	C	13
PSM812_2_51594	Carbamidomethyl	C	13
PSM812_2_51598	Carbamidomethyl	C	25
PSM812_2_516	Carbamidomethyl	C	13
PSM812_2_516	Carbamidomethyl	C	27
PSM812_2_51603	Oxidation	M	2
PSM812_2_51603	Carbamidomethyl	C	15
PSM812_2_51604	Oxidation	M	2
PSM812_2_51604	Carbamidomethyl	C	15
PSM812_2_51606	Carbamidomethyl	C	18
PSM812_2_51607	Carbamidomethyl	C	27
PSM812_2_51615	Carbamidomethyl	C	9
PSM812_2_51616	Carbamidomethyl	C	9
PSM812_2_51617	Carbamidomethyl	C	9
PSM812_2_51625	Carbamidomethyl	C	3
PSM812_2_51629	Carbamidomethyl	C	14
PSM812_2_51629	Carbamidomethyl	C	17
PSM812_2_51630	Carbamidomethyl	C	14
PSM812_2_51630	Carbamidomethyl	C	17
PSM812_2_51635	Carbamidomethyl	C	3
PSM812_2_51636	Carbamidomethyl	C	1
PSM812_2_51637	Carbamidomethyl	C	7
PSM812_2_51639	Carbamidomethyl	C	26
PSM812_2_51640	Carbamidomethyl	C	26
PSM812_2_51642	Carbamidomethyl	C	4
PSM812_2_51650	Carbamidomethyl	C	32
PSM812_2_51664	Carbamidomethyl	C	9
PSM812_2_51665	Carbamidomethyl	C	9
PSM812_2_51670	Carbamidomethyl	C	11
PSM812_2_51670	Carbamidomethyl	C	14
PSM812_2_51671	Carbamidomethyl	C	11
PSM812_2_51671	Carbamidomethyl	C	14
PSM812_2_51676	Carbamidomethyl	C	8
PSM812_2_51676	Carbamidomethyl	C	10
PSM812_2_51683	Carbamidomethyl	C	4
PSM812_2_51684	Carbamidomethyl	C	4
PSM812_2_51685	Carbamidomethyl	C	8
PSM812_2_51685	Carbamidomethyl	C	18
PSM812_2_51686	Carbamidomethyl	C	8
PSM812_2_51686	Carbamidomethyl	C	18
PSM812_2_51687	Carbamidomethyl	C	8
PSM812_2_51687	Carbamidomethyl	C	18
PSM812_2_51688	Carbamidomethyl	C	3
PSM812_2_51689	Carbamidomethyl	C	4
PSM812_2_51690	Carbamidomethyl	C	4
PSM812_2_51691	Carbamidomethyl	C	4
PSM812_2_51693	Carbamidomethyl	C	8
PSM812_2_51693	Carbamidomethyl	C	12
PSM812_2_51696	Carbamidomethyl	C	15
PSM812_2_51697	Carbamidomethyl	C	15
PSM812_2_51698	Carbamidomethyl	C	15
PSM812_2_51699	Carbamidomethyl	C	7
PSM812_2_517	Carbamidomethyl	C	13
PSM812_2_517	Carbamidomethyl	C	27
PSM812_2_51708	Carbamidomethyl	C	20
PSM812_2_51709	Carbamidomethyl	C	20
PSM812_2_51710	Carbamidomethyl	C	20
PSM812_2_51711	Carbamidomethyl	C	16
PSM812_2_51713	Carbamidomethyl	C	1
PSM812_2_51714	Carbamidomethyl	C	1
PSM812_2_51725	Carbamidomethyl	C	26
PSM812_2_51726	Carbamidomethyl	C	26
PSM812_2_51731	Carbamidomethyl	C	19
PSM812_2_51731	Carbamidomethyl	C	24
PSM812_2_51732	Carbamidomethyl	C	19
PSM812_2_51732	Carbamidomethyl	C	24
PSM812_2_51733	Carbamidomethyl	C	24
PSM812_2_51733	Carbamidomethyl	C	32
PSM812_2_51734	Carbamidomethyl	C	24
PSM812_2_51734	Carbamidomethyl	C	32
PSM812_2_51735	Carbamidomethyl	C	24
PSM812_2_51735	Carbamidomethyl	C	32
PSM812_2_51736	Carbamidomethyl	C	24
PSM812_2_51736	Carbamidomethyl	C	32
PSM812_2_51737	Carbamidomethyl	C	24
PSM812_2_51737	Carbamidomethyl	C	32
PSM812_2_51738	Carbamidomethyl	C	24
PSM812_2_51738	Carbamidomethyl	C	32
PSM812_2_51739	Carbamidomethyl	C	5
PSM812_2_51739	Carbamidomethyl	C	6
PSM812_2_5174	Carbamidomethyl	C	6
PSM812_2_51740	Carbamidomethyl	C	7
PSM812_2_51741	Carbamidomethyl	C	7
PSM812_2_51747	Carbamidomethyl	C	8
PSM812_2_51748	Carbamidomethyl	C	8
PSM812_2_5175	Carbamidomethyl	C	6
PSM812_2_51752	Carbamidomethyl	C	16
PSM812_2_51753	Carbamidomethyl	C	16
PSM812_2_51754	Carbamidomethyl	C	16
PSM812_2_51755	Carbamidomethyl	C	16
PSM812_2_51759	Carbamidomethyl	C	10
PSM812_2_51759	Carbamidomethyl	C	29
PSM812_2_51760	Carbamidomethyl	C	7
PSM812_2_51761	Carbamidomethyl	C	7
PSM812_2_51762	Carbamidomethyl	C	7
PSM812_2_51763	Carbamidomethyl	C	7
PSM812_2_51764	Carbamidomethyl	C	12
PSM812_2_51765	Carbamidomethyl	C	12
PSM812_2_51766	Carbamidomethyl	C	12
PSM812_2_51767	Carbamidomethyl	C	11
PSM812_2_51791	Ammonia-loss	N-term	
PSM812_2_51791	Carbamidomethyl	C	1
PSM812_2_51792	Ammonia-loss	N-term	
PSM812_2_51792	Carbamidomethyl	C	1
PSM812_2_51793	Ammonia-loss	N-term	
PSM812_2_51793	Carbamidomethyl	C	1
PSM812_2_51795	Gln->pyro-Glu	N-term	
PSM812_2_51798	Ammonia-loss	N-term	
PSM812_2_51798	Carbamidomethyl	C	1
PSM812_2_51799	Gln->pyro-Glu	N-term	
PSM812_2_518	Carbamidomethyl	C	13
PSM812_2_518	Carbamidomethyl	C	27
PSM812_2_51800	Gln->pyro-Glu	N-term	
PSM812_2_51801	Ammonia-loss	N-term	
PSM812_2_51801	Carbamidomethyl	C	1
PSM812_2_51801	Carbamidomethyl	C	19
PSM812_2_51802	Ammonia-loss	N-term	
PSM812_2_51802	Carbamidomethyl	C	1
PSM812_2_51802	Carbamidomethyl	C	19
PSM812_2_51803	Carbamidomethyl	C	21
PSM812_2_51803	Carbamidomethyl	C	25
PSM812_2_51804	Carbamidomethyl	C	21
PSM812_2_51804	Carbamidomethyl	C	25
PSM812_2_51805	Ammonia-loss	N-term	
PSM812_2_51805	Carbamidomethyl	C	1
PSM812_2_51814	Carbamidomethyl	C	1
PSM812_2_51815	Carbamidomethyl	C	1
PSM812_2_51816	Gln->pyro-Glu	N-term	
PSM812_2_51817	Gln->pyro-Glu	N-term	
PSM812_2_51818	Gln->pyro-Glu	N-term	
PSM812_2_51822	Gln->pyro-Glu	N-term	
PSM812_2_51823	Carbamidomethyl	C	9
PSM812_2_51824	Carbamidomethyl	C	9
PSM812_2_51825	Carbamidomethyl	C	9
PSM812_2_51826	Acetyl	N-term	
PSM812_2_51827	Gln->pyro-Glu	N-term	
PSM812_2_51828	Ammonia-loss	N-term	
PSM812_2_51828	Carbamidomethyl	C	1
PSM812_2_51829	Ammonia-loss	N-term	
PSM812_2_51829	Carbamidomethyl	C	1
PSM812_2_51830	Ammonia-loss	N-term	
PSM812_2_51830	Carbamidomethyl	C	1
PSM812_2_51831	Ammonia-loss	N-term	
PSM812_2_51831	Carbamidomethyl	C	1
PSM812_2_51832	Ammonia-loss	N-term	
PSM812_2_51832	Carbamidomethyl	C	1
PSM812_2_51832	Carbamidomethyl	C	13
PSM812_2_51833	Ammonia-loss	N-term	
PSM812_2_51833	Carbamidomethyl	C	1
PSM812_2_51833	Carbamidomethyl	C	13
PSM812_2_51834	Gln->pyro-Glu	N-term	
PSM812_2_51837	Gln->pyro-Glu	N-term	
PSM812_2_51838	Acetyl	N-term	
PSM812_2_51848	Carbamidomethyl	C	7
PSM812_2_51852	Carbamidomethyl	C	6
PSM812_2_51853	Carbamidomethyl	C	6
PSM812_2_51854	Carbamidomethyl	C	6
PSM812_2_51855	Carbamidomethyl	C	15
PSM812_2_51856	Carbamidomethyl	C	15
PSM812_2_51857	Carbamidomethyl	C	15
PSM812_2_51859	Carbamidomethyl	C	7
PSM812_2_51859	Carbamidomethyl	C	8
PSM812_2_51868	Carbamidomethyl	C	3
PSM812_2_51869	Carbamidomethyl	C	3
PSM812_2_51870	Carbamidomethyl	C	3
PSM812_2_51871	Carbamidomethyl	C	3
PSM812_2_51872	Carbamidomethyl	C	3
PSM812_2_51873	Carbamidomethyl	C	17
PSM812_2_51874	Carbamidomethyl	C	17
PSM812_2_51888	Carbamidomethyl	C	9
PSM812_2_51889	Carbamidomethyl	C	29
PSM812_2_51890	Carbamidomethyl	C	29
PSM812_2_51892	Gln->pyro-Glu	N-term	
PSM812_2_51893	Gln->pyro-Glu	N-term	
PSM812_2_51894	Gln->pyro-Glu	N-term	
PSM812_2_51899	Carbamidomethyl	C	5
PSM812_2_519	Carbamidomethyl	C	13
PSM812_2_519	Carbamidomethyl	C	27
PSM812_2_51900	Gln->pyro-Glu	N-term	
PSM812_2_51901	Acetyl	N-term	
PSM812_2_51902	Acetyl	N-term	
PSM812_2_51925	Carbamidomethyl	C	4
PSM812_2_51927	Carbamidomethyl	C	14
PSM812_2_51929	Carbamidomethyl	C	10
PSM812_2_51930	Carbamidomethyl	C	9
PSM812_2_51936	Carbamidomethyl	C	7
PSM812_2_51937	Carbamidomethyl	C	7
PSM812_2_51938	Carbamidomethyl	C	7
PSM812_2_51939	Carbamidomethyl	C	7
PSM812_2_51940	Carbamidomethyl	C	7
PSM812_2_51941	Carbamidomethyl	C	7
PSM812_2_51942	Carbamidomethyl	C	7
PSM812_2_51956	Oxidation	M	3
PSM812_2_51957	Carbamidomethyl	C	1
PSM812_2_51959	Carbamidomethyl	C	9
PSM812_2_5196	Carbamidomethyl	C	19
PSM812_2_51961	Carbamidomethyl	C	4
PSM812_2_51961	Carbamidomethyl	C	6
PSM812_2_51961	Carbamidomethyl	C	7
PSM812_2_51961	Carbamidomethyl	C	10
PSM812_2_51962	Carbamidomethyl	C	2
PSM812_2_51962	Carbamidomethyl	C	3
PSM812_2_51962	Carbamidomethyl	C	5
PSM812_2_51962	Carbamidomethyl	C	6
PSM812_2_51962	Carbamidomethyl	C	10
PSM812_2_51963	Carbamidomethyl	C	2
PSM812_2_51963	Carbamidomethyl	C	3
PSM812_2_51963	Carbamidomethyl	C	5
PSM812_2_51963	Carbamidomethyl	C	6
PSM812_2_51963	Carbamidomethyl	C	10
PSM812_2_51964	Carbamidomethyl	C	2
PSM812_2_51964	Carbamidomethyl	C	3
PSM812_2_51964	Carbamidomethyl	C	5
PSM812_2_51964	Carbamidomethyl	C	6
PSM812_2_51964	Carbamidomethyl	C	10
PSM812_2_51966	Carbamidomethyl	C	7
PSM812_2_51966	Carbamidomethyl	C	10
PSM812_2_5197	Carbamidomethyl	C	19
PSM812_2_51971	Carbamidomethyl	C	5
PSM812_2_51972	Carbamidomethyl	C	5
PSM812_2_5198	Carbamidomethyl	C	19
PSM812_2_51986	Carbamidomethyl	C	6
PSM812_2_5199	Carbamidomethyl	C	19
PSM812_2_520	Carbamidomethyl	C	13
PSM812_2_520	Carbamidomethyl	C	27
PSM812_2_5200	Carbamidomethyl	C	13
PSM812_2_52000	Carbamidomethyl	C	4
PSM812_2_52005	Carbamidomethyl	C	5
PSM812_2_52006	Carbamidomethyl	C	5
PSM812_2_5201	Carbamidomethyl	C	13
PSM812_2_52013	Carbamidomethyl	C	7
PSM812_2_52014	Carbamidomethyl	C	2
PSM812_2_52014	Carbamidomethyl	C	13
PSM812_2_52017	Carbamidomethyl	C	8
PSM812_2_52018	Carbamidomethyl	C	8
PSM812_2_52019	Carbamidomethyl	C	8
PSM812_2_5202	Carbamidomethyl	C	13
PSM812_2_52023	Carbamidomethyl	C	8
PSM812_2_52024	Carbamidomethyl	C	8
PSM812_2_52025	Carbamidomethyl	C	8
PSM812_2_52026	Carbamidomethyl	C	8
PSM812_2_5203	Carbamidomethyl	C	13
PSM812_2_52033	Carbamidomethyl	C	11
PSM812_2_521	Carbamidomethyl	C	13
PSM812_2_521	Carbamidomethyl	C	27
PSM812_2_52107	Carbamidomethyl	C	6
PSM812_2_5212	Acetyl	N-term	
PSM812_2_52120	Carbamidomethyl	C	9
PSM812_2_52128	Carbamidomethyl	C	6
PSM812_2_5213	Acetyl	N-term	
PSM812_2_52131	Carbamidomethyl	C	7
PSM812_2_52133	Carbamidomethyl	C	2
PSM812_2_52134	Carbamidomethyl	C	2
PSM812_2_52136	Carbamidomethyl	C	6
PSM812_2_52137	Carbamidomethyl	C	4
PSM812_2_52137	Carbamidomethyl	C	8
PSM812_2_52138	Carbamidomethyl	C	4
PSM812_2_52138	Carbamidomethyl	C	8
PSM812_2_52139	Carbamidomethyl	C	4
PSM812_2_52139	Carbamidomethyl	C	8
PSM812_2_5214	Acetyl	N-term	
PSM812_2_5215	Acetyl	N-term	
PSM812_2_52150	Oxidation	M	6
PSM812_2_52170	Carbamidomethyl	C	2
PSM812_2_52171	Carbamidomethyl	C	2
PSM812_2_52172	Carbamidomethyl	C	2
PSM812_2_52174	Carbamidomethyl	C	5
PSM812_2_52174	Carbamidomethyl	C	8
PSM812_2_52175	Carbamidomethyl	C	5
PSM812_2_52175	Carbamidomethyl	C	8
PSM812_2_52176	Carbamidomethyl	C	5
PSM812_2_52176	Carbamidomethyl	C	8
PSM812_2_52179	Carbamidomethyl	C	1
PSM812_2_52180	Carbamidomethyl	C	1
PSM812_2_52181	Carbamidomethyl	C	1
PSM812_2_5219	Carbamidomethyl	C	18
PSM812_2_52191	Carbamidomethyl	C	1
PSM812_2_52192	Carbamidomethyl	C	1
PSM812_2_52193	Carbamidomethyl	C	9
PSM812_2_52194	Carbamidomethyl	C	4
PSM812_2_522	Carbamidomethyl	C	13
PSM812_2_522	Carbamidomethyl	C	27
PSM812_2_52206	Carbamidomethyl	C	10
PSM812_2_5221	Carbamidomethyl	C	25
PSM812_2_52217	Carbamidomethyl	C	3
PSM812_2_52217	Carbamidomethyl	C	9
PSM812_2_52219	Carbamidomethyl	C	3
PSM812_2_52238	Carbamidomethyl	C	7
PSM812_2_52250	Carbamidomethyl	C	7
PSM812_2_52256	Carbamidomethyl	C	9
PSM812_2_52258	Carbamidomethyl	C	7
PSM812_2_52259	Carbamidomethyl	C	7
PSM812_2_52270	Carbamidomethyl	C	2
PSM812_2_52291	Carbamidomethyl	C	8
PSM812_2_52292	Carbamidomethyl	C	8
PSM812_2_52293	Carbamidomethyl	C	8
PSM812_2_523	Carbamidomethyl	C	13
PSM812_2_523	Carbamidomethyl	C	27
PSM812_2_52309	Carbamidomethyl	C	1
PSM812_2_52311	Carbamidomethyl	C	8
PSM812_2_52312	Carbamidomethyl	C	7
PSM812_2_52313	Carbamidomethyl	C	7
PSM812_2_52314	Carbamidomethyl	C	7
PSM812_2_52316	Carbamidomethyl	C	6
PSM812_2_52329	Carbamidomethyl	C	3
PSM812_2_5233	Carbamidomethyl	C	9
PSM812_2_52332	Carbamidomethyl	C	11
PSM812_2_52337	Carbamidomethyl	C	7
PSM812_2_5234	Carbamidomethyl	C	9
PSM812_2_52340	Oxidation	M	11
PSM812_2_52341	Oxidation	M	11
PSM812_2_52343	Carbamidomethyl	C	7
PSM812_2_5235	Carbamidomethyl	C	9
PSM812_2_52353	Carbamidomethyl	C	7
PSM812_2_5236	Carbamidomethyl	C	9
PSM812_2_52361	Carbamidomethyl	C	11
PSM812_2_52361	Carbamidomethyl	C	12
PSM812_2_52362	Carbamidomethyl	C	11
PSM812_2_52362	Carbamidomethyl	C	12
PSM812_2_52363	Carbamidomethyl	C	11
PSM812_2_52363	Carbamidomethyl	C	12
PSM812_2_52368	Carbamidomethyl	C	5
PSM812_2_52368	Carbamidomethyl	C	8
PSM812_2_5237	Carbamidomethyl	C	9
PSM812_2_52375	Carbamidomethyl	C	1
PSM812_2_52375	Carbamidomethyl	C	4
PSM812_2_5238	Carbamidomethyl	C	14
PSM812_2_5238	Carbamidomethyl	C	17
PSM812_2_52381	Carbamidomethyl	C	7
PSM812_2_52388	Carbamidomethyl	C	9
PSM812_2_5239	Carbamidomethyl	C	14
PSM812_2_5239	Carbamidomethyl	C	17
PSM812_2_52390	Carbamidomethyl	C	2
PSM812_2_52394	Ammonia-loss	N-term	
PSM812_2_52394	Carbamidomethyl	C	1
PSM812_2_52394	Carbamidomethyl	C	9
PSM812_2_52395	Ammonia-loss	N-term	
PSM812_2_52395	Carbamidomethyl	C	1
PSM812_2_52395	Carbamidomethyl	C	9
PSM812_2_52397	Carbamidomethyl	C	1
PSM812_2_52398	Carbamidomethyl	C	1
PSM812_2_52399	Ammonia-loss	N-term	
PSM812_2_52399	Carbamidomethyl	C	1
PSM812_2_52399	Carbamidomethyl	C	4
PSM812_2_524	Carbamidomethyl	C	13
PSM812_2_524	Carbamidomethyl	C	27
PSM812_2_5240	Carbamidomethyl	C	14
PSM812_2_5240	Carbamidomethyl	C	17
PSM812_2_52400	Ammonia-loss	N-term	
PSM812_2_52400	Carbamidomethyl	C	1
PSM812_2_52400	Carbamidomethyl	C	4
PSM812_2_52401	Ammonia-loss	N-term	
PSM812_2_52401	Carbamidomethyl	C	1
PSM812_2_52401	Carbamidomethyl	C	4
PSM812_2_52402	Gln->pyro-Glu	N-term	
PSM812_2_52402	Carbamidomethyl	C	8
PSM812_2_52403	Gln->pyro-Glu	N-term	
PSM812_2_52404	Acetyl	N-term	
PSM812_2_52405	Carbamidomethyl	C	2
PSM812_2_52406	Carbamidomethyl	C	8
PSM812_2_52407	Oxidation	M	7
PSM812_2_52408	Acetyl	N-term	
PSM812_2_52409	Acetyl	N-term	
PSM812_2_5241	Carbamidomethyl	C	6
PSM812_2_52411	Acetyl	N-term	
PSM812_2_52412	Acetyl	N-term	
PSM812_2_52412	Oxidation	M	6
PSM812_2_52413	Acetyl	N-term	
PSM812_2_52413	Oxidation	M	6
PSM812_2_52414	Carbamidomethyl	C	2
PSM812_2_52414	Carbamidomethyl	C	3
PSM812_2_52426	Carbamidomethyl	C	5
PSM812_2_52427	Carbamidomethyl	C	5
PSM812_2_52430	Carbamidomethyl	C	1
PSM812_2_52431	Carbamidomethyl	C	1
PSM812_2_52432	Carbamidomethyl	C	9
PSM812_2_52433	Carbamidomethyl	C	9
PSM812_2_52435	Carbamidomethyl	C	3
PSM812_2_52436	Carbamidomethyl	C	3
PSM812_2_52442	Carbamidomethyl	C	1
PSM812_2_52442	Carbamidomethyl	C	3
PSM812_2_52454	Carbamidomethyl	C	6
PSM812_2_52481	Carbamidomethyl	C	7
PSM812_2_52486	Carbamidomethyl	C	2
PSM812_2_52487	Carbamidomethyl	C	2
PSM812_2_52499	Carbamidomethyl	C	3
PSM812_2_52499	Carbamidomethyl	C	10
PSM812_2_525	Carbamidomethyl	C	13
PSM812_2_525	Carbamidomethyl	C	27
PSM812_2_52500	Carbamidomethyl	C	3
PSM812_2_52500	Carbamidomethyl	C	10
PSM812_2_52501	Carbamidomethyl	C	3
PSM812_2_52501	Carbamidomethyl	C	10
PSM812_2_52502	Carbamidomethyl	C	3
PSM812_2_52502	Carbamidomethyl	C	10
PSM812_2_52508	Carbamidomethyl	C	3
PSM812_2_52509	Carbamidomethyl	C	3
PSM812_2_52510	Carbamidomethyl	C	3
PSM812_2_52511	Carbamidomethyl	C	3
PSM812_2_52512	Carbamidomethyl	C	3
PSM812_2_52517	Carbamidomethyl	C	2
PSM812_2_52566	Carbamidomethyl	C	7
PSM812_2_52569	Carbamidomethyl	C	7
PSM812_2_52575	Carbamidomethyl	C	9
PSM812_2_52576	Carbamidomethyl	C	9
PSM812_2_52583	Carbamidomethyl	C	3
PSM812_2_52583	Carbamidomethyl	C	11
PSM812_2_52585	Carbamidomethyl	C	2
PSM812_2_526	Carbamidomethyl	C	13
PSM812_2_526	Carbamidomethyl	C	27
PSM812_2_52618	Carbamidomethyl	C	9
PSM812_2_52621	Oxidation	M	1
PSM812_2_52622	Oxidation	M	1
PSM812_2_52629	Carbamidomethyl	C	17
PSM812_2_5263	Carbamidomethyl	C	7
PSM812_2_52632	Carbamidomethyl	C	4
PSM812_2_52633	Carbamidomethyl	C	4
PSM812_2_5264	Carbamidomethyl	C	7
PSM812_2_5265	Carbamidomethyl	C	11
PSM812_2_52656	Carbamidomethyl	C	9
PSM812_2_52657	Carbamidomethyl	C	9
PSM812_2_52658	Carbamidomethyl	C	9
PSM812_2_5266	Carbamidomethyl	C	11
PSM812_2_52680	Carbamidomethyl	C	11
PSM812_2_52682	Carbamidomethyl	C	10
PSM812_2_52698	Carbamidomethyl	C	5
PSM812_2_527	Carbamidomethyl	C	13
PSM812_2_527	Carbamidomethyl	C	27
PSM812_2_52710	Carbamidomethyl	C	7
PSM812_2_52711	Carbamidomethyl	C	7
PSM812_2_52713	Carbamidomethyl	C	5
PSM812_2_52714	Carbamidomethyl	C	5
PSM812_2_52715	Carbamidomethyl	C	1
PSM812_2_52716	Carbamidomethyl	C	1
PSM812_2_52722	Carbamidomethyl	C	7
PSM812_2_52722	Carbamidomethyl	C	8
PSM812_2_52723	Carbamidomethyl	C	7
PSM812_2_52723	Carbamidomethyl	C	8
PSM812_2_52739	Carbamidomethyl	C	12
PSM812_2_52740	Carbamidomethyl	C	12
PSM812_2_52741	Carbamidomethyl	C	3
PSM812_2_52742	Carbamidomethyl	C	3
PSM812_2_52743	Carbamidomethyl	C	3
PSM812_2_52743	Carbamidomethyl	C	5
PSM812_2_52745	Carbamidomethyl	C	4
PSM812_2_52746	Carbamidomethyl	C	5
PSM812_2_52764	Carbamidomethyl	C	10
PSM812_2_52765	Carbamidomethyl	C	10
PSM812_2_52767	Carbamidomethyl	C	10
PSM812_2_52767	Carbamidomethyl	C	11
PSM812_2_52768	Carbamidomethyl	C	10
PSM812_2_52768	Carbamidomethyl	C	11
PSM812_2_5277	Carbamidomethyl	C	15
PSM812_2_52770	Carbamidomethyl	C	6
PSM812_2_5278	Carbamidomethyl	C	15
PSM812_2_5279	Carbamidomethyl	C	15
PSM812_2_52792	Carbamidomethyl	C	9
PSM812_2_528	Carbamidomethyl	C	13
PSM812_2_528	Carbamidomethyl	C	27
PSM812_2_5280	Carbamidomethyl	C	15
PSM812_2_5281	Carbamidomethyl	C	15
PSM812_2_5282	Carbamidomethyl	C	15
PSM812_2_52823	Carbamidomethyl	C	10
PSM812_2_52824	Carbamidomethyl	C	10
PSM812_2_52825	Carbamidomethyl	C	10
PSM812_2_52827	Carbamidomethyl	C	8
PSM812_2_5283	Carbamidomethyl	C	15
PSM812_2_52830	Carbamidomethyl	C	3
PSM812_2_52831	Carbamidomethyl	C	3
PSM812_2_52837	Carbamidomethyl	C	1
PSM812_2_52837	Carbamidomethyl	C	4
PSM812_2_52837	Carbamidomethyl	C	13
PSM812_2_5284	Carbamidomethyl	C	15
PSM812_2_52841	Carbamidomethyl	C	5
PSM812_2_52842	Carbamidomethyl	C	5
PSM812_2_52843	Carbamidomethyl	C	7
PSM812_2_52845	Carbamidomethyl	C	6
PSM812_2_5285	Carbamidomethyl	C	15
PSM812_2_5286	Carbamidomethyl	C	15
PSM812_2_5287	Carbamidomethyl	C	15
PSM812_2_52873	Carbamidomethyl	C	13
PSM812_2_5288	Carbamidomethyl	C	15
PSM812_2_52886	Carbamidomethyl	C	5
PSM812_2_52887	Carbamidomethyl	C	5
PSM812_2_52888	Carbamidomethyl	C	5
PSM812_2_52889	Carbamidomethyl	C	5
PSM812_2_5289	Carbamidomethyl	C	15
PSM812_2_52890	Carbamidomethyl	C	5
PSM812_2_52899	Carbamidomethyl	C	9
PSM812_2_529	Carbamidomethyl	C	13
PSM812_2_529	Carbamidomethyl	C	27
PSM812_2_5290	Carbamidomethyl	C	15
PSM812_2_5291	Carbamidomethyl	C	15
PSM812_2_5292	Carbamidomethyl	C	15
PSM812_2_52920	Carbamidomethyl	C	9
PSM812_2_52921	Carbamidomethyl	C	9
PSM812_2_52929	Carbamidomethyl	C	3
PSM812_2_5293	Carbamidomethyl	C	15
PSM812_2_52934	Carbamidomethyl	C	11
PSM812_2_52935	Carbamidomethyl	C	6
PSM812_2_52936	Carbamidomethyl	C	6
PSM812_2_52939	Carbamidomethyl	C	7
PSM812_2_5294	Carbamidomethyl	C	15
PSM812_2_52956	Carbamidomethyl	C	9
PSM812_2_52957	Carbamidomethyl	C	9
PSM812_2_52958	Carbamidomethyl	C	9
PSM812_2_52959	Carbamidomethyl	C	9
PSM812_2_52963	Carbamidomethyl	C	3
PSM812_2_52963	Carbamidomethyl	C	7
PSM812_2_52999	Oxidation	M	10
PSM812_2_530	Carbamidomethyl	C	13
PSM812_2_530	Carbamidomethyl	C	27
PSM812_2_5300	Carbamidomethyl	C	10
PSM812_2_53000	Oxidation	M	10
PSM812_2_5301	Carbamidomethyl	C	10
PSM812_2_53010	Carbamidomethyl	C	10
PSM812_2_53011	Carbamidomethyl	C	6
PSM812_2_5302	Carbamidomethyl	C	10
PSM812_2_53026	Carbamidomethyl	C	2
PSM812_2_5303	Carbamidomethyl	C	10
PSM812_2_5304	Carbamidomethyl	C	10
PSM812_2_53042	Carbamidomethyl	C	4
PSM812_2_53043	Carbamidomethyl	C	4
PSM812_2_5305	Carbamidomethyl	C	10
PSM812_2_53050	Carbamidomethyl	C	2
PSM812_2_53051	Carbamidomethyl	C	2
PSM812_2_53056	Carbamidomethyl	C	12
PSM812_2_53057	Carbamidomethyl	C	12
PSM812_2_5306	Carbamidomethyl	C	10
PSM812_2_53087	Carbamidomethyl	C	9
PSM812_2_53088	Carbamidomethyl	C	9
PSM812_2_53089	Carbamidomethyl	C	9
PSM812_2_53090	Carbamidomethyl	C	9
PSM812_2_53091	Carbamidomethyl	C	7
PSM812_2_53092	Carbamidomethyl	C	7
PSM812_2_531	Carbamidomethyl	C	13
PSM812_2_531	Carbamidomethyl	C	27
PSM812_2_53105	Carbamidomethyl	C	5
PSM812_2_53105	Carbamidomethyl	C	12
PSM812_2_5313	Carbamidomethyl	C	5
PSM812_2_5313	Carbamidomethyl	C	14
PSM812_2_5313	Carbamidomethyl	C	17
PSM812_2_5314	Carbamidomethyl	C	5
PSM812_2_5314	Carbamidomethyl	C	14
PSM812_2_5314	Carbamidomethyl	C	17
PSM812_2_5315	Carbamidomethyl	C	5
PSM812_2_5315	Carbamidomethyl	C	14
PSM812_2_5315	Carbamidomethyl	C	17
PSM812_2_53159	Carbamidomethyl	C	3
PSM812_2_5316	Carbamidomethyl	C	5
PSM812_2_5316	Carbamidomethyl	C	14
PSM812_2_5316	Carbamidomethyl	C	17
PSM812_2_53160	Carbamidomethyl	C	3
PSM812_2_53162	Carbamidomethyl	C	9
PSM812_2_53163	Carbamidomethyl	C	9
PSM812_2_53167	Carbamidomethyl	C	5
PSM812_2_5317	Carbamidomethyl	C	5
PSM812_2_5317	Carbamidomethyl	C	14
PSM812_2_5317	Carbamidomethyl	C	17
PSM812_2_53183	Carbamidomethyl	C	8
PSM812_2_53195	Carbamidomethyl	C	11
PSM812_2_53196	Carbamidomethyl	C	11
PSM812_2_53197	Carbamidomethyl	C	11
PSM812_2_532	Carbamidomethyl	C	13
PSM812_2_532	Carbamidomethyl	C	27
PSM812_2_53202	Carbamidomethyl	C	4
PSM812_2_53223	Carbamidomethyl	C	3
PSM812_2_53230	Carbamidomethyl	C	8
PSM812_2_53231	Carbamidomethyl	C	8
PSM812_2_53235	Carbamidomethyl	C	8
PSM812_2_53239	Carbamidomethyl	C	8
PSM812_2_53249	Carbamidomethyl	C	3
PSM812_2_53259	Carbamidomethyl	C	5
PSM812_2_5326	Carbamidomethyl	C	4
PSM812_2_53260	Carbamidomethyl	C	5
PSM812_2_53268	Carbamidomethyl	C	8
PSM812_2_53269	Carbamidomethyl	C	8
PSM812_2_5327	Carbamidomethyl	C	4
PSM812_2_53273	Carbamidomethyl	C	7
PSM812_2_53276	Carbamidomethyl	C	30
PSM812_2_5328	Carbamidomethyl	C	4
PSM812_2_533	Carbamidomethyl	C	13
PSM812_2_533	Carbamidomethyl	C	27
PSM812_2_5331	Carbamidomethyl	C	8
PSM812_2_5332	Carbamidomethyl	C	8
PSM812_2_5333	Carbamidomethyl	C	8
PSM812_2_5334	Oxidation	M	6
PSM812_2_53341	Carbamidomethyl	C	7
PSM812_2_53342	Carbamidomethyl	C	7
PSM812_2_5335	Oxidation	M	6
PSM812_2_53350	Carbamidomethyl	C	6
PSM812_2_53351	Carbamidomethyl	C	6
PSM812_2_53352	Carbamidomethyl	C	9
PSM812_2_53353	Carbamidomethyl	C	8
PSM812_2_53354	Oxidation	M	1
PSM812_2_53354	Carbamidomethyl	C	11
PSM812_2_53355	Oxidation	M	1
PSM812_2_53355	Carbamidomethyl	C	11
PSM812_2_53357	Carbamidomethyl	C	11
PSM812_2_53358	Carbamidomethyl	C	9
PSM812_2_53359	Carbamidomethyl	C	5
PSM812_2_53359	Carbamidomethyl	C	13
PSM812_2_5336	Oxidation	M	6
PSM812_2_53360	Carbamidomethyl	C	5
PSM812_2_53360	Carbamidomethyl	C	13
PSM812_2_53361	Carbamidomethyl	C	5
PSM812_2_53361	Carbamidomethyl	C	13
PSM812_2_53367	Carbamidomethyl	C	11
PSM812_2_5337	Oxidation	M	6
PSM812_2_5338	Oxidation	M	6
PSM812_2_5339	Oxidation	M	6
PSM812_2_53394	Carbamidomethyl	C	3
PSM812_2_53395	Carbamidomethyl	C	3
PSM812_2_53396	Carbamidomethyl	C	3
PSM812_2_53397	Carbamidomethyl	C	3
PSM812_2_53398	Carbamidomethyl	C	1
PSM812_2_534	Carbamidomethyl	C	13
PSM812_2_534	Carbamidomethyl	C	27
PSM812_2_5340	Oxidation	M	6
PSM812_2_53401	Carbamidomethyl	C	3
PSM812_2_53402	Carbamidomethyl	C	3
PSM812_2_53403	Carbamidomethyl	C	13
PSM812_2_5341	Oxidation	M	6
PSM812_2_53413	Carbamidomethyl	C	9
PSM812_2_53415	Carbamidomethyl	C	5
PSM812_2_53416	Carbamidomethyl	C	5
PSM812_2_5342	Oxidation	M	6
PSM812_2_53425	Carbamidomethyl	C	13
PSM812_2_53426	Carbamidomethyl	C	13
PSM812_2_53427	Carbamidomethyl	C	3
PSM812_2_53429	Carbamidomethyl	C	5
PSM812_2_5343	Oxidation	M	6
PSM812_2_53430	Carbamidomethyl	C	6
PSM812_2_5344	Carbamidomethyl	C	16
PSM812_2_5344	Carbamidomethyl	C	27
PSM812_2_53441	Carbamidomethyl	C	7
PSM812_2_53441	Carbamidomethyl	C	10
PSM812_2_53442	Carbamidomethyl	C	7
PSM812_2_53442	Carbamidomethyl	C	10
PSM812_2_5345	Carbamidomethyl	C	16
PSM812_2_5345	Carbamidomethyl	C	27
PSM812_2_5346	Carbamidomethyl	C	16
PSM812_2_5346	Carbamidomethyl	C	27
PSM812_2_53465	Carbamidomethyl	C	8
PSM812_2_53466	Carbamidomethyl	C	8
PSM812_2_53471	Carbamidomethyl	C	6
PSM812_2_53472	Carbamidomethyl	C	6
PSM812_2_53480	Carbamidomethyl	C	3
PSM812_2_53481	Carbamidomethyl	C	3
PSM812_2_53494	Carbamidomethyl	C	6
PSM812_2_53499	Carbamidomethyl	C	2
PSM812_2_535	Carbamidomethyl	C	13
PSM812_2_535	Carbamidomethyl	C	27
PSM812_2_53500	Carbamidomethyl	C	2
PSM812_2_53501	Carbamidomethyl	C	3
PSM812_2_53501	Carbamidomethyl	C	7
PSM812_2_53502	Carbamidomethyl	C	3
PSM812_2_53502	Carbamidomethyl	C	7
PSM812_2_53507	Carbamidomethyl	C	5
PSM812_2_53513	Carbamidomethyl	C	7
PSM812_2_53521	Carbamidomethyl	C	2
PSM812_2_53522	Carbamidomethyl	C	2
PSM812_2_53523	Carbamidomethyl	C	2
PSM812_2_53530	Carbamidomethyl	C	2
PSM812_2_53530	Carbamidomethyl	C	10
PSM812_2_53531	Carbamidomethyl	C	2
PSM812_2_53531	Carbamidomethyl	C	10
PSM812_2_53543	Carbamidomethyl	C	11
PSM812_2_53557	Carbamidomethyl	C	10
PSM812_2_53558	Carbamidomethyl	C	10
PSM812_2_53565	Carbamidomethyl	C	9
PSM812_2_53572	Carbamidomethyl	C	2
PSM812_2_53573	Carbamidomethyl	C	2
PSM812_2_53574	Carbamidomethyl	C	2
PSM812_2_53581	Carbamidomethyl	C	3
PSM812_2_53591	Carbamidomethyl	C	5
PSM812_2_53592	Carbamidomethyl	C	5
PSM812_2_536	Carbamidomethyl	C	13
PSM812_2_536	Carbamidomethyl	C	27
PSM812_2_53600	Carbamidomethyl	C	12
PSM812_2_53604	Carbamidomethyl	C	12
PSM812_2_53605	Carbamidomethyl	C	12
PSM812_2_53606	Carbamidomethyl	C	5
PSM812_2_53611	Carbamidomethyl	C	12
PSM812_2_53612	Carbamidomethyl	C	11
PSM812_2_53617	Carbamidomethyl	C	4
PSM812_2_53632	Carbamidomethyl	C	9
PSM812_2_53633	Carbamidomethyl	C	9
PSM812_2_53637	Carbamidomethyl	C	2
PSM812_2_53637	Carbamidomethyl	C	5
PSM812_2_53638	Carbamidomethyl	C	12
PSM812_2_53644	Carbamidomethyl	C	4
PSM812_2_53644	Carbamidomethyl	C	10
PSM812_2_53645	Carbamidomethyl	C	4
PSM812_2_53645	Carbamidomethyl	C	10
PSM812_2_53656	Carbamidomethyl	C	6
PSM812_2_53656	Carbamidomethyl	C	9
PSM812_2_53656	Carbamidomethyl	C	12
PSM812_2_53662	Carbamidomethyl	C	8
PSM812_2_53684	Gln->pyro-Glu	N-term	
PSM812_2_53685	Gln->pyro-Glu	N-term	
PSM812_2_53686	Gln->pyro-Glu	N-term	
PSM812_2_53691	Gln->pyro-Glu	N-term	
PSM812_2_53692	Ammonia-loss	N-term	
PSM812_2_53692	Carbamidomethyl	C	1
PSM812_2_53693	Ammonia-loss	N-term	
PSM812_2_53693	Carbamidomethyl	C	1
PSM812_2_53694	Ammonia-loss	N-term	
PSM812_2_53694	Carbamidomethyl	C	1
PSM812_2_53695	Gln->pyro-Glu	N-term	
PSM812_2_53696	Gln->pyro-Glu	N-term	
PSM812_2_53697	Gln->pyro-Glu	N-term	
PSM812_2_53698	Ammonia-loss	N-term	
PSM812_2_53698	Carbamidomethyl	C	1
PSM812_2_53699	Gln->pyro-Glu	N-term	
PSM812_2_537	Carbamidomethyl	C	13
PSM812_2_537	Carbamidomethyl	C	27
PSM812_2_53700	Ammonia-loss	N-term	
PSM812_2_53700	Carbamidomethyl	C	1
PSM812_2_53700	Carbamidomethyl	C	4
PSM812_2_53700	Carbamidomethyl	C	9
PSM812_2_53700	Carbamidomethyl	C	12
PSM812_2_53703	Acetyl	N-term	
PSM812_2_53704	Gln->pyro-Glu	N-term	
PSM812_2_53705	Ammonia-loss	N-term	
PSM812_2_53705	Carbamidomethyl	C	1
PSM812_2_53706	Ammonia-loss	N-term	
PSM812_2_53706	Carbamidomethyl	C	1
PSM812_2_53707	Gln->pyro-Glu	N-term	
PSM812_2_53708	Carbamidomethyl	C	6
PSM812_2_53709	Carbamidomethyl	C	6
PSM812_2_53710	Carbamidomethyl	C	6
PSM812_2_53711	Carbamidomethyl	C	6
PSM812_2_53712	Carbamidomethyl	C	6
PSM812_2_53713	Carbamidomethyl	C	3
PSM812_2_53714	Gln->pyro-Glu	N-term	
PSM812_2_53715	Gln->pyro-Glu	N-term	
PSM812_2_53716	Gln->pyro-Glu	N-term	
PSM812_2_53717	Ammonia-loss	N-term	
PSM812_2_53717	Carbamidomethyl	C	1
PSM812_2_53718	Ammonia-loss	N-term	
PSM812_2_53718	Carbamidomethyl	C	1
PSM812_2_53719	Carbamidomethyl	C	10
PSM812_2_53720	Carbamidomethyl	C	10
PSM812_2_53721	Ammonia-loss	N-term	
PSM812_2_53721	Carbamidomethyl	C	1
PSM812_2_53722	Ammonia-loss	N-term	
PSM812_2_53722	Carbamidomethyl	C	1
PSM812_2_53725	Gln->pyro-Glu	N-term	
PSM812_2_53726	Carbamidomethyl	C	6
PSM812_2_53727	Carbamidomethyl	C	6
PSM812_2_53728	Carbamidomethyl	C	6
PSM812_2_53731	Acetyl	N-term	
PSM812_2_53733	Gln->pyro-Glu	N-term	
PSM812_2_53733	Carbamidomethyl	C	5
PSM812_2_53739	Acetyl	N-term	
PSM812_2_53740	Ammonia-loss	N-term	
PSM812_2_53740	Carbamidomethyl	C	1
PSM812_2_53740	Carbamidomethyl	C	9
PSM812_2_53741	Carbamidomethyl	C	2
PSM812_2_53744	Gln->pyro-Glu	N-term	
PSM812_2_53745	Acetyl	N-term	
PSM812_2_53749	Carbamidomethyl	C	4
PSM812_2_53754	Carbamidomethyl	C	9
PSM812_2_53757	Carbamidomethyl	C	9
PSM812_2_53757	Carbamidomethyl	C	11
PSM812_2_53759	Carbamidomethyl	C	10
PSM812_2_53760	Acetyl	N-term	
PSM812_2_53761	Carbamidomethyl	C	1
PSM812_2_53762	Carbamidomethyl	C	1
PSM812_2_53763	Carbamidomethyl	C	1
PSM812_2_53765	Carbamidomethyl	C	9
PSM812_2_53765	Carbamidomethyl	C	11
PSM812_2_53772	Carbamidomethyl	C	7
PSM812_2_53780	Carbamidomethyl	C	19
PSM812_2_53785	Carbamidomethyl	C	2
PSM812_2_53785	Carbamidomethyl	C	7
PSM812_2_53791	Carbamidomethyl	C	7
PSM812_2_53792	Carbamidomethyl	C	7
PSM812_2_53793	Carbamidomethyl	C	7
PSM812_2_538	Carbamidomethyl	C	13
PSM812_2_538	Carbamidomethyl	C	27
PSM812_2_53800	Carbamidomethyl	C	8
PSM812_2_53816	Carbamidomethyl	C	7
PSM812_2_53817	Carbamidomethyl	C	7
PSM812_2_53818	Carbamidomethyl	C	7
PSM812_2_5382	Carbamidomethyl	C	2
PSM812_2_5382	Carbamidomethyl	C	8
PSM812_2_5383	Carbamidomethyl	C	2
PSM812_2_5383	Carbamidomethyl	C	8
PSM812_2_5384	Carbamidomethyl	C	2
PSM812_2_5384	Carbamidomethyl	C	8
PSM812_2_53849	Carbamidomethyl	C	4
PSM812_2_5385	Carbamidomethyl	C	2
PSM812_2_5385	Carbamidomethyl	C	8
PSM812_2_53850	Carbamidomethyl	C	4
PSM812_2_5386	Carbamidomethyl	C	23
PSM812_2_53862	Carbamidomethyl	C	3
PSM812_2_53863	Carbamidomethyl	C	3
PSM812_2_53864	Carbamidomethyl	C	3
PSM812_2_53865	Carbamidomethyl	C	3
PSM812_2_53866	Carbamidomethyl	C	3
PSM812_2_53867	Carbamidomethyl	C	3
PSM812_2_53868	Carbamidomethyl	C	3
PSM812_2_53869	Carbamidomethyl	C	3
PSM812_2_5387	Carbamidomethyl	C	23
PSM812_2_53870	Carbamidomethyl	C	3
PSM812_2_53874	Carbamidomethyl	C	3
PSM812_2_53875	Carbamidomethyl	C	3
PSM812_2_53877	Carbamidomethyl	C	9
PSM812_2_5388	Carbamidomethyl	C	23
PSM812_2_5389	Carbamidomethyl	C	23
PSM812_2_53890	Carbamidomethyl	C	4
PSM812_2_53890	Carbamidomethyl	C	7
PSM812_2_53892	Carbamidomethyl	C	4
PSM812_2_53893	Carbamidomethyl	C	1
PSM812_2_53894	Carbamidomethyl	C	1
PSM812_2_53895	Carbamidomethyl	C	6
PSM812_2_53896	Carbamidomethyl	C	6
PSM812_2_53897	Carbamidomethyl	C	9
PSM812_2_53898	Carbamidomethyl	C	9
PSM812_2_53899	Carbamidomethyl	C	11
PSM812_2_53899	Carbamidomethyl	C	13
PSM812_2_539	Carbamidomethyl	C	13
PSM812_2_539	Carbamidomethyl	C	27
PSM812_2_5390	Carbamidomethyl	C	23
PSM812_2_53901	Carbamidomethyl	C	12
PSM812_2_53902	Carbamidomethyl	C	9
PSM812_2_53902	Carbamidomethyl	C	13
PSM812_2_53903	Carbamidomethyl	C	9
PSM812_2_53903	Carbamidomethyl	C	13
PSM812_2_5391	Carbamidomethyl	C	23
PSM812_2_53915	Carbamidomethyl	C	7
PSM812_2_5392	Carbamidomethyl	C	23
PSM812_2_53934	Carbamidomethyl	C	7
PSM812_2_53950	Carbamidomethyl	C	9
PSM812_2_53951	Carbamidomethyl	C	9
PSM812_2_53968	Carbamidomethyl	C	5
PSM812_2_53985	Carbamidomethyl	C	10
PSM812_2_53986	Carbamidomethyl	C	2
PSM812_2_53987	Carbamidomethyl	C	11
PSM812_2_53988	Carbamidomethyl	C	11
PSM812_2_53993	Carbamidomethyl	C	10
PSM812_2_53994	Carbamidomethyl	C	10
PSM812_2_53995	Carbamidomethyl	C	10
PSM812_2_53996	Carbamidomethyl	C	10
PSM812_2_540	Carbamidomethyl	C	13
PSM812_2_540	Carbamidomethyl	C	27
PSM812_2_54002	Carbamidomethyl	C	16
PSM812_2_54003	Carbamidomethyl	C	16
PSM812_2_54004	Carbamidomethyl	C	10
PSM812_2_54015	Carbamidomethyl	C	10
PSM812_2_54016	Carbamidomethyl	C	10
PSM812_2_54083	Carbamidomethyl	C	12
PSM812_2_54084	Carbamidomethyl	C	12
PSM812_2_54085	Carbamidomethyl	C	12
PSM812_2_54086	Carbamidomethyl	C	12
PSM812_2_54093	Carbamidomethyl	C	6
PSM812_2_54094	Carbamidomethyl	C	6
PSM812_2_54095	Carbamidomethyl	C	6
PSM812_2_54096	Carbamidomethyl	C	3
PSM812_2_541	Carbamidomethyl	C	13
PSM812_2_541	Carbamidomethyl	C	27
PSM812_2_54102	Carbamidomethyl	C	1
PSM812_2_54103	Carbamidomethyl	C	1
PSM812_2_54106	Carbamidomethyl	C	6
PSM812_2_54107	Carbamidomethyl	C	6
PSM812_2_54108	Carbamidomethyl	C	6
PSM812_2_54137	Carbamidomethyl	C	5
PSM812_2_54138	Carbamidomethyl	C	5
PSM812_2_54144	Carbamidomethyl	C	4
PSM812_2_54160	Carbamidomethyl	C	6
PSM812_2_54181	Carbamidomethyl	C	5
PSM812_2_54181	Carbamidomethyl	C	14
PSM812_2_54182	Carbamidomethyl	C	5
PSM812_2_54182	Carbamidomethyl	C	14
PSM812_2_54190	Carbamidomethyl	C	11
PSM812_2_54191	Carbamidomethyl	C	11
PSM812_2_54195	Carbamidomethyl	C	9
PSM812_2_54195	Carbamidomethyl	C	10
PSM812_2_54196	Carbamidomethyl	C	9
PSM812_2_54196	Carbamidomethyl	C	10
PSM812_2_54199	Carbamidomethyl	C	4
PSM812_2_542	Carbamidomethyl	C	13
PSM812_2_542	Carbamidomethyl	C	27
PSM812_2_54200	Carbamidomethyl	C	4
PSM812_2_54202	Carbamidomethyl	C	6
PSM812_2_54209	Carbamidomethyl	C	13
PSM812_2_5421	Carbamidomethyl	C	2
PSM812_2_54210	Carbamidomethyl	C	13
PSM812_2_54211	Carbamidomethyl	C	12
PSM812_2_54212	Carbamidomethyl	C	12
PSM812_2_54213	Carbamidomethyl	C	4
PSM812_2_54213	Carbamidomethyl	C	6
PSM812_2_54215	Carbamidomethyl	C	10
PSM812_2_54216	Carbamidomethyl	C	4
PSM812_2_54217	Carbamidomethyl	C	3
PSM812_2_5422	Carbamidomethyl	C	2
PSM812_2_5423	Carbamidomethyl	C	2
PSM812_2_54270	Carbamidomethyl	C	3
PSM812_2_54289	Carbamidomethyl	C	7
PSM812_2_54290	Carbamidomethyl	C	7
PSM812_2_54291	Carbamidomethyl	C	7
PSM812_2_54292	Carbamidomethyl	C	6
PSM812_2_54294	Carbamidomethyl	C	13
PSM812_2_54296	Carbamidomethyl	C	1
PSM812_2_54296	Carbamidomethyl	C	20
PSM812_2_54296	Carbamidomethyl	C	21
PSM812_2_543	Carbamidomethyl	C	13
PSM812_2_543	Carbamidomethyl	C	27
PSM812_2_54303	Carbamidomethyl	C	3
PSM812_2_54304	Carbamidomethyl	C	3
PSM812_2_54305	Carbamidomethyl	C	3
PSM812_2_54308	Carbamidomethyl	C	9
PSM812_2_54315	Carbamidomethyl	C	15
PSM812_2_54316	Carbamidomethyl	C	12
PSM812_2_54345	Carbamidomethyl	C	5
PSM812_2_54346	Carbamidomethyl	C	5
PSM812_2_54347	Carbamidomethyl	C	7
PSM812_2_54348	Carbamidomethyl	C	7
PSM812_2_54358	Carbamidomethyl	C	10
PSM812_2_54359	Carbamidomethyl	C	10
PSM812_2_54373	Carbamidomethyl	C	11
PSM812_2_54381	Carbamidomethyl	C	6
PSM812_2_54382	Carbamidomethyl	C	11
PSM812_2_54383	Carbamidomethyl	C	11
PSM812_2_54384	Carbamidomethyl	C	11
PSM812_2_54388	Carbamidomethyl	C	2
PSM812_2_54391	Carbamidomethyl	C	1
PSM812_2_54392	Carbamidomethyl	C	1
PSM812_2_544	Carbamidomethyl	C	13
PSM812_2_544	Carbamidomethyl	C	27
PSM812_2_5441	Carbamidomethyl	C	2
PSM812_2_54413	Carbamidomethyl	C	5
PSM812_2_54415	Carbamidomethyl	C	12
PSM812_2_54417	Carbamidomethyl	C	2
PSM812_2_54418	Carbamidomethyl	C	9
PSM812_2_5442	Carbamidomethyl	C	2
PSM812_2_5445	Carbamidomethyl	C	9
PSM812_2_5445	Carbamidomethyl	C	14
PSM812_2_54454	Carbamidomethyl	C	15
PSM812_2_54454	Carbamidomethyl	C	18
PSM812_2_5446	Carbamidomethyl	C	9
PSM812_2_5446	Carbamidomethyl	C	14
PSM812_2_54464	Carbamidomethyl	C	15
PSM812_2_54464	Carbamidomethyl	C	17
PSM812_2_5447	Carbamidomethyl	C	9
PSM812_2_5447	Carbamidomethyl	C	14
PSM812_2_5448	Carbamidomethyl	C	9
PSM812_2_5448	Carbamidomethyl	C	14
PSM812_2_5449	Carbamidomethyl	C	9
PSM812_2_5449	Carbamidomethyl	C	14
PSM812_2_54490	Carbamidomethyl	C	17
PSM812_2_54491	Carbamidomethyl	C	17
PSM812_2_54492	Carbamidomethyl	C	9
PSM812_2_54494	Carbamidomethyl	C	9
PSM812_2_54499	Carbamidomethyl	C	5
PSM812_2_54499	Carbamidomethyl	C	6
PSM812_2_545	Carbamidomethyl	C	13
PSM812_2_545	Carbamidomethyl	C	27
PSM812_2_5450	Carbamidomethyl	C	9
PSM812_2_5450	Carbamidomethyl	C	14
PSM812_2_54506	Carbamidomethyl	C	18
PSM812_2_54508	Carbamidomethyl	C	26
PSM812_2_54509	Carbamidomethyl	C	26
PSM812_2_54510	Carbamidomethyl	C	26
PSM812_2_5454	Carbamidomethyl	C	4
PSM812_2_5454	Carbamidomethyl	C	17
PSM812_2_54540	Carbamidomethyl	C	9
PSM812_2_54541	Carbamidomethyl	C	9
PSM812_2_54548	Carbamidomethyl	C	12
PSM812_2_54549	Carbamidomethyl	C	12
PSM812_2_5455	Carbamidomethyl	C	4
PSM812_2_5455	Carbamidomethyl	C	17
PSM812_2_54550	Carbamidomethyl	C	12
PSM812_2_54556	Carbamidomethyl	C	20
PSM812_2_5456	Carbamidomethyl	C	4
PSM812_2_5456	Carbamidomethyl	C	17
PSM812_2_54561	Carbamidomethyl	C	2
PSM812_2_54562	Carbamidomethyl	C	2
PSM812_2_54568	Carbamidomethyl	C	14
PSM812_2_5457	Carbamidomethyl	C	4
PSM812_2_5457	Carbamidomethyl	C	17
PSM812_2_54572	Carbamidomethyl	C	16
PSM812_2_54573	Carbamidomethyl	C	16
PSM812_2_54574	Carbamidomethyl	C	2
PSM812_2_54574	Carbamidomethyl	C	14
PSM812_2_54576	Carbamidomethyl	C	2
PSM812_2_54576	Carbamidomethyl	C	4
PSM812_2_54577	Carbamidomethyl	C	19
PSM812_2_5458	Carbamidomethyl	C	4
PSM812_2_5458	Carbamidomethyl	C	17
PSM812_2_54592	Carbamidomethyl	C	6
PSM812_2_54593	Carbamidomethyl	C	6
PSM812_2_546	Carbamidomethyl	C	13
PSM812_2_546	Carbamidomethyl	C	27
PSM812_2_54602	Carbamidomethyl	C	3
PSM812_2_54608	Carbamidomethyl	C	12
PSM812_2_54618	Carbamidomethyl	C	18
PSM812_2_54619	Carbamidomethyl	C	18
PSM812_2_54620	Carbamidomethyl	C	2
PSM812_2_54621	Carbamidomethyl	C	2
PSM812_2_54622	Carbamidomethyl	C	1
PSM812_2_54623	Carbamidomethyl	C	1
PSM812_2_54636	Carbamidomethyl	C	10
PSM812_2_54637	Carbamidomethyl	C	10
PSM812_2_54645	Carbamidomethyl	C	15
PSM812_2_54645	Carbamidomethyl	C	18
PSM812_2_54646	Carbamidomethyl	C	15
PSM812_2_54646	Carbamidomethyl	C	18
PSM812_2_54647	Carbamidomethyl	C	5
PSM812_2_54648	Carbamidomethyl	C	5
PSM812_2_54649	Carbamidomethyl	C	1
PSM812_2_54650	Carbamidomethyl	C	1
PSM812_2_54651	Carbamidomethyl	C	16
PSM812_2_54652	Carbamidomethyl	C	16
PSM812_2_54673	Carbamidomethyl	C	9
PSM812_2_54675	Carbamidomethyl	C	6
PSM812_2_54676	Carbamidomethyl	C	3
PSM812_2_54677	Carbamidomethyl	C	3
PSM812_2_54678	Carbamidomethyl	C	16
PSM812_2_54679	Carbamidomethyl	C	8
PSM812_2_54680	Carbamidomethyl	C	8
PSM812_2_54683	Carbamidomethyl	C	7
PSM812_2_54684	Carbamidomethyl	C	7
PSM812_2_54689	Carbamidomethyl	C	13
PSM812_2_54689	Carbamidomethyl	C	23
PSM812_2_54699	Oxidation	M	9
PSM812_2_547	Carbamidomethyl	C	13
PSM812_2_547	Carbamidomethyl	C	27
PSM812_2_54707	Carbamidomethyl	C	11
PSM812_2_54708	Carbamidomethyl	C	2
PSM812_2_54708	Carbamidomethyl	C	5
PSM812_2_54711	Carbamidomethyl	C	9
PSM812_2_54713	Carbamidomethyl	C	22
PSM812_2_54725	Carbamidomethyl	C	4
PSM812_2_54731	Carbamidomethyl	C	9
PSM812_2_54733	Carbamidomethyl	C	3
PSM812_2_54736	Carbamidomethyl	C	8
PSM812_2_54736	Carbamidomethyl	C	13
PSM812_2_54737	Carbamidomethyl	C	8
PSM812_2_54737	Carbamidomethyl	C	13
PSM812_2_54738	Carbamidomethyl	C	8
PSM812_2_54738	Carbamidomethyl	C	13
PSM812_2_54743	Carbamidomethyl	C	17
PSM812_2_54747	Carbamidomethyl	C	5
PSM812_2_54748	Carbamidomethyl	C	5
PSM812_2_54749	Carbamidomethyl	C	6
PSM812_2_54750	Carbamidomethyl	C	6
PSM812_2_54756	Carbamidomethyl	C	2
PSM812_2_54764	Carbamidomethyl	C	1
PSM812_2_54764	Carbamidomethyl	C	4
PSM812_2_54764	Carbamidomethyl	C	16
PSM812_2_54764	Carbamidomethyl	C	25
PSM812_2_54768	Carbamidomethyl	C	8
PSM812_2_54776	Carbamidomethyl	C	18
PSM812_2_54780	Carbamidomethyl	C	3
PSM812_2_54781	Carbamidomethyl	C	8
PSM812_2_5479	Carbamidomethyl	C	14
PSM812_2_54795	Ammonia-loss	N-term	
PSM812_2_54795	Carbamidomethyl	C	1
PSM812_2_54796	Carbamidomethyl	C	2
PSM812_2_54797	Carbamidomethyl	C	2
PSM812_2_54798	Acetyl	N-term	
PSM812_2_54799	Gln->pyro-Glu	N-term	
PSM812_2_548	Carbamidomethyl	C	13
PSM812_2_548	Carbamidomethyl	C	27
PSM812_2_5480	Carbamidomethyl	C	14
PSM812_2_54800	Glu->pyro-Glu	N-term	
PSM812_2_54800	Carbamidomethyl	C	5
PSM812_2_54800	Carbamidomethyl	C	7
PSM812_2_54801	Glu->pyro-Glu	N-term	
PSM812_2_54801	Carbamidomethyl	C	5
PSM812_2_54801	Carbamidomethyl	C	7
PSM812_2_54802	Glu->pyro-Glu	N-term	
PSM812_2_54802	Carbamidomethyl	C	5
PSM812_2_54802	Carbamidomethyl	C	7
PSM812_2_54803	Glu->pyro-Glu	N-term	
PSM812_2_54803	Carbamidomethyl	C	5
PSM812_2_54803	Carbamidomethyl	C	7
PSM812_2_54804	Glu->pyro-Glu	N-term	
PSM812_2_54804	Carbamidomethyl	C	5
PSM812_2_54804	Carbamidomethyl	C	7
PSM812_2_54807	Carbamidomethyl	C	7
PSM812_2_54807	Carbamidomethyl	C	12
PSM812_2_54808	Ammonia-loss	N-term	
PSM812_2_54808	Carbamidomethyl	C	1
PSM812_2_54809	Gln->pyro-Glu	N-term	
PSM812_2_5481	Carbamidomethyl	C	14
PSM812_2_54810	Ammonia-loss	N-term	
PSM812_2_54810	Carbamidomethyl	C	1
PSM812_2_54810	Carbamidomethyl	C	10
PSM812_2_54811	Ammonia-loss	N-term	
PSM812_2_54811	Carbamidomethyl	C	1
PSM812_2_54811	Carbamidomethyl	C	5
PSM812_2_54812	Ammonia-loss	N-term	
PSM812_2_54812	Carbamidomethyl	C	1
PSM812_2_54812	Carbamidomethyl	C	5
PSM812_2_54813	Ammonia-loss	N-term	
PSM812_2_54813	Carbamidomethyl	C	1
PSM812_2_54813	Carbamidomethyl	C	5
PSM812_2_54814	Ammonia-loss	N-term	
PSM812_2_54814	Carbamidomethyl	C	1
PSM812_2_54814	Carbamidomethyl	C	5
PSM812_2_54815	Oxidation	M	5
PSM812_2_54815	Carbamidomethyl	C	8
PSM812_2_54816	Oxidation	M	5
PSM812_2_54816	Carbamidomethyl	C	8
PSM812_2_54817	Oxidation	M	5
PSM812_2_54817	Carbamidomethyl	C	8
PSM812_2_54818	Oxidation	M	5
PSM812_2_54818	Carbamidomethyl	C	8
PSM812_2_54819	Oxidation	M	5
PSM812_2_54819	Carbamidomethyl	C	8
PSM812_2_5482	Carbamidomethyl	C	14
PSM812_2_54821	Gln->pyro-Glu	N-term	
PSM812_2_54822	Ammonia-loss	N-term	
PSM812_2_54822	Carbamidomethyl	C	1
PSM812_2_54823	Ammonia-loss	N-term	
PSM812_2_54823	Carbamidomethyl	C	1
PSM812_2_54824	Ammonia-loss	N-term	
PSM812_2_54824	Carbamidomethyl	C	1
PSM812_2_54825	Ammonia-loss	N-term	
PSM812_2_54825	Carbamidomethyl	C	1
PSM812_2_54828	Gln->pyro-Glu	N-term	
PSM812_2_54829	Carbamidomethyl	C	2
PSM812_2_54829	Carbamidomethyl	C	9
PSM812_2_54830	Carbamidomethyl	C	2
PSM812_2_54830	Carbamidomethyl	C	9
PSM812_2_54832	Gln->pyro-Glu	N-term	
PSM812_2_54833	Gln->pyro-Glu	N-term	
PSM812_2_54833	Carbamidomethyl	C	8
PSM812_2_54834	Carbamidomethyl	C	8
PSM812_2_54838	Gln->pyro-Glu	N-term	
PSM812_2_54838	Carbamidomethyl	C	12
PSM812_2_54839	Gln->pyro-Glu	N-term	
PSM812_2_54839	Carbamidomethyl	C	12
PSM812_2_54840	Gln->pyro-Glu	N-term	
PSM812_2_54840	Carbamidomethyl	C	12
PSM812_2_54841	Acetyl	N-term	
PSM812_2_54842	Acetyl	N-term	
PSM812_2_54843	Ammonia-loss	N-term	
PSM812_2_54843	Carbamidomethyl	C	1
PSM812_2_54844	Ammonia-loss	N-term	
PSM812_2_54844	Carbamidomethyl	C	1
PSM812_2_54845	Ammonia-loss	N-term	
PSM812_2_54845	Carbamidomethyl	C	1
PSM812_2_54846	Gln->pyro-Glu	N-term	
PSM812_2_54847	Gln->pyro-Glu	N-term	
PSM812_2_54848	Acetyl	N-term	
PSM812_2_54848	Carbamidomethyl	C	3
PSM812_2_54849	Acetyl	N-term	
PSM812_2_54849	Carbamidomethyl	C	3
PSM812_2_54850	Ammonia-loss	N-term	
PSM812_2_54850	Carbamidomethyl	C	1
PSM812_2_54851	Ammonia-loss	N-term	
PSM812_2_54851	Carbamidomethyl	C	1
PSM812_2_54852	Ammonia-loss	N-term	
PSM812_2_54852	Carbamidomethyl	C	1
PSM812_2_54854	Gln->pyro-Glu	N-term	
PSM812_2_54855	Acetyl	N-term	
PSM812_2_54862	Gln->pyro-Glu	N-term	
PSM812_2_54863	Gln->pyro-Glu	N-term	
PSM812_2_54864	Gln->pyro-Glu	N-term	
PSM812_2_54865	Gln->pyro-Glu	N-term	
PSM812_2_54866	Gln->pyro-Glu	N-term	
PSM812_2_54868	Ammonia-loss	N-term	
PSM812_2_54868	Carbamidomethyl	C	1
PSM812_2_54869	Gln->pyro-Glu	N-term	
PSM812_2_54871	Carbamidomethyl	C	7
PSM812_2_54871	Carbamidomethyl	C	8
PSM812_2_54871	Carbamidomethyl	C	10
PSM812_2_54871	Carbamidomethyl	C	22
PSM812_2_54871	Carbamidomethyl	C	25
PSM812_2_54872	Carbamidomethyl	C	7
PSM812_2_54872	Carbamidomethyl	C	8
PSM812_2_54872	Carbamidomethyl	C	10
PSM812_2_54872	Carbamidomethyl	C	22
PSM812_2_54872	Carbamidomethyl	C	25
PSM812_2_54873	Acetyl	N-term	
PSM812_2_54876	Gln->pyro-Glu	N-term	
PSM812_2_54881	Acetyl	N-term	
PSM812_2_54884	Gln->pyro-Glu	N-term	
PSM812_2_54885	Acetyl	N-term	
PSM812_2_54886	Gln->pyro-Glu	N-term	
PSM812_2_54898	Gln->pyro-Glu	N-term	
PSM812_2_54899	Gln->pyro-Glu	N-term	
PSM812_2_549	Carbamidomethyl	C	13
PSM812_2_549	Carbamidomethyl	C	27
PSM812_2_54900	Gln->pyro-Glu	N-term	
PSM812_2_54902	Carbamidomethyl	C	8
PSM812_2_54914	Carbamidomethyl	C	10
PSM812_2_54920	Carbamidomethyl	C	20
PSM812_2_54922	Carbamidomethyl	C	3
PSM812_2_54927	Carbamidomethyl	C	10
PSM812_2_54934	Carbamidomethyl	C	7
PSM812_2_54935	Carbamidomethyl	C	7
PSM812_2_54938	Carbamidomethyl	C	22
PSM812_2_54939	Carbamidomethyl	C	22
PSM812_2_54940	Carbamidomethyl	C	15
PSM812_2_54949	Carbamidomethyl	C	9
PSM812_2_54950	Carbamidomethyl	C	9
PSM812_2_54951	Carbamidomethyl	C	9
PSM812_2_54964	Carbamidomethyl	C	19
PSM812_2_54970	Carbamidomethyl	C	18
PSM812_2_54970	Carbamidomethyl	C	22
PSM812_2_54971	Carbamidomethyl	C	18
PSM812_2_54971	Carbamidomethyl	C	22
PSM812_2_54972	Carbamidomethyl	C	18
PSM812_2_54972	Carbamidomethyl	C	22
PSM812_2_54973	Carbamidomethyl	C	18
PSM812_2_54973	Carbamidomethyl	C	22
PSM812_2_54979	Carbamidomethyl	C	2
PSM812_2_54984	Carbamidomethyl	C	4
PSM812_2_54984	Carbamidomethyl	C	17
PSM812_2_54986	Carbamidomethyl	C	6
PSM812_2_54987	Carbamidomethyl	C	6
PSM812_2_54988	Carbamidomethyl	C	22
PSM812_2_54989	Carbamidomethyl	C	22
PSM812_2_550	Carbamidomethyl	C	13
PSM812_2_550	Carbamidomethyl	C	27
PSM812_2_5500	Carbamidomethyl	C	26
PSM812_2_55004	Carbamidomethyl	C	4
PSM812_2_55004	Carbamidomethyl	C	26
PSM812_2_55004	Carbamidomethyl	C	28
PSM812_2_55008	Carbamidomethyl	C	14
PSM812_2_5501	Carbamidomethyl	C	26
PSM812_2_55012	Carbamidomethyl	C	16
PSM812_2_55013	Carbamidomethyl	C	16
PSM812_2_55014	Carbamidomethyl	C	16
PSM812_2_55015	Carbamidomethyl	C	4
PSM812_2_55016	Carbamidomethyl	C	4
PSM812_2_55018	Carbamidomethyl	C	13
PSM812_2_5502	Carbamidomethyl	C	26
PSM812_2_55027	Carbamidomethyl	C	7
PSM812_2_55027	Carbamidomethyl	C	18
PSM812_2_5503	Carbamidomethyl	C	3
PSM812_2_55034	Carbamidomethyl	C	1
PSM812_2_55035	Carbamidomethyl	C	1
PSM812_2_55040	Carbamidomethyl	C	3
PSM812_2_55045	Carbamidomethyl	C	4
PSM812_2_55046	Carbamidomethyl	C	4
PSM812_2_55068	Carbamidomethyl	C	11
PSM812_2_55069	Carbamidomethyl	C	11
PSM812_2_5507	Carbamidomethyl	C	12
PSM812_2_55071	Carbamidomethyl	C	14
PSM812_2_55072	Carbamidomethyl	C	14
PSM812_2_55076	Carbamidomethyl	C	30
PSM812_2_55079	Carbamidomethyl	C	8
PSM812_2_55079	Carbamidomethyl	C	11
PSM812_2_5508	Carbamidomethyl	C	12
PSM812_2_55080	Carbamidomethyl	C	8
PSM812_2_55080	Carbamidomethyl	C	11
PSM812_2_55081	Carbamidomethyl	C	6
PSM812_2_55081	Carbamidomethyl	C	15
PSM812_2_55084	Carbamidomethyl	C	16
PSM812_2_55085	Carbamidomethyl	C	16
PSM812_2_55091	Carbamidomethyl	C	12
PSM812_2_55092	Carbamidomethyl	C	12
PSM812_2_55094	Carbamidomethyl	C	5
PSM812_2_55095	Carbamidomethyl	C	5
PSM812_2_55098	Carbamidomethyl	C	2
PSM812_2_55098	Carbamidomethyl	C	7
PSM812_2_55098	Carbamidomethyl	C	8
PSM812_2_551	Carbamidomethyl	C	13
PSM812_2_551	Carbamidomethyl	C	27
PSM812_2_55105	Carbamidomethyl	C	3
PSM812_2_55108	Gln->pyro-Glu	N-term	
PSM812_2_55109	Gln->pyro-Glu	N-term	
PSM812_2_55110	Acetyl	N-term	
PSM812_2_55111	Acetyl	N-term	
PSM812_2_55112	Acetyl	N-term	
PSM812_2_55113	Gln->pyro-Glu	N-term	
PSM812_2_55113	Carbamidomethyl	C	15
PSM812_2_55114	Gln->pyro-Glu	N-term	
PSM812_2_55114	Carbamidomethyl	C	15
PSM812_2_55115	Ammonia-loss	N-term	
PSM812_2_55115	Carbamidomethyl	C	1
PSM812_2_55117	Ammonia-loss	N-term	
PSM812_2_55117	Carbamidomethyl	C	1
PSM812_2_55118	Ammonia-loss	N-term	
PSM812_2_55118	Carbamidomethyl	C	1
PSM812_2_55119	Ammonia-loss	N-term	
PSM812_2_55119	Carbamidomethyl	C	1
PSM812_2_5512	Carbamidomethyl	C	6
PSM812_2_55120	Oxidation	M	4
PSM812_2_55120	Carbamidomethyl	C	7
PSM812_2_55121	Oxidation	M	4
PSM812_2_55121	Carbamidomethyl	C	7
PSM812_2_5513	Carbamidomethyl	C	6
PSM812_2_55130	Carbamidomethyl	C	7
PSM812_2_55131	Gln->pyro-Glu	N-term	
PSM812_2_55132	Gln->pyro-Glu	N-term	
PSM812_2_55135	Ammonia-loss	N-term	
PSM812_2_55135	Carbamidomethyl	C	1
PSM812_2_55138	Acetyl	N-term	
PSM812_2_55139	Gln->pyro-Glu	N-term	
PSM812_2_5514	Carbamidomethyl	C	6
PSM812_2_55140	Gln->pyro-Glu	N-term	
PSM812_2_55141	Gln->pyro-Glu	N-term	
PSM812_2_55142	Gln->pyro-Glu	N-term	
PSM812_2_55144	Gln->pyro-Glu	N-term	
PSM812_2_55145	Gln->pyro-Glu	N-term	
PSM812_2_55146	Gln->pyro-Glu	N-term	
PSM812_2_5515	Carbamidomethyl	C	6
PSM812_2_55150	Ammonia-loss	N-term	
PSM812_2_55150	Carbamidomethyl	C	1
PSM812_2_55151	Ammonia-loss	N-term	
PSM812_2_55151	Carbamidomethyl	C	1
PSM812_2_55152	Ammonia-loss	N-term	
PSM812_2_55152	Carbamidomethyl	C	1
PSM812_2_55153	Carbamidomethyl	C	4
PSM812_2_55156	Carbamidomethyl	C	15
PSM812_2_55157	Carbamidomethyl	C	15
PSM812_2_55159	Carbamidomethyl	C	7
PSM812_2_5516	Carbamidomethyl	C	6
PSM812_2_55162	Carbamidomethyl	C	1
PSM812_2_55163	Carbamidomethyl	C	1
PSM812_2_55169	Carbamidomethyl	C	25
PSM812_2_55170	Carbamidomethyl	C	25
PSM812_2_55171	Carbamidomethyl	C	32
PSM812_2_55171	Carbamidomethyl	C	34
PSM812_2_55172	Carbamidomethyl	C	32
PSM812_2_55172	Carbamidomethyl	C	34
PSM812_2_55173	Carbamidomethyl	C	32
PSM812_2_55173	Carbamidomethyl	C	34
PSM812_2_55174	Carbamidomethyl	C	32
PSM812_2_55174	Carbamidomethyl	C	34
PSM812_2_55176	Carbamidomethyl	C	20
PSM812_2_55177	Carbamidomethyl	C	20
PSM812_2_55178	Carbamidomethyl	C	20
PSM812_2_55179	Carbamidomethyl	C	20
PSM812_2_55186	Carbamidomethyl	C	13
PSM812_2_55187	Carbamidomethyl	C	16
PSM812_2_55188	Carbamidomethyl	C	15
PSM812_2_55189	Carbamidomethyl	C	15
PSM812_2_55193	Carbamidomethyl	C	11
PSM812_2_55196	Carbamidomethyl	C	1
PSM812_2_55197	Carbamidomethyl	C	1
PSM812_2_55198	Carbamidomethyl	C	21
PSM812_2_55199	Carbamidomethyl	C	12
PSM812_2_552	Carbamidomethyl	C	13
PSM812_2_552	Carbamidomethyl	C	27
PSM812_2_55200	Carbamidomethyl	C	3
PSM812_2_55203	Carbamidomethyl	C	25
PSM812_2_55204	Carbamidomethyl	C	8
PSM812_2_55205	Gln->pyro-Glu	N-term	
PSM812_2_55206	Ammonia-loss	N-term	
PSM812_2_55206	Carbamidomethyl	C	1
PSM812_2_55207	Ammonia-loss	N-term	
PSM812_2_55207	Carbamidomethyl	C	1
PSM812_2_55208	Ammonia-loss	N-term	
PSM812_2_55208	Carbamidomethyl	C	1
PSM812_2_55209	Gln->pyro-Glu	N-term	
PSM812_2_55209	Carbamidomethyl	C	25
PSM812_2_55213	Carbamidomethyl	C	7
PSM812_2_55214	Carbamidomethyl	C	9
PSM812_2_55240	Carbamidomethyl	C	2
PSM812_2_55249	Carbamidomethyl	C	4
PSM812_2_55255	Carbamidomethyl	C	6
PSM812_2_55255	Carbamidomethyl	C	9
PSM812_2_5527	Carbamidomethyl	C	4
PSM812_2_55271	Carbamidomethyl	C	2
PSM812_2_55271	Carbamidomethyl	C	3
PSM812_2_55272	Carbamidomethyl	C	2
PSM812_2_55272	Carbamidomethyl	C	3
PSM812_2_5528	Carbamidomethyl	C	4
PSM812_2_553	Carbamidomethyl	C	13
PSM812_2_553	Carbamidomethyl	C	27
PSM812_2_55307	Carbamidomethyl	C	3
PSM812_2_55307	Carbamidomethyl	C	4
PSM812_2_55307	Carbamidomethyl	C	10
PSM812_2_5531	Carbamidomethyl	C	7
PSM812_2_5531	Carbamidomethyl	C	24
PSM812_2_55313	Carbamidomethyl	C	1
PSM812_2_55314	Carbamidomethyl	C	6
PSM812_2_55315	Carbamidomethyl	C	6
PSM812_2_5532	Carbamidomethyl	C	7
PSM812_2_5532	Carbamidomethyl	C	24
PSM812_2_55325	Carbamidomethyl	C	5
PSM812_2_55328	Carbamidomethyl	C	5
PSM812_2_55328	Carbamidomethyl	C	8
PSM812_2_5533	Carbamidomethyl	C	7
PSM812_2_5533	Carbamidomethyl	C	24
PSM812_2_55331	Carbamidomethyl	C	3
PSM812_2_55331	Carbamidomethyl	C	5
PSM812_2_55334	Carbamidomethyl	C	7
PSM812_2_55335	Carbamidomethyl	C	9
PSM812_2_55336	Carbamidomethyl	C	5
PSM812_2_55339	Carbamidomethyl	C	5
PSM812_2_5534	Carbamidomethyl	C	7
PSM812_2_5534	Carbamidomethyl	C	24
PSM812_2_55343	Carbamidomethyl	C	6
PSM812_2_5535	Carbamidomethyl	C	7
PSM812_2_5535	Carbamidomethyl	C	24
PSM812_2_55364	Carbamidomethyl	C	2
PSM812_2_55368	Carbamidomethyl	C	6
PSM812_2_55369	Carbamidomethyl	C	6
PSM812_2_55370	Carbamidomethyl	C	6
PSM812_2_55387	Carbamidomethyl	C	7
PSM812_2_55388	Carbamidomethyl	C	7
PSM812_2_55389	Carbamidomethyl	C	7
PSM812_2_554	Carbamidomethyl	C	13
PSM812_2_554	Carbamidomethyl	C	27
PSM812_2_5540	Acetyl	N-term	
PSM812_2_5540	Carbamidomethyl	C	4
PSM812_2_5540	Carbamidomethyl	C	15
PSM812_2_55402	Carbamidomethyl	C	1
PSM812_2_55403	Carbamidomethyl	C	1
PSM812_2_55407	Carbamidomethyl	C	3
PSM812_2_55408	Carbamidomethyl	C	3
PSM812_2_5541	Acetyl	N-term	
PSM812_2_5541	Carbamidomethyl	C	4
PSM812_2_5541	Carbamidomethyl	C	15
PSM812_2_55410	Carbamidomethyl	C	7
PSM812_2_55411	Carbamidomethyl	C	7
PSM812_2_55412	Carbamidomethyl	C	7
PSM812_2_55413	Carbamidomethyl	C	7
PSM812_2_55414	Carbamidomethyl	C	7
PSM812_2_55415	Carbamidomethyl	C	7
PSM812_2_55416	Carbamidomethyl	C	7
PSM812_2_55417	Carbamidomethyl	C	7
PSM812_2_55418	Carbamidomethyl	C	7
PSM812_2_55419	Carbamidomethyl	C	7
PSM812_2_5542	Acetyl	N-term	
PSM812_2_5542	Carbamidomethyl	C	4
PSM812_2_5542	Carbamidomethyl	C	15
PSM812_2_55420	Carbamidomethyl	C	7
PSM812_2_5543	Acetyl	N-term	
PSM812_2_5543	Carbamidomethyl	C	4
PSM812_2_5543	Carbamidomethyl	C	15
PSM812_2_55439	Carbamidomethyl	C	8
PSM812_2_5544	Acetyl	N-term	
PSM812_2_5544	Carbamidomethyl	C	4
PSM812_2_5544	Carbamidomethyl	C	15
PSM812_2_55440	Carbamidomethyl	C	8
PSM812_2_5545	Acetyl	N-term	
PSM812_2_5545	Carbamidomethyl	C	4
PSM812_2_5545	Carbamidomethyl	C	15
PSM812_2_5546	Acetyl	N-term	
PSM812_2_5546	Carbamidomethyl	C	4
PSM812_2_5546	Carbamidomethyl	C	15
PSM812_2_55460	Carbamidomethyl	C	4
PSM812_2_55461	Carbamidomethyl	C	4
PSM812_2_5547	Acetyl	N-term	
PSM812_2_5547	Carbamidomethyl	C	4
PSM812_2_5547	Carbamidomethyl	C	15
PSM812_2_5548	Acetyl	N-term	
PSM812_2_5548	Carbamidomethyl	C	4
PSM812_2_5548	Carbamidomethyl	C	15
PSM812_2_55482	Carbamidomethyl	C	6
PSM812_2_55482	Carbamidomethyl	C	8
PSM812_2_55483	Carbamidomethyl	C	6
PSM812_2_55483	Carbamidomethyl	C	8
PSM812_2_55487	Carbamidomethyl	C	9
PSM812_2_55488	Carbamidomethyl	C	9
PSM812_2_55489	Carbamidomethyl	C	9
PSM812_2_5549	Acetyl	N-term	
PSM812_2_5549	Carbamidomethyl	C	4
PSM812_2_5549	Carbamidomethyl	C	15
PSM812_2_555	Carbamidomethyl	C	13
PSM812_2_555	Carbamidomethyl	C	27
PSM812_2_5550	Acetyl	N-term	
PSM812_2_55501	Carbamidomethyl	C	1
PSM812_2_55502	Carbamidomethyl	C	1
PSM812_2_5551	Acetyl	N-term	
PSM812_2_55517	Carbamidomethyl	C	2
PSM812_2_55518	Carbamidomethyl	C	3
PSM812_2_5552	Carbamidomethyl	C	22
PSM812_2_55528	Carbamidomethyl	C	3
PSM812_2_55528	Carbamidomethyl	C	4
PSM812_2_55528	Carbamidomethyl	C	7
PSM812_2_55529	Carbamidomethyl	C	2
PSM812_2_5553	Carbamidomethyl	C	22
PSM812_2_5554	Gln->pyro-Glu	N-term	
PSM812_2_55547	Carbamidomethyl	C	1
PSM812_2_55548	Carbamidomethyl	C	1
PSM812_2_5555	Acetyl	N-term	
PSM812_2_5555	Carbamidomethyl	C	8
PSM812_2_5555	Carbamidomethyl	C	18
PSM812_2_55552	Carbamidomethyl	C	4
PSM812_2_55553	Carbamidomethyl	C	5
PSM812_2_55553	Carbamidomethyl	C	6
PSM812_2_55556	Carbamidomethyl	C	6
PSM812_2_5556	Acetyl	N-term	
PSM812_2_5556	Carbamidomethyl	C	8
PSM812_2_5556	Carbamidomethyl	C	18
PSM812_2_55563	Carbamidomethyl	C	10
PSM812_2_55564	Carbamidomethyl	C	10
PSM812_2_55566	Carbamidomethyl	C	5
PSM812_2_55568	Carbamidomethyl	C	10
PSM812_2_5557	Acetyl	N-term	
PSM812_2_55571	Carbamidomethyl	C	2
PSM812_2_55572	Carbamidomethyl	C	2
PSM812_2_5558	Acetyl	N-term	
PSM812_2_55584	Carbamidomethyl	C	5
PSM812_2_55586	Carbamidomethyl	C	1
PSM812_2_55587	Carbamidomethyl	C	1
PSM812_2_55589	Carbamidomethyl	C	6
PSM812_2_5559	Acetyl	N-term	
PSM812_2_556	Carbamidomethyl	C	13
PSM812_2_556	Carbamidomethyl	C	27
PSM812_2_5560	Acetyl	N-term	
PSM812_2_5561	Acetyl	N-term	
PSM812_2_5562	Acetyl	N-term	
PSM812_2_55628	Carbamidomethyl	C	5
PSM812_2_55628	Carbamidomethyl	C	9
PSM812_2_5563	Acetyl	N-term	
PSM812_2_55638	Carbamidomethyl	C	5
PSM812_2_55639	Carbamidomethyl	C	5
PSM812_2_5564	Acetyl	N-term	
PSM812_2_55640	Carbamidomethyl	C	5
PSM812_2_55641	Carbamidomethyl	C	5
PSM812_2_55645	Carbamidomethyl	C	4
PSM812_2_5565	Acetyl	N-term	
PSM812_2_55659	Carbamidomethyl	C	6
PSM812_2_5566	Acetyl	N-term	
PSM812_2_55665	Carbamidomethyl	C	1
PSM812_2_55666	Carbamidomethyl	C	1
PSM812_2_55668	Carbamidomethyl	C	7
PSM812_2_5567	Acetyl	N-term	
PSM812_2_55679	Carbamidomethyl	C	5
PSM812_2_55680	Carbamidomethyl	C	8
PSM812_2_55682	Carbamidomethyl	C	9
PSM812_2_55692	Carbamidomethyl	C	4
PSM812_2_55699	Carbamidomethyl	C	2
PSM812_2_557	Carbamidomethyl	C	13
PSM812_2_557	Carbamidomethyl	C	27
PSM812_2_55700	Carbamidomethyl	C	7
PSM812_2_55701	Carbamidomethyl	C	7
PSM812_2_55702	Carbamidomethyl	C	7
PSM812_2_55703	Carbamidomethyl	C	7
PSM812_2_55713	Carbamidomethyl	C	2
PSM812_2_55713	Carbamidomethyl	C	12
PSM812_2_55718	Carbamidomethyl	C	7
PSM812_2_55719	Carbamidomethyl	C	8
PSM812_2_5572	Carbamidomethyl	C	11
PSM812_2_55728	Carbamidomethyl	C	10
PSM812_2_5573	Carbamidomethyl	C	11
PSM812_2_55737	Carbamidomethyl	C	11
PSM812_2_55739	Carbamidomethyl	C	10
PSM812_2_5574	Carbamidomethyl	C	11
PSM812_2_55745	Carbamidomethyl	C	4
PSM812_2_55749	Carbamidomethyl	C	5
PSM812_2_5575	Carbamidomethyl	C	11
PSM812_2_5576	Carbamidomethyl	C	11
PSM812_2_5577	Carbamidomethyl	C	11
PSM812_2_55776	Carbamidomethyl	C	4
PSM812_2_55777	Carbamidomethyl	C	4
PSM812_2_5578	Carbamidomethyl	C	11
PSM812_2_55781	Carbamidomethyl	C	3
PSM812_2_55781	Carbamidomethyl	C	10
PSM812_2_55784	Carbamidomethyl	C	12
PSM812_2_55788	Carbamidomethyl	C	5
PSM812_2_5579	Carbamidomethyl	C	11
PSM812_2_55791	Carbamidomethyl	C	4
PSM812_2_55795	Carbamidomethyl	C	8
PSM812_2_55795	Carbamidomethyl	C	9
PSM812_2_55796	Carbamidomethyl	C	4
PSM812_2_55799	Gln->pyro-Glu	N-term	
PSM812_2_558	Carbamidomethyl	C	13
PSM812_2_558	Carbamidomethyl	C	27
PSM812_2_5580	Carbamidomethyl	C	9
PSM812_2_55801	Acetyl	N-term	
PSM812_2_55802	Acetyl	N-term	
PSM812_2_55803	Acetyl	N-term	
PSM812_2_55804	Acetyl	N-term	
PSM812_2_55805	Gln->pyro-Glu	N-term	
PSM812_2_55806	Gln->pyro-Glu	N-term	
PSM812_2_55807	Gln->pyro-Glu	N-term	
PSM812_2_55808	Gln->pyro-Glu	N-term	
PSM812_2_55809	Acetyl	N-term	
PSM812_2_5581	Carbamidomethyl	C	9
PSM812_2_55810	Ammonia-loss	N-term	
PSM812_2_55810	Carbamidomethyl	C	1
PSM812_2_55811	Ammonia-loss	N-term	
PSM812_2_55811	Carbamidomethyl	C	1
PSM812_2_55811	Carbamidomethyl	C	11
PSM812_2_55812	Gln->pyro-Glu	N-term	
PSM812_2_55812	Carbamidomethyl	C	6
PSM812_2_55817	Gln->pyro-Glu	N-term	
PSM812_2_55818	Acetyl	N-term	
PSM812_2_55819	Acetyl	N-term	
PSM812_2_5582	Carbamidomethyl	C	9
PSM812_2_55820	Ammonia-loss	N-term	
PSM812_2_55820	Carbamidomethyl	C	1
PSM812_2_55821	Ammonia-loss	N-term	
PSM812_2_55821	Carbamidomethyl	C	1
PSM812_2_55822	Gln->pyro-Glu	N-term	
PSM812_2_55822	Carbamidomethyl	C	4
PSM812_2_55822	Carbamidomethyl	C	9
PSM812_2_55823	Ammonia-loss	N-term	
PSM812_2_55823	Carbamidomethyl	C	1
PSM812_2_55824	Acetyl	N-term	
PSM812_2_55824	Carbamidomethyl	C	6
PSM812_2_55825	Acetyl	N-term	
PSM812_2_55825	Carbamidomethyl	C	6
PSM812_2_55827	Carbamidomethyl	C	3
PSM812_2_55827	Carbamidomethyl	C	8
PSM812_2_5583	Carbamidomethyl	C	9
PSM812_2_5584	Carbamidomethyl	C	9
PSM812_2_5585	Carbamidomethyl	C	9
PSM812_2_55850	Carbamidomethyl	C	5
PSM812_2_55851	Carbamidomethyl	C	5
PSM812_2_5586	Carbamidomethyl	C	9
PSM812_2_55863	Carbamidomethyl	C	9
PSM812_2_55864	Carbamidomethyl	C	3
PSM812_2_55867	Carbamidomethyl	C	12
PSM812_2_55868	Carbamidomethyl	C	15
PSM812_2_55875	Carbamidomethyl	C	6
PSM812_2_55876	Carbamidomethyl	C	6
PSM812_2_55877	Carbamidomethyl	C	6
PSM812_2_55878	Carbamidomethyl	C	6
PSM812_2_55881	Carbamidomethyl	C	2
PSM812_2_55882	Carbamidomethyl	C	2
PSM812_2_55883	Carbamidomethyl	C	2
PSM812_2_55884	Carbamidomethyl	C	2
PSM812_2_55893	Carbamidomethyl	C	9
PSM812_2_55893	Carbamidomethyl	C	13
PSM812_2_55896	Carbamidomethyl	C	1
PSM812_2_55899	Carbamidomethyl	C	6
PSM812_2_559	Carbamidomethyl	C	13
PSM812_2_559	Carbamidomethyl	C	27
PSM812_2_55908	Carbamidomethyl	C	3
PSM812_2_55912	Carbamidomethyl	C	4
PSM812_2_55922	Carbamidomethyl	C	9
PSM812_2_55928	Carbamidomethyl	C	5
PSM812_2_55942	Carbamidomethyl	C	9
PSM812_2_5596	Carbamidomethyl	C	9
PSM812_2_5597	Carbamidomethyl	C	9
PSM812_2_55970	Carbamidomethyl	C	6
PSM812_2_55971	Carbamidomethyl	C	6
PSM812_2_5598	Carbamidomethyl	C	9
PSM812_2_55980	Carbamidomethyl	C	5
PSM812_2_5599	Carbamidomethyl	C	3
PSM812_2_55993	Carbamidomethyl	C	7
PSM812_2_55994	Carbamidomethyl	C	7
PSM812_2_55995	Carbamidomethyl	C	9
PSM812_2_55996	Carbamidomethyl	C	9
PSM812_2_55997	Carbamidomethyl	C	2
PSM812_2_55998	Carbamidomethyl	C	2
PSM812_2_55999	Carbamidomethyl	C	2
PSM812_2_560	Carbamidomethyl	C	13
PSM812_2_560	Carbamidomethyl	C	27
PSM812_2_5600	Carbamidomethyl	C	3
PSM812_2_56000	Carbamidomethyl	C	8
PSM812_2_56000	Carbamidomethyl	C	11
PSM812_2_56003	Carbamidomethyl	C	3
PSM812_2_56005	Carbamidomethyl	C	3
PSM812_2_56006	Carbamidomethyl	C	5
PSM812_2_56007	Carbamidomethyl	C	5
PSM812_2_56009	Carbamidomethyl	C	2
PSM812_2_5601	Carbamidomethyl	C	3
PSM812_2_56010	Carbamidomethyl	C	2
PSM812_2_56014	Carbamidomethyl	C	14
PSM812_2_56015	Carbamidomethyl	C	14
PSM812_2_56018	Carbamidomethyl	C	2
PSM812_2_56019	Carbamidomethyl	C	2
PSM812_2_5602	Carbamidomethyl	C	3
PSM812_2_5603	Carbamidomethyl	C	3
PSM812_2_56032	Carbamidomethyl	C	5
PSM812_2_56055	Carbamidomethyl	C	7
PSM812_2_56056	Carbamidomethyl	C	1
PSM812_2_56057	Carbamidomethyl	C	1
PSM812_2_56070	Carbamidomethyl	C	9
PSM812_2_56071	Carbamidomethyl	C	9
PSM812_2_56072	Carbamidomethyl	C	9
PSM812_2_56093	Carbamidomethyl	C	4
PSM812_2_56097	Carbamidomethyl	C	3
PSM812_2_56098	Carbamidomethyl	C	3
PSM812_2_561	Carbamidomethyl	C	13
PSM812_2_561	Carbamidomethyl	C	27
PSM812_2_56121	Carbamidomethyl	C	6
PSM812_2_56122	Carbamidomethyl	C	6
PSM812_2_56126	Carbamidomethyl	C	13
PSM812_2_56129	Carbamidomethyl	C	8
PSM812_2_56144	Carbamidomethyl	C	7
PSM812_2_56146	Carbamidomethyl	C	10
PSM812_2_56156	Oxidation	M	1
PSM812_2_56157	Oxidation	M	1
PSM812_2_56162	Carbamidomethyl	C	2
PSM812_2_56163	Carbamidomethyl	C	2
PSM812_2_56164	Carbamidomethyl	C	2
PSM812_2_56165	Carbamidomethyl	C	2
PSM812_2_56166	Carbamidomethyl	C	2
PSM812_2_56166	Carbamidomethyl	C	7
PSM812_2_56167	Carbamidomethyl	C	13
PSM812_2_56171	Carbamidomethyl	C	7
PSM812_2_56172	Carbamidomethyl	C	7
PSM812_2_56173	Carbamidomethyl	C	5
PSM812_2_56174	Carbamidomethyl	C	5
PSM812_2_56178	Carbamidomethyl	C	11
PSM812_2_56180	Carbamidomethyl	C	7
PSM812_2_56180	Carbamidomethyl	C	10
PSM812_2_56183	Carbamidomethyl	C	7
PSM812_2_56184	Carbamidomethyl	C	6
PSM812_2_56195	Carbamidomethyl	C	2
PSM812_2_56195	Carbamidomethyl	C	5
PSM812_2_56196	Carbamidomethyl	C	5
PSM812_2_56196	Carbamidomethyl	C	9
PSM812_2_562	Carbamidomethyl	C	13
PSM812_2_562	Carbamidomethyl	C	27
PSM812_2_56202	Carbamidomethyl	C	4
PSM812_2_56238	Carbamidomethyl	C	8
PSM812_2_56245	Carbamidomethyl	C	9
PSM812_2_56246	Carbamidomethyl	C	9
PSM812_2_56252	Carbamidomethyl	C	3
PSM812_2_56253	Carbamidomethyl	C	3
PSM812_2_56261	Carbamidomethyl	C	3
PSM812_2_56262	Carbamidomethyl	C	3
PSM812_2_56263	Carbamidomethyl	C	3
PSM812_2_56264	Carbamidomethyl	C	8
PSM812_2_56272	Carbamidomethyl	C	1
PSM812_2_56276	Carbamidomethyl	C	10
PSM812_2_56278	Carbamidomethyl	C	8
PSM812_2_56279	Carbamidomethyl	C	8
PSM812_2_56281	Carbamidomethyl	C	6
PSM812_2_56281	Carbamidomethyl	C	7
PSM812_2_56281	Carbamidomethyl	C	10
PSM812_2_56282	Carbamidomethyl	C	6
PSM812_2_56282	Carbamidomethyl	C	7
PSM812_2_56282	Carbamidomethyl	C	10
PSM812_2_56299	Carbamidomethyl	C	2
PSM812_2_563	Carbamidomethyl	C	13
PSM812_2_563	Carbamidomethyl	C	27
PSM812_2_56300	Carbamidomethyl	C	2
PSM812_2_56316	Carbamidomethyl	C	11
PSM812_2_56339	Carbamidomethyl	C	8
PSM812_2_56366	Carbamidomethyl	C	15
PSM812_2_56371	Carbamidomethyl	C	5
PSM812_2_56372	Carbamidomethyl	C	3
PSM812_2_56373	Carbamidomethyl	C	6
PSM812_2_56388	Carbamidomethyl	C	3
PSM812_2_56389	Carbamidomethyl	C	5
PSM812_2_56390	Carbamidomethyl	C	5
PSM812_2_56398	Carbamidomethyl	C	1
PSM812_2_56399	Carbamidomethyl	C	1
PSM812_2_564	Carbamidomethyl	C	13
PSM812_2_564	Carbamidomethyl	C	27
PSM812_2_56406	Carbamidomethyl	C	8
PSM812_2_56407	Carbamidomethyl	C	8
PSM812_2_56408	Carbamidomethyl	C	8
PSM812_2_56409	Carbamidomethyl	C	8
PSM812_2_56410	Carbamidomethyl	C	8
PSM812_2_56414	Carbamidomethyl	C	12
PSM812_2_56426	Carbamidomethyl	C	4
PSM812_2_56427	Carbamidomethyl	C	4
PSM812_2_56428	Carbamidomethyl	C	4
PSM812_2_56439	Carbamidomethyl	C	9
PSM812_2_56440	Carbamidomethyl	C	9
PSM812_2_56441	Carbamidomethyl	C	5
PSM812_2_56442	Carbamidomethyl	C	5
PSM812_2_56443	Carbamidomethyl	C	3
PSM812_2_56445	Carbamidomethyl	C	8
PSM812_2_56446	Carbamidomethyl	C	2
PSM812_2_56446	Carbamidomethyl	C	7
PSM812_2_56453	Carbamidomethyl	C	10
PSM812_2_56456	Carbamidomethyl	C	6
PSM812_2_56457	Carbamidomethyl	C	6
PSM812_2_56470	Carbamidomethyl	C	3
PSM812_2_56473	Carbamidomethyl	C	4
PSM812_2_56485	Carbamidomethyl	C	1
PSM812_2_56485	Carbamidomethyl	C	8
PSM812_2_56499	Carbamidomethyl	C	5
PSM812_2_565	Carbamidomethyl	C	13
PSM812_2_565	Carbamidomethyl	C	27
PSM812_2_56500	Carbamidomethyl	C	5
PSM812_2_56501	Carbamidomethyl	C	5
PSM812_2_56532	Carbamidomethyl	C	2
PSM812_2_56534	Carbamidomethyl	C	2
PSM812_2_56535	Carbamidomethyl	C	2
PSM812_2_56544	Carbamidomethyl	C	4
PSM812_2_56544	Carbamidomethyl	C	9
PSM812_2_56545	Carbamidomethyl	C	4
PSM812_2_56545	Carbamidomethyl	C	9
PSM812_2_56558	Carbamidomethyl	C	3
PSM812_2_56567	Carbamidomethyl	C	13
PSM812_2_56568	Carbamidomethyl	C	13
PSM812_2_56569	Carbamidomethyl	C	5
PSM812_2_56570	Carbamidomethyl	C	1
PSM812_2_56571	Carbamidomethyl	C	1
PSM812_2_566	Carbamidomethyl	C	13
PSM812_2_566	Carbamidomethyl	C	27
PSM812_2_5660	Carbamidomethyl	C	7
PSM812_2_5661	Carbamidomethyl	C	7
PSM812_2_56612	Oxidation	M	1
PSM812_2_56618	Carbamidomethyl	C	4
PSM812_2_5662	Carbamidomethyl	C	7
PSM812_2_56625	Carbamidomethyl	C	2
PSM812_2_56629	Carbamidomethyl	C	3
PSM812_2_5663	Carbamidomethyl	C	7
PSM812_2_56630	Carbamidomethyl	C	10
PSM812_2_56631	Carbamidomethyl	C	6
PSM812_2_56631	Carbamidomethyl	C	15
PSM812_2_56638	Carbamidomethyl	C	12
PSM812_2_5664	Carbamidomethyl	C	7
PSM812_2_5665	Carbamidomethyl	C	9
PSM812_2_5666	Carbamidomethyl	C	9
PSM812_2_56660	Carbamidomethyl	C	3
PSM812_2_5667	Carbamidomethyl	C	9
PSM812_2_5668	Carbamidomethyl	C	9
PSM812_2_56686	Carbamidomethyl	C	2
PSM812_2_56686	Carbamidomethyl	C	4
PSM812_2_5669	Carbamidomethyl	C	19
PSM812_2_56691	Carbamidomethyl	C	8
PSM812_2_56698	Carbamidomethyl	C	7
PSM812_2_567	Carbamidomethyl	C	13
PSM812_2_567	Carbamidomethyl	C	27
PSM812_2_5670	Carbamidomethyl	C	19
PSM812_2_56701	Carbamidomethyl	C	5
PSM812_2_56701	Carbamidomethyl	C	8
PSM812_2_56701	Carbamidomethyl	C	11
PSM812_2_56705	Carbamidomethyl	C	7
PSM812_2_56705	Carbamidomethyl	C	15
PSM812_2_5671	Carbamidomethyl	C	19
PSM812_2_56717	Carbamidomethyl	C	9
PSM812_2_56748	Carbamidomethyl	C	5
PSM812_2_5675	Carbamidomethyl	C	6
PSM812_2_5675	Carbamidomethyl	C	10
PSM812_2_56755	Carbamidomethyl	C	9
PSM812_2_56756	Carbamidomethyl	C	12
PSM812_2_56756	Oxidation	M	15
PSM812_2_56759	Carbamidomethyl	C	2
PSM812_2_5676	Carbamidomethyl	C	6
PSM812_2_5676	Carbamidomethyl	C	10
PSM812_2_56760	Carbamidomethyl	C	2
PSM812_2_56761	Carbamidomethyl	C	8
PSM812_2_56762	Carbamidomethyl	C	5
PSM812_2_56763	Carbamidomethyl	C	3
PSM812_2_56764	Carbamidomethyl	C	2
PSM812_2_56764	Carbamidomethyl	C	5
PSM812_2_5677	Carbamidomethyl	C	6
PSM812_2_5677	Carbamidomethyl	C	10
PSM812_2_56771	Carbamidomethyl	C	3
PSM812_2_56772	Carbamidomethyl	C	7
PSM812_2_5678	Carbamidomethyl	C	6
PSM812_2_5678	Carbamidomethyl	C	10
PSM812_2_56785	Carbamidomethyl	C	4
PSM812_2_56786	Carbamidomethyl	C	9
PSM812_2_5679	Carbamidomethyl	C	6
PSM812_2_5679	Carbamidomethyl	C	10
PSM812_2_568	Carbamidomethyl	C	13
PSM812_2_568	Carbamidomethyl	C	27
PSM812_2_5680	Carbamidomethyl	C	6
PSM812_2_5680	Carbamidomethyl	C	10
PSM812_2_56804	Carbamidomethyl	C	3
PSM812_2_5681	Carbamidomethyl	C	6
PSM812_2_5681	Carbamidomethyl	C	10
PSM812_2_5682	Carbamidomethyl	C	6
PSM812_2_5682	Carbamidomethyl	C	10
PSM812_2_56828	Carbamidomethyl	C	20
PSM812_2_56833	Carbamidomethyl	C	13
PSM812_2_56836	Carbamidomethyl	C	9
PSM812_2_56851	Carbamidomethyl	C	7
PSM812_2_56853	Carbamidomethyl	C	7
PSM812_2_56855	Carbamidomethyl	C	1
PSM812_2_56869	Carbamidomethyl	C	6
PSM812_2_56881	Carbamidomethyl	C	2
PSM812_2_56885	Carbamidomethyl	C	5
PSM812_2_56885	Carbamidomethyl	C	9
PSM812_2_56886	Carbamidomethyl	C	8
PSM812_2_56889	Carbamidomethyl	C	9
PSM812_2_56890	Carbamidomethyl	C	9
PSM812_2_56894	Carbamidomethyl	C	1
PSM812_2_569	Carbamidomethyl	C	13
PSM812_2_569	Carbamidomethyl	C	27
PSM812_2_56902	Carbamidomethyl	C	3
PSM812_2_56903	Carbamidomethyl	C	3
PSM812_2_56906	Carbamidomethyl	C	29
PSM812_2_5691	Carbamidomethyl	C	18
PSM812_2_56912	Carbamidomethyl	C	1
PSM812_2_56914	Carbamidomethyl	C	12
PSM812_2_56915	Carbamidomethyl	C	2
PSM812_2_56915	Carbamidomethyl	C	5
PSM812_2_56918	Carbamidomethyl	C	6
PSM812_2_56919	Carbamidomethyl	C	6
PSM812_2_5692	Carbamidomethyl	C	18
PSM812_2_56925	Carbamidomethyl	C	1
PSM812_2_56926	Carbamidomethyl	C	1
PSM812_2_5693	Carbamidomethyl	C	18
PSM812_2_56937	Carbamidomethyl	C	9
PSM812_2_56956	Carbamidomethyl	C	3
PSM812_2_56958	Carbamidomethyl	C	13
PSM812_2_56959	Carbamidomethyl	C	5
PSM812_2_56985	Carbamidomethyl	C	12
PSM812_2_56988	Carbamidomethyl	C	2
PSM812_2_56989	Carbamidomethyl	C	2
PSM812_2_56992	Carbamidomethyl	C	6
PSM812_2_56995	Carbamidomethyl	C	9
PSM812_2_56996	Carbamidomethyl	C	9
PSM812_2_56997	Carbamidomethyl	C	3
PSM812_2_56997	Carbamidomethyl	C	5
PSM812_2_56999	Carbamidomethyl	C	11
PSM812_2_570	Carbamidomethyl	C	13
PSM812_2_570	Carbamidomethyl	C	27
PSM812_2_57014	Carbamidomethyl	C	14
PSM812_2_57015	Carbamidomethyl	C	10
PSM812_2_57016	Carbamidomethyl	C	10
PSM812_2_57021	Carbamidomethyl	C	3
PSM812_2_57028	Carbamidomethyl	C	3
PSM812_2_57030	Carbamidomethyl	C	3
PSM812_2_57042	Carbamidomethyl	C	7
PSM812_2_57054	Gln->pyro-Glu	N-term	
PSM812_2_57055	Gln->pyro-Glu	N-term	
PSM812_2_57056	Gln->pyro-Glu	N-term	
PSM812_2_57057	Gln->pyro-Glu	N-term	
PSM812_2_57058	Gln->pyro-Glu	N-term	
PSM812_2_57059	Gln->pyro-Glu	N-term	
PSM812_2_57060	Glu->pyro-Glu	N-term	
PSM812_2_57061	Gln->pyro-Glu	N-term	
PSM812_2_57062	Gln->pyro-Glu	N-term	
PSM812_2_57063	Gln->pyro-Glu	N-term	
PSM812_2_57064	Gln->pyro-Glu	N-term	
PSM812_2_57065	Acetyl	N-term	
PSM812_2_57067	Gln->pyro-Glu	N-term	
PSM812_2_57072	Carbamidomethyl	C	7
PSM812_2_57073	Gln->pyro-Glu	N-term	
PSM812_2_57079	Gln->pyro-Glu	N-term	
PSM812_2_57080	Ammonia-loss	N-term	
PSM812_2_57080	Carbamidomethyl	C	1
PSM812_2_57080	Carbamidomethyl	C	10
PSM812_2_57082	Ammonia-loss	N-term	
PSM812_2_57082	Carbamidomethyl	C	1
PSM812_2_57083	Ammonia-loss	N-term	
PSM812_2_57083	Carbamidomethyl	C	1
PSM812_2_57084	Acetyl	N-term	
PSM812_2_57085	Acetyl	N-term	
PSM812_2_57086	Acetyl	N-term	
PSM812_2_57087	Acetyl	N-term	
PSM812_2_57088	Acetyl	N-term	
PSM812_2_57089	Carbamidomethyl	C	3
PSM812_2_57090	Acetyl	N-term	
PSM812_2_57092	Acetyl	N-term	
PSM812_2_57093	Gln->pyro-Glu	N-term	
PSM812_2_57094	Gln->pyro-Glu	N-term	
PSM812_2_57097	Gln->pyro-Glu	N-term	
PSM812_2_57098	Carbamidomethyl	C	5
PSM812_2_571	Carbamidomethyl	C	13
PSM812_2_571	Carbamidomethyl	C	27
PSM812_2_57104	Gln->pyro-Glu	N-term	
PSM812_2_57105	Ammonia-loss	N-term	
PSM812_2_57105	Carbamidomethyl	C	1
PSM812_2_57106	Gln->pyro-Glu	N-term	
PSM812_2_57107	Acetyl	N-term	
PSM812_2_57108	Acetyl	N-term	
PSM812_2_57109	Acetyl	N-term	
PSM812_2_57110	Gln->pyro-Glu	N-term	
PSM812_2_57111	Gln->pyro-Glu	N-term	
PSM812_2_57112	Gln->pyro-Glu	N-term	
PSM812_2_57114	Gln->pyro-Glu	N-term	
PSM812_2_57117	Gln->pyro-Glu	N-term	
PSM812_2_57118	Acetyl	N-term	
PSM812_2_57119	Acetyl	N-term	
PSM812_2_57120	Acetyl	N-term	
PSM812_2_57121	Acetyl	N-term	
PSM812_2_57122	Glu->pyro-Glu	N-term	
PSM812_2_57123	Glu->pyro-Glu	N-term	
PSM812_2_57125	Carbamidomethyl	C	4
PSM812_2_57126	Gln->pyro-Glu	N-term	
PSM812_2_57131	Gln->pyro-Glu	N-term	
PSM812_2_57133	Gln->pyro-Glu	N-term	
PSM812_2_57134	Acetyl	N-term	
PSM812_2_57135	Ammonia-loss	N-term	
PSM812_2_57135	Carbamidomethyl	C	1
PSM812_2_57135	Carbamidomethyl	C	3
PSM812_2_57139	Oxidation	M	3
PSM812_2_57141	Carbamidomethyl	C	3
PSM812_2_57143	Oxidation	M	1
PSM812_2_57144	Carbamidomethyl	C	5
PSM812_2_57145	Carbamidomethyl	C	1
PSM812_2_57155	Carbamidomethyl	C	4
PSM812_2_57155	Carbamidomethyl	C	8
PSM812_2_57159	Oxidation	M	1
PSM812_2_57160	Carbamidomethyl	C	9
PSM812_2_5717	Carbamidomethyl	C	4
PSM812_2_5717	Carbamidomethyl	C	17
PSM812_2_57177	Carbamidomethyl	C	3
PSM812_2_57178	Carbamidomethyl	C	3
PSM812_2_57179	Carbamidomethyl	C	3
PSM812_2_5718	Carbamidomethyl	C	4
PSM812_2_5718	Carbamidomethyl	C	17
PSM812_2_57180	Carbamidomethyl	C	3
PSM812_2_57181	Carbamidomethyl	C	3
PSM812_2_57185	Carbamidomethyl	C	5
PSM812_2_57186	Carbamidomethyl	C	5
PSM812_2_57187	Carbamidomethyl	C	10
PSM812_2_57188	Carbamidomethyl	C	10
PSM812_2_5719	Carbamidomethyl	C	4
PSM812_2_5719	Carbamidomethyl	C	17
PSM812_2_57198	Carbamidomethyl	C	1
PSM812_2_57199	Carbamidomethyl	C	9
PSM812_2_572	Carbamidomethyl	C	13
PSM812_2_572	Carbamidomethyl	C	27
PSM812_2_5720	Carbamidomethyl	C	4
PSM812_2_5720	Carbamidomethyl	C	17
PSM812_2_57200	Carbamidomethyl	C	9
PSM812_2_57208	Carbamidomethyl	C	1
PSM812_2_57209	Carbamidomethyl	C	1
PSM812_2_5721	Carbamidomethyl	C	4
PSM812_2_5721	Carbamidomethyl	C	17
PSM812_2_57214	Carbamidomethyl	C	9
PSM812_2_57214	Carbamidomethyl	C	10
PSM812_2_5722	Carbamidomethyl	C	4
PSM812_2_5722	Carbamidomethyl	C	17
PSM812_2_5723	Carbamidomethyl	C	4
PSM812_2_5723	Carbamidomethyl	C	17
PSM812_2_5724	Carbamidomethyl	C	4
PSM812_2_5724	Carbamidomethyl	C	17
PSM812_2_5725	Carbamidomethyl	C	4
PSM812_2_5725	Carbamidomethyl	C	17
PSM812_2_57251	Carbamidomethyl	C	9
PSM812_2_57257	Carbamidomethyl	C	6
PSM812_2_5726	Carbamidomethyl	C	4
PSM812_2_5726	Carbamidomethyl	C	17
PSM812_2_57261	Carbamidomethyl	C	5
PSM812_2_57262	Carbamidomethyl	C	5
PSM812_2_57268	Carbamidomethyl	C	10
PSM812_2_57268	Carbamidomethyl	C	13
PSM812_2_57269	Carbamidomethyl	C	10
PSM812_2_57269	Carbamidomethyl	C	13
PSM812_2_5727	Carbamidomethyl	C	4
PSM812_2_5727	Carbamidomethyl	C	17
PSM812_2_57276	Carbamidomethyl	C	13
PSM812_2_5728	Carbamidomethyl	C	4
PSM812_2_5728	Carbamidomethyl	C	17
PSM812_2_5729	Carbamidomethyl	C	4
PSM812_2_5729	Carbamidomethyl	C	17
PSM812_2_573	Carbamidomethyl	C	13
PSM812_2_573	Carbamidomethyl	C	27
PSM812_2_5730	Carbamidomethyl	C	4
PSM812_2_5730	Carbamidomethyl	C	17
PSM812_2_57300	Carbamidomethyl	C	1
PSM812_2_57301	Carbamidomethyl	C	1
PSM812_2_57305	Carbamidomethyl	C	4
PSM812_2_57306	Carbamidomethyl	C	4
PSM812_2_57307	Carbamidomethyl	C	4
PSM812_2_57311	Carbamidomethyl	C	8
PSM812_2_57312	Carbamidomethyl	C	8
PSM812_2_57322	Carbamidomethyl	C	3
PSM812_2_57322	Carbamidomethyl	C	15
PSM812_2_57323	Carbamidomethyl	C	7
PSM812_2_57324	Carbamidomethyl	C	7
PSM812_2_57325	Carbamidomethyl	C	7
PSM812_2_57326	Carbamidomethyl	C	7
PSM812_2_57327	Carbamidomethyl	C	7
PSM812_2_57339	Carbamidomethyl	C	1
PSM812_2_57344	Carbamidomethyl	C	8
PSM812_2_57346	Carbamidomethyl	C	5
PSM812_2_57347	Carbamidomethyl	C	5
PSM812_2_57353	Carbamidomethyl	C	9
PSM812_2_57354	Carbamidomethyl	C	9
PSM812_2_57366	Carbamidomethyl	C	3
PSM812_2_57366	Carbamidomethyl	C	6
PSM812_2_57370	Carbamidomethyl	C	7
PSM812_2_57371	Carbamidomethyl	C	7
PSM812_2_57381	Carbamidomethyl	C	9
PSM812_2_57382	Carbamidomethyl	C	2
PSM812_2_57383	Carbamidomethyl	C	2
PSM812_2_574	Carbamidomethyl	C	13
PSM812_2_574	Carbamidomethyl	C	27
PSM812_2_57403	Carbamidomethyl	C	1
PSM812_2_57417	Carbamidomethyl	C	8
PSM812_2_57418	Carbamidomethyl	C	8
PSM812_2_57420	Carbamidomethyl	C	10
PSM812_2_57427	Carbamidomethyl	C	9
PSM812_2_57428	Carbamidomethyl	C	9
PSM812_2_57428	Carbamidomethyl	C	10
PSM812_2_57429	Carbamidomethyl	C	9
PSM812_2_57429	Carbamidomethyl	C	10
PSM812_2_57430	Carbamidomethyl	C	9
PSM812_2_57430	Carbamidomethyl	C	10
PSM812_2_57432	Carbamidomethyl	C	5
PSM812_2_57438	Carbamidomethyl	C	12
PSM812_2_57441	Carbamidomethyl	C	11
PSM812_2_57452	Carbamidomethyl	C	5
PSM812_2_57468	Carbamidomethyl	C	7
PSM812_2_57469	Carbamidomethyl	C	7
PSM812_2_57487	Carbamidomethyl	C	15
PSM812_2_575	Carbamidomethyl	C	13
PSM812_2_575	Carbamidomethyl	C	27
PSM812_2_57538	Carbamidomethyl	C	5
PSM812_2_57545	Carbamidomethyl	C	2
PSM812_2_57571	Carbamidomethyl	C	1
PSM812_2_57572	Carbamidomethyl	C	7
PSM812_2_57580	Carbamidomethyl	C	7
PSM812_2_57581	Carbamidomethyl	C	7
PSM812_2_57582	Carbamidomethyl	C	7
PSM812_2_57588	Carbamidomethyl	C	9
PSM812_2_57589	Carbamidomethyl	C	9
PSM812_2_57597	Carbamidomethyl	C	10
PSM812_2_57599	Carbamidomethyl	C	8
PSM812_2_576	Carbamidomethyl	C	13
PSM812_2_576	Carbamidomethyl	C	27
PSM812_2_57600	Carbamidomethyl	C	8
PSM812_2_57601	Carbamidomethyl	C	8
PSM812_2_57605	Carbamidomethyl	C	2
PSM812_2_57605	Carbamidomethyl	C	9
PSM812_2_57606	Carbamidomethyl	C	2
PSM812_2_57606	Carbamidomethyl	C	9
PSM812_2_57607	Carbamidomethyl	C	2
PSM812_2_57607	Carbamidomethyl	C	9
PSM812_2_57631	Carbamidomethyl	C	3
PSM812_2_57639	Carbamidomethyl	C	13
PSM812_2_57639	Carbamidomethyl	C	18
PSM812_2_57640	Carbamidomethyl	C	13
PSM812_2_57640	Carbamidomethyl	C	18
PSM812_2_57641	Carbamidomethyl	C	8
PSM812_2_57642	Carbamidomethyl	C	8
PSM812_2_57644	Carbamidomethyl	C	5
PSM812_2_57653	Carbamidomethyl	C	2
PSM812_2_57671	Carbamidomethyl	C	13
PSM812_2_57687	Oxidation	M	17
PSM812_2_57687	Carbamidomethyl	C	23
PSM812_2_57688	Oxidation	M	17
PSM812_2_57688	Carbamidomethyl	C	23
PSM812_2_577	Carbamidomethyl	C	13
PSM812_2_577	Carbamidomethyl	C	27
PSM812_2_57706	Carbamidomethyl	C	5
PSM812_2_57721	Carbamidomethyl	C	9
PSM812_2_57722	Carbamidomethyl	C	9
PSM812_2_57723	Carbamidomethyl	C	9
PSM812_2_57724	Carbamidomethyl	C	9
PSM812_2_57725	Carbamidomethyl	C	9
PSM812_2_57736	Carbamidomethyl	C	14
PSM812_2_57738	Carbamidomethyl	C	12
PSM812_2_57748	Carbamidomethyl	C	13
PSM812_2_57764	Carbamidomethyl	C	10
PSM812_2_57770	Carbamidomethyl	C	10
PSM812_2_57771	Carbamidomethyl	C	10
PSM812_2_57772	Carbamidomethyl	C	10
PSM812_2_57773	Carbamidomethyl	C	2
PSM812_2_57779	Carbamidomethyl	C	10
PSM812_2_57779	Carbamidomethyl	C	20
PSM812_2_57780	Carbamidomethyl	C	10
PSM812_2_57780	Carbamidomethyl	C	20
PSM812_2_57787	Carbamidomethyl	C	17
PSM812_2_57788	Carbamidomethyl	C	12
PSM812_2_57788	Carbamidomethyl	C	23
PSM812_2_57788	Carbamidomethyl	C	26
PSM812_2_578	Carbamidomethyl	C	13
PSM812_2_578	Carbamidomethyl	C	27
PSM812_2_57801	Carbamidomethyl	C	6
PSM812_2_57802	Carbamidomethyl	C	6
PSM812_2_57803	Carbamidomethyl	C	6
PSM812_2_57806	Carbamidomethyl	C	2
PSM812_2_57806	Carbamidomethyl	C	5
PSM812_2_57819	Carbamidomethyl	C	7
PSM812_2_57820	Carbamidomethyl	C	7
PSM812_2_57821	Carbamidomethyl	C	7
PSM812_2_57836	Carbamidomethyl	C	10
PSM812_2_57837	Carbamidomethyl	C	10
PSM812_2_57841	Carbamidomethyl	C	11
PSM812_2_57842	Carbamidomethyl	C	3
PSM812_2_57843	Carbamidomethyl	C	3
PSM812_2_57844	Carbamidomethyl	C	3
PSM812_2_57861	Oxidation	M	35
PSM812_2_57862	Oxidation	M	35
PSM812_2_57869	Carbamidomethyl	C	6
PSM812_2_57877	Carbamidomethyl	C	7
PSM812_2_57880	Carbamidomethyl	C	14
PSM812_2_57881	Carbamidomethyl	C	3
PSM812_2_57882	Carbamidomethyl	C	3
PSM812_2_57883	Carbamidomethyl	C	3
PSM812_2_57884	Carbamidomethyl	C	5
PSM812_2_57885	Carbamidomethyl	C	5
PSM812_2_579	Carbamidomethyl	C	13
PSM812_2_579	Carbamidomethyl	C	27
PSM812_2_57903	Carbamidomethyl	C	2
PSM812_2_57903	Carbamidomethyl	C	3
PSM812_2_57903	Carbamidomethyl	C	14
PSM812_2_57903	Carbamidomethyl	C	21
PSM812_2_57904	Carbamidomethyl	C	2
PSM812_2_57904	Carbamidomethyl	C	3
PSM812_2_57904	Carbamidomethyl	C	14
PSM812_2_57904	Carbamidomethyl	C	21
PSM812_2_57910	Carbamidomethyl	C	12
PSM812_2_57912	Carbamidomethyl	C	2
PSM812_2_57917	Carbamidomethyl	C	13
PSM812_2_57948	Carbamidomethyl	C	3
PSM812_2_57949	Carbamidomethyl	C	3
PSM812_2_57967	Carbamidomethyl	C	12
PSM812_2_57972	Carbamidomethyl	C	15
PSM812_2_57973	Carbamidomethyl	C	15
PSM812_2_57976	Carbamidomethyl	C	16
PSM812_2_57983	Carbamidomethyl	C	9
PSM812_2_57985	Carbamidomethyl	C	15
PSM812_2_580	Carbamidomethyl	C	13
PSM812_2_580	Carbamidomethyl	C	27
PSM812_2_58005	Carbamidomethyl	C	12
PSM812_2_58006	Carbamidomethyl	C	12
PSM812_2_58007	Carbamidomethyl	C	4
PSM812_2_58016	Carbamidomethyl	C	13
PSM812_2_58021	Carbamidomethyl	C	9
PSM812_2_58026	Carbamidomethyl	C	10
PSM812_2_58030	Carbamidomethyl	C	23
PSM812_2_58033	Carbamidomethyl	C	12
PSM812_2_58036	Carbamidomethyl	C	3
PSM812_2_58036	Carbamidomethyl	C	11
PSM812_2_58038	Carbamidomethyl	C	12
PSM812_2_58038	Carbamidomethyl	C	17
PSM812_2_58040	Carbamidomethyl	C	4
PSM812_2_58041	Carbamidomethyl	C	4
PSM812_2_58042	Carbamidomethyl	C	8
PSM812_2_58043	Carbamidomethyl	C	17
PSM812_2_58045	Gln->pyro-Glu	N-term	
PSM812_2_58046	Carbamidomethyl	C	13
PSM812_2_58048	Gln->pyro-Glu	N-term	
PSM812_2_58048	Carbamidomethyl	C	13
PSM812_2_58049	Ammonia-loss	N-term	
PSM812_2_58049	Carbamidomethyl	C	1
PSM812_2_58050	Acetyl	N-term	
PSM812_2_58050	Oxidation	M	1
PSM812_2_58051	Gln->pyro-Glu	N-term	
PSM812_2_58052	Gln->pyro-Glu	N-term	
PSM812_2_58054	Carbamidomethyl	C	13
PSM812_2_58055	Carbamidomethyl	C	13
PSM812_2_58057	Gln->pyro-Glu	N-term	
PSM812_2_58057	Carbamidomethyl	C	12
PSM812_2_58058	Acetyl	N-term	
PSM812_2_58059	Acetyl	N-term	
PSM812_2_58059	Oxidation	M	9
PSM812_2_58061	Carbamidomethyl	C	11
PSM812_2_58062	Carbamidomethyl	C	18
PSM812_2_58063	Ammonia-loss	N-term	
PSM812_2_58063	Carbamidomethyl	C	1
PSM812_2_58064	Ammonia-loss	N-term	
PSM812_2_58064	Carbamidomethyl	C	1
PSM812_2_58065	Ammonia-loss	N-term	
PSM812_2_58065	Carbamidomethyl	C	1
PSM812_2_58066	Ammonia-loss	N-term	
PSM812_2_58066	Carbamidomethyl	C	1
PSM812_2_58067	Gln->pyro-Glu	N-term	
PSM812_2_58068	Gln->pyro-Glu	N-term	
PSM812_2_58073	Ammonia-loss	N-term	
PSM812_2_58073	Carbamidomethyl	C	1
PSM812_2_58074	Ammonia-loss	N-term	
PSM812_2_58074	Carbamidomethyl	C	1
PSM812_2_58075	Ammonia-loss	N-term	
PSM812_2_58075	Carbamidomethyl	C	1
PSM812_2_58076	Ammonia-loss	N-term	
PSM812_2_58076	Carbamidomethyl	C	1
PSM812_2_58077	Ammonia-loss	N-term	
PSM812_2_58077	Carbamidomethyl	C	1
PSM812_2_58078	Gln->pyro-Glu	N-term	
PSM812_2_58082	Acetyl	N-term	
PSM812_2_58083	Acetyl	N-term	
PSM812_2_58084	Gln->pyro-Glu	N-term	
PSM812_2_58085	Gln->pyro-Glu	N-term	
PSM812_2_58086	Gln->pyro-Glu	N-term	
PSM812_2_58087	Gln->pyro-Glu	N-term	
PSM812_2_58088	Ammonia-loss	N-term	
PSM812_2_58088	Carbamidomethyl	C	1
PSM812_2_58088	Carbamidomethyl	C	6
PSM812_2_58088	Carbamidomethyl	C	9
PSM812_2_58094	Gln->pyro-Glu	N-term	
PSM812_2_58095	Gln->pyro-Glu	N-term	
PSM812_2_58096	Gln->pyro-Glu	N-term	
PSM812_2_58099	Ammonia-loss	N-term	
PSM812_2_58099	Carbamidomethyl	C	1
PSM812_2_581	Carbamidomethyl	C	13
PSM812_2_581	Carbamidomethyl	C	27
PSM812_2_58100	Gln->pyro-Glu	N-term	
PSM812_2_58101	Ammonia-loss	N-term	
PSM812_2_58101	Carbamidomethyl	C	1
PSM812_2_58103	Ammonia-loss	N-term	
PSM812_2_58103	Carbamidomethyl	C	1
PSM812_2_58103	Carbamidomethyl	C	13
PSM812_2_58104	Gln->pyro-Glu	N-term	
PSM812_2_58105	Gln->pyro-Glu	N-term	
PSM812_2_58106	Carbamidomethyl	C	10
PSM812_2_58108	Carbamidomethyl	C	14
PSM812_2_58109	Carbamidomethyl	C	10
PSM812_2_58109	Carbamidomethyl	C	13
PSM812_2_58110	Acetyl	N-term	
PSM812_2_58113	Gln->pyro-Glu	N-term	
PSM812_2_58115	Carbamidomethyl	C	11
PSM812_2_58116	Carbamidomethyl	C	13
PSM812_2_58117	Gln->pyro-Glu	N-term	
PSM812_2_58118	Carbamidomethyl	C	8
PSM812_2_58118	Carbamidomethyl	C	13
PSM812_2_58119	Gln->pyro-Glu	N-term	
PSM812_2_58121	Carbamidomethyl	C	3
PSM812_2_58122	Oxidation	M	1
PSM812_2_58122	Carbamidomethyl	C	11
PSM812_2_58128	Carbamidomethyl	C	17
PSM812_2_58135	Oxidation	M	1
PSM812_2_58138	Carbamidomethyl	C	5
PSM812_2_58147	Carbamidomethyl	C	11
PSM812_2_58148	Carbamidomethyl	C	11
PSM812_2_58153	Carbamidomethyl	C	22
PSM812_2_58154	Carbamidomethyl	C	22
PSM812_2_58158	Carbamidomethyl	C	2
PSM812_2_58163	Carbamidomethyl	C	1
PSM812_2_58164	Carbamidomethyl	C	1
PSM812_2_58171	Carbamidomethyl	C	11
PSM812_2_58188	Carbamidomethyl	C	10
PSM812_2_58189	Carbamidomethyl	C	10
PSM812_2_58192	Carbamidomethyl	C	16
PSM812_2_58192	Carbamidomethyl	C	29
PSM812_2_58194	Carbamidomethyl	C	8
PSM812_2_58198	Carbamidomethyl	C	3
PSM812_2_58199	Carbamidomethyl	C	3
PSM812_2_582	Carbamidomethyl	C	13
PSM812_2_582	Carbamidomethyl	C	27
PSM812_2_58213	Carbamidomethyl	C	6
PSM812_2_58214	Carbamidomethyl	C	6
PSM812_2_58232	Carbamidomethyl	C	27
PSM812_2_58233	Carbamidomethyl	C	27
PSM812_2_58237	Carbamidomethyl	C	12
PSM812_2_58238	Carbamidomethyl	C	12
PSM812_2_58239	Carbamidomethyl	C	12
PSM812_2_58250	Carbamidomethyl	C	7
PSM812_2_58250	Carbamidomethyl	C	19
PSM812_2_58256	Carbamidomethyl	C	16
PSM812_2_58260	Oxidation	M	3
PSM812_2_58265	Carbamidomethyl	C	6
PSM812_2_58265	Carbamidomethyl	C	7
PSM812_2_58266	Carbamidomethyl	C	6
PSM812_2_58266	Carbamidomethyl	C	7
PSM812_2_58267	Carbamidomethyl	C	6
PSM812_2_58267	Carbamidomethyl	C	7
PSM812_2_58269	Carbamidomethyl	C	2
PSM812_2_58269	Carbamidomethyl	C	21
PSM812_2_58276	Carbamidomethyl	C	11
PSM812_2_58277	Carbamidomethyl	C	11
PSM812_2_58278	Carbamidomethyl	C	11
PSM812_2_58279	Carbamidomethyl	C	4
PSM812_2_58279	Carbamidomethyl	C	12
PSM812_2_58288	Carbamidomethyl	C	31
PSM812_2_58293	Carbamidomethyl	C	13
PSM812_2_583	Carbamidomethyl	C	13
PSM812_2_583	Carbamidomethyl	C	27
PSM812_2_58306	Carbamidomethyl	C	3
PSM812_2_58307	Carbamidomethyl	C	17
PSM812_2_58312	Carbamidomethyl	C	18
PSM812_2_58312	Carbamidomethyl	C	21
PSM812_2_58312	Carbamidomethyl	C	24
PSM812_2_58314	Carbamidomethyl	C	7
PSM812_2_58315	Carbamidomethyl	C	7
PSM812_2_58323	Carbamidomethyl	C	18
PSM812_2_58323	Carbamidomethyl	C	22
PSM812_2_58323	Carbamidomethyl	C	28
PSM812_2_58326	Carbamidomethyl	C	5
PSM812_2_58327	Carbamidomethyl	C	5
PSM812_2_58341	Carbamidomethyl	C	22
PSM812_2_58342	Carbamidomethyl	C	22
PSM812_2_58346	Carbamidomethyl	C	1
PSM812_2_58351	Acetyl	N-term	
PSM812_2_58352	Acetyl	N-term	
PSM812_2_58353	Gln->pyro-Glu	N-term	
PSM812_2_58354	Gln->pyro-Glu	N-term	
PSM812_2_58355	Gln->pyro-Glu	N-term	
PSM812_2_58356	Gln->pyro-Glu	N-term	
PSM812_2_58357	Gln->pyro-Glu	N-term	
PSM812_2_58361	Gln->pyro-Glu	N-term	
PSM812_2_58365	Gln->pyro-Glu	N-term	
PSM812_2_58366	Gln->pyro-Glu	N-term	
PSM812_2_58367	Gln->pyro-Glu	N-term	
PSM812_2_58368	Gln->pyro-Glu	N-term	
PSM812_2_58369	Gln->pyro-Glu	N-term	
PSM812_2_58369	Carbamidomethyl	C	2
PSM812_2_58370	Acetyl	N-term	
PSM812_2_58371	Gln->pyro-Glu	N-term	
PSM812_2_58372	Gln->pyro-Glu	N-term	
PSM812_2_58373	Ammonia-loss	N-term	
PSM812_2_58373	Carbamidomethyl	C	1
PSM812_2_58374	Ammonia-loss	N-term	
PSM812_2_58374	Carbamidomethyl	C	1
PSM812_2_58375	Gln->pyro-Glu	N-term	
PSM812_2_58376	Gln->pyro-Glu	N-term	
PSM812_2_58377	Ammonia-loss	N-term	
PSM812_2_58377	Carbamidomethyl	C	1
PSM812_2_58377	Carbamidomethyl	C	19
PSM812_2_58378	Ammonia-loss	N-term	
PSM812_2_58378	Carbamidomethyl	C	1
PSM812_2_58378	Carbamidomethyl	C	19
PSM812_2_5838	Carbamidomethyl	C	6
PSM812_2_58382	Ammonia-loss	N-term	
PSM812_2_58382	Carbamidomethyl	C	1
PSM812_2_58383	Ammonia-loss	N-term	
PSM812_2_58383	Carbamidomethyl	C	1
PSM812_2_58384	Ammonia-loss	N-term	
PSM812_2_58384	Carbamidomethyl	C	1
PSM812_2_58385	Ammonia-loss	N-term	
PSM812_2_58385	Carbamidomethyl	C	1
PSM812_2_58388	Carbamidomethyl	C	15
PSM812_2_58389	Acetyl	N-term	
PSM812_2_5839	Carbamidomethyl	C	6
PSM812_2_58390	Acetyl	N-term	
PSM812_2_58391	Gln->pyro-Glu	N-term	
PSM812_2_58392	Gln->pyro-Glu	N-term	
PSM812_2_58393	Gln->pyro-Glu	N-term	
PSM812_2_58394	Gln->pyro-Glu	N-term	
PSM812_2_58395	Gln->pyro-Glu	N-term	
PSM812_2_58396	Carbamidomethyl	C	10
PSM812_2_584	Carbamidomethyl	C	13
PSM812_2_584	Carbamidomethyl	C	27
PSM812_2_5840	Carbamidomethyl	C	6
PSM812_2_58400	Carbamidomethyl	C	3
PSM812_2_58402	Carbamidomethyl	C	23
PSM812_2_58403	Carbamidomethyl	C	23
PSM812_2_58404	Carbamidomethyl	C	23
PSM812_2_58405	Carbamidomethyl	C	23
PSM812_2_58406	Carbamidomethyl	C	23
PSM812_2_58407	Carbamidomethyl	C	23
PSM812_2_58408	Carbamidomethyl	C	23
PSM812_2_58409	Carbamidomethyl	C	23
PSM812_2_5841	Carbamidomethyl	C	6
PSM812_2_58416	Carbamidomethyl	C	1
PSM812_2_5842	Carbamidomethyl	C	6
PSM812_2_58420	Carbamidomethyl	C	23
PSM812_2_58424	Carbamidomethyl	C	15
PSM812_2_58427	Carbamidomethyl	C	37
PSM812_2_58428	Carbamidomethyl	C	37
PSM812_2_58429	Carbamidomethyl	C	29
PSM812_2_5843	Carbamidomethyl	C	6
PSM812_2_58432	Carbamidomethyl	C	3
PSM812_2_58434	Carbamidomethyl	C	18
PSM812_2_58435	Carbamidomethyl	C	8
PSM812_2_58435	Carbamidomethyl	C	20
PSM812_2_58436	Carbamidomethyl	C	8
PSM812_2_58436	Carbamidomethyl	C	20
PSM812_2_58437	Carbamidomethyl	C	8
PSM812_2_58437	Carbamidomethyl	C	20
PSM812_2_58438	Carbamidomethyl	C	8
PSM812_2_58438	Carbamidomethyl	C	20
PSM812_2_58439	Carbamidomethyl	C	8
PSM812_2_58439	Carbamidomethyl	C	20
PSM812_2_5844	Carbamidomethyl	C	6
PSM812_2_58445	Carbamidomethyl	C	3
PSM812_2_58448	Gln->pyro-Glu	N-term	
PSM812_2_58449	Gln->pyro-Glu	N-term	
PSM812_2_58450	Ammonia-loss	N-term	
PSM812_2_58450	Carbamidomethyl	C	1
PSM812_2_58450	Carbamidomethyl	C	2
PSM812_2_58450	Carbamidomethyl	C	9
PSM812_2_58451	Acetyl	N-term	
PSM812_2_58452	Acetyl	N-term	
PSM812_2_58453	Gln->pyro-Glu	N-term	
PSM812_2_58457	Oxidation	M	9
PSM812_2_58463	Carbamidomethyl	C	4
PSM812_2_58463	Carbamidomethyl	C	9
PSM812_2_58471	Carbamidomethyl	C	4
PSM812_2_58471	Carbamidomethyl	C	7
PSM812_2_58471	Carbamidomethyl	C	9
PSM812_2_58476	Carbamidomethyl	C	1
PSM812_2_58476	Carbamidomethyl	C	4
PSM812_2_58491	Carbamidomethyl	C	2
PSM812_2_58491	Carbamidomethyl	C	5
PSM812_2_58491	Carbamidomethyl	C	8
PSM812_2_58493	Carbamidomethyl	C	5
PSM812_2_58493	Oxidation	M	9
PSM812_2_585	Carbamidomethyl	C	13
PSM812_2_585	Carbamidomethyl	C	27
PSM812_2_58501	Carbamidomethyl	C	7
PSM812_2_58508	Carbamidomethyl	C	9
PSM812_2_58509	Carbamidomethyl	C	3
PSM812_2_58518	Carbamidomethyl	C	2
PSM812_2_58519	Carbamidomethyl	C	2
PSM812_2_58521	Carbamidomethyl	C	6
PSM812_2_58527	Carbamidomethyl	C	8
PSM812_2_58534	Carbamidomethyl	C	3
PSM812_2_58547	Carbamidomethyl	C	5
PSM812_2_58554	Carbamidomethyl	C	7
PSM812_2_58555	Carbamidomethyl	C	3
PSM812_2_58560	Carbamidomethyl	C	6
PSM812_2_58564	Carbamidomethyl	C	5
PSM812_2_58564	Carbamidomethyl	C	6
PSM812_2_58565	Carbamidomethyl	C	3
PSM812_2_58570	Carbamidomethyl	C	2
PSM812_2_58570	Carbamidomethyl	C	8
PSM812_2_58577	Carbamidomethyl	C	3
PSM812_2_58577	Carbamidomethyl	C	8
PSM812_2_58579	Carbamidomethyl	C	6
PSM812_2_58591	Carbamidomethyl	C	3
PSM812_2_58597	Carbamidomethyl	C	8
PSM812_2_586	Carbamidomethyl	C	13
PSM812_2_586	Carbamidomethyl	C	27
PSM812_2_58621	Carbamidomethyl	C	9
PSM812_2_58621	Carbamidomethyl	C	10
PSM812_2_58622	Carbamidomethyl	C	7
PSM812_2_58624	Carbamidomethyl	C	13
PSM812_2_58630	Carbamidomethyl	C	3
PSM812_2_58631	Carbamidomethyl	C	3
PSM812_2_58645	Carbamidomethyl	C	8
PSM812_2_58646	Carbamidomethyl	C	8
PSM812_2_58653	Carbamidomethyl	C	5
PSM812_2_58654	Carbamidomethyl	C	5
PSM812_2_5866	Oxidation	M	7
PSM812_2_5866	Carbamidomethyl	C	13
PSM812_2_5866	Carbamidomethyl	C	27
PSM812_2_58666	Carbamidomethyl	C	1
PSM812_2_58666	Carbamidomethyl	C	4
PSM812_2_5867	Oxidation	M	7
PSM812_2_5867	Carbamidomethyl	C	13
PSM812_2_5867	Carbamidomethyl	C	27
PSM812_2_58671	Carbamidomethyl	C	1
PSM812_2_58671	Carbamidomethyl	C	8
PSM812_2_58671	Carbamidomethyl	C	12
PSM812_2_58673	Carbamidomethyl	C	9
PSM812_2_58674	Carbamidomethyl	C	9
PSM812_2_5868	Oxidation	M	7
PSM812_2_5868	Carbamidomethyl	C	13
PSM812_2_5868	Carbamidomethyl	C	27
PSM812_2_58681	Carbamidomethyl	C	7
PSM812_2_58684	Carbamidomethyl	C	7
PSM812_2_58685	Carbamidomethyl	C	7
PSM812_2_58686	Carbamidomethyl	C	2
PSM812_2_5869	Oxidation	M	7
PSM812_2_5869	Carbamidomethyl	C	13
PSM812_2_5869	Carbamidomethyl	C	27
PSM812_2_58692	Carbamidomethyl	C	2
PSM812_2_58695	Carbamidomethyl	C	4
PSM812_2_58699	Carbamidomethyl	C	5
PSM812_2_587	Carbamidomethyl	C	13
PSM812_2_587	Carbamidomethyl	C	27
PSM812_2_5870	Oxidation	M	7
PSM812_2_5870	Carbamidomethyl	C	13
PSM812_2_5870	Carbamidomethyl	C	27
PSM812_2_58700	Carbamidomethyl	C	5
PSM812_2_58708	Carbamidomethyl	C	8
PSM812_2_58709	Carbamidomethyl	C	8
PSM812_2_5871	Carbamidomethyl	C	15
PSM812_2_5872	Carbamidomethyl	C	15
PSM812_2_58723	Carbamidomethyl	C	3
PSM812_2_5873	Carbamidomethyl	C	15
PSM812_2_58732	Carbamidomethyl	C	2
PSM812_2_5874	Carbamidomethyl	C	15
PSM812_2_58745	Carbamidomethyl	C	8
PSM812_2_58746	Carbamidomethyl	C	8
PSM812_2_5875	Carbamidomethyl	C	15
PSM812_2_58759	Carbamidomethyl	C	3
PSM812_2_5876	Carbamidomethyl	C	15
PSM812_2_58760	Carbamidomethyl	C	2
PSM812_2_58762	Carbamidomethyl	C	1
PSM812_2_58763	Carbamidomethyl	C	1
PSM812_2_58767	Carbamidomethyl	C	4
PSM812_2_58767	Carbamidomethyl	C	9
PSM812_2_5877	Carbamidomethyl	C	15
PSM812_2_58773	Carbamidomethyl	C	7
PSM812_2_5878	Carbamidomethyl	C	15
PSM812_2_58782	Carbamidomethyl	C	2
PSM812_2_5879	Carbamidomethyl	C	15
PSM812_2_58793	Carbamidomethyl	C	11
PSM812_2_58794	Carbamidomethyl	C	6
PSM812_2_58794	Carbamidomethyl	C	11
PSM812_2_58795	Carbamidomethyl	C	6
PSM812_2_58795	Carbamidomethyl	C	11
PSM812_2_58798	Carbamidomethyl	C	3
PSM812_2_58799	Carbamidomethyl	C	3
PSM812_2_588	Carbamidomethyl	C	13
PSM812_2_588	Carbamidomethyl	C	27
PSM812_2_5880	Carbamidomethyl	C	15
PSM812_2_58800	Carbamidomethyl	C	1
PSM812_2_58803	Carbamidomethyl	C	3
PSM812_2_58804	Oxidation	M	1
PSM812_2_58806	Carbamidomethyl	C	4
PSM812_2_5881	Carbamidomethyl	C	15
PSM812_2_58813	Carbamidomethyl	C	4
PSM812_2_58814	Carbamidomethyl	C	4
PSM812_2_58817	Carbamidomethyl	C	2
PSM812_2_58818	Carbamidomethyl	C	2
PSM812_2_5882	Carbamidomethyl	C	15
PSM812_2_58828	Carbamidomethyl	C	2
PSM812_2_58828	Carbamidomethyl	C	10
PSM812_2_5883	Carbamidomethyl	C	15
PSM812_2_58830	Carbamidomethyl	C	8
PSM812_2_58830	Carbamidomethyl	C	9
PSM812_2_58831	Carbamidomethyl	C	8
PSM812_2_58831	Carbamidomethyl	C	9
PSM812_2_5884	Carbamidomethyl	C	15
PSM812_2_58847	Carbamidomethyl	C	11
PSM812_2_5885	Carbamidomethyl	C	15
PSM812_2_58859	Carbamidomethyl	C	2
PSM812_2_5886	Carbamidomethyl	C	15
PSM812_2_5887	Carbamidomethyl	C	15
PSM812_2_58873	Carbamidomethyl	C	4
PSM812_2_58878	Carbamidomethyl	C	4
PSM812_2_5888	Carbamidomethyl	C	15
PSM812_2_58884	Carbamidomethyl	C	2
PSM812_2_58885	Carbamidomethyl	C	2
PSM812_2_58888	Carbamidomethyl	C	8
PSM812_2_5889	Carbamidomethyl	C	15
PSM812_2_58891	Carbamidomethyl	C	6
PSM812_2_58899	Carbamidomethyl	C	12
PSM812_2_589	Carbamidomethyl	C	13
PSM812_2_589	Carbamidomethyl	C	27
PSM812_2_58906	Carbamidomethyl	C	9
PSM812_2_58907	Carbamidomethyl	C	9
PSM812_2_58908	Carbamidomethyl	C	4
PSM812_2_58909	Carbamidomethyl	C	4
PSM812_2_58911	Carbamidomethyl	C	6
PSM812_2_58912	Carbamidomethyl	C	11
PSM812_2_58915	Carbamidomethyl	C	2
PSM812_2_58927	Carbamidomethyl	C	3
PSM812_2_58927	Carbamidomethyl	C	4
PSM812_2_58950	Oxidation	M	7
PSM812_2_58957	Carbamidomethyl	C	8
PSM812_2_58958	Carbamidomethyl	C	4
PSM812_2_58958	Carbamidomethyl	C	9
PSM812_2_5896	Carbamidomethyl	C	6
PSM812_2_58966	Carbamidomethyl	C	9
PSM812_2_5897	Carbamidomethyl	C	6
PSM812_2_5898	Carbamidomethyl	C	6
PSM812_2_58982	Carbamidomethyl	C	4
PSM812_2_5899	Carbamidomethyl	C	6
PSM812_2_590	Carbamidomethyl	C	13
PSM812_2_590	Carbamidomethyl	C	27
PSM812_2_5900	Carbamidomethyl	C	6
PSM812_2_59009	Carbamidomethyl	C	8
PSM812_2_5901	Carbamidomethyl	C	6
PSM812_2_59012	Carbamidomethyl	C	9
PSM812_2_59014	Carbamidomethyl	C	11
PSM812_2_59015	Carbamidomethyl	C	11
PSM812_2_5902	Carbamidomethyl	C	6
PSM812_2_59026	Carbamidomethyl	C	1
PSM812_2_59027	Carbamidomethyl	C	1
PSM812_2_59028	Carbamidomethyl	C	5
PSM812_2_59029	Carbamidomethyl	C	2
PSM812_2_59037	Carbamidomethyl	C	2
PSM812_2_59048	Carbamidomethyl	C	8
PSM812_2_59054	Oxidation	M	1
PSM812_2_59063	Gln->pyro-Glu	N-term	
PSM812_2_59064	Gln->pyro-Glu	N-term	
PSM812_2_59065	Acetyl	N-term	
PSM812_2_59066	Acetyl	N-term	
PSM812_2_59067	Gln->pyro-Glu	N-term	
PSM812_2_59072	Acetyl	N-term	
PSM812_2_59073	Gln->pyro-Glu	N-term	
PSM812_2_59073	Carbamidomethyl	C	2
PSM812_2_59074	Acetyl	N-term	
PSM812_2_59076	Acetyl	N-term	
PSM812_2_59079	Acetyl	N-term	
PSM812_2_59080	Acetyl	N-term	
PSM812_2_59082	Carbamidomethyl	C	11
PSM812_2_59083	Carbamidomethyl	C	4
PSM812_2_59093	Carbamidomethyl	C	1
PSM812_2_59097	Carbamidomethyl	C	5
PSM812_2_591	Carbamidomethyl	C	13
PSM812_2_591	Carbamidomethyl	C	27
PSM812_2_59113	Carbamidomethyl	C	2
PSM812_2_59113	Carbamidomethyl	C	4
PSM812_2_59114	Carbamidomethyl	C	2
PSM812_2_59114	Carbamidomethyl	C	4
PSM812_2_59124	Carbamidomethyl	C	7
PSM812_2_59125	Carbamidomethyl	C	7
PSM812_2_59130	Carbamidomethyl	C	8
PSM812_2_59138	Carbamidomethyl	C	4
PSM812_2_59140	Carbamidomethyl	C	1
PSM812_2_59141	Carbamidomethyl	C	1
PSM812_2_59152	Carbamidomethyl	C	9
PSM812_2_5916	Carbamidomethyl	C	13
PSM812_2_5917	Carbamidomethyl	C	13
PSM812_2_59177	Carbamidomethyl	C	1
PSM812_2_5918	Carbamidomethyl	C	13
PSM812_2_5919	Carbamidomethyl	C	13
PSM812_2_592	Carbamidomethyl	C	13
PSM812_2_592	Carbamidomethyl	C	27
PSM812_2_5920	Carbamidomethyl	C	13
PSM812_2_59207	Carbamidomethyl	C	5
PSM812_2_59208	Carbamidomethyl	C	5
PSM812_2_59217	Carbamidomethyl	C	2
PSM812_2_59224	Carbamidomethyl	C	4
PSM812_2_59226	Carbamidomethyl	C	4
PSM812_2_59227	Carbamidomethyl	C	6
PSM812_2_59228	Carbamidomethyl	C	6
PSM812_2_59232	Carbamidomethyl	C	9
PSM812_2_59238	Carbamidomethyl	C	8
PSM812_2_59238	Carbamidomethyl	C	10
PSM812_2_59239	Carbamidomethyl	C	8
PSM812_2_59239	Carbamidomethyl	C	10
PSM812_2_59242	Carbamidomethyl	C	4
PSM812_2_59243	Carbamidomethyl	C	4
PSM812_2_59244	Carbamidomethyl	C	6
PSM812_2_59245	Carbamidomethyl	C	6
PSM812_2_59251	Carbamidomethyl	C	9
PSM812_2_59252	Carbamidomethyl	C	9
PSM812_2_59253	Carbamidomethyl	C	9
PSM812_2_59263	Carbamidomethyl	C	2
PSM812_2_59263	Carbamidomethyl	C	7
PSM812_2_59275	Carbamidomethyl	C	2
PSM812_2_593	Carbamidomethyl	C	13
PSM812_2_593	Carbamidomethyl	C	27
PSM812_2_59308	Carbamidomethyl	C	5
PSM812_2_59314	Oxidation	M	3
PSM812_2_59328	Carbamidomethyl	C	7
PSM812_2_59329	Carbamidomethyl	C	7
PSM812_2_59334	Carbamidomethyl	C	3
PSM812_2_59334	Carbamidomethyl	C	6
PSM812_2_59338	Carbamidomethyl	C	2
PSM812_2_59365	Carbamidomethyl	C	4
PSM812_2_59368	Carbamidomethyl	C	17
PSM812_2_59386	Carbamidomethyl	C	6
PSM812_2_59387	Carbamidomethyl	C	6
PSM812_2_594	Carbamidomethyl	C	13
PSM812_2_594	Carbamidomethyl	C	27
PSM812_2_59402	Carbamidomethyl	C	3
PSM812_2_59403	Carbamidomethyl	C	4
PSM812_2_59413	Carbamidomethyl	C	1
PSM812_2_59417	Carbamidomethyl	C	5
PSM812_2_59420	Carbamidomethyl	C	3
PSM812_2_59425	Carbamidomethyl	C	2
PSM812_2_59426	Carbamidomethyl	C	2
PSM812_2_59427	Carbamidomethyl	C	10
PSM812_2_59433	Carbamidomethyl	C	6
PSM812_2_59434	Carbamidomethyl	C	7
PSM812_2_59436	Carbamidomethyl	C	3
PSM812_2_5944	Carbamidomethyl	C	12
PSM812_2_5945	Carbamidomethyl	C	12
PSM812_2_59451	Carbamidomethyl	C	2
PSM812_2_59458	Oxidation	M	1
PSM812_2_5946	Carbamidomethyl	C	12
PSM812_2_59460	Carbamidomethyl	C	8
PSM812_2_59461	Carbamidomethyl	C	6
PSM812_2_59467	Carbamidomethyl	C	5
PSM812_2_59468	Carbamidomethyl	C	1
PSM812_2_59468	Carbamidomethyl	C	4
PSM812_2_5947	Carbamidomethyl	C	12
PSM812_2_5948	Carbamidomethyl	C	12
PSM812_2_59481	Carbamidomethyl	C	4
PSM812_2_5949	Carbamidomethyl	C	12
PSM812_2_59495	Carbamidomethyl	C	7
PSM812_2_595	Carbamidomethyl	C	13
PSM812_2_595	Carbamidomethyl	C	27
PSM812_2_5950	Carbamidomethyl	C	12
PSM812_2_59503	Carbamidomethyl	C	5
PSM812_2_59504	Carbamidomethyl	C	5
PSM812_2_59505	Carbamidomethyl	C	3
PSM812_2_59506	Carbamidomethyl	C	3
PSM812_2_59509	Carbamidomethyl	C	6
PSM812_2_5951	Carbamidomethyl	C	12
PSM812_2_59510	Carbamidomethyl	C	9
PSM812_2_59511	Carbamidomethyl	C	7
PSM812_2_59513	Carbamidomethyl	C	7
PSM812_2_5952	Carbamidomethyl	C	12
PSM812_2_59529	Carbamidomethyl	C	1
PSM812_2_5953	Carbamidomethyl	C	12
PSM812_2_59530	Carbamidomethyl	C	2
PSM812_2_59530	Carbamidomethyl	C	9
PSM812_2_59531	Carbamidomethyl	C	6
PSM812_2_5954	Carbamidomethyl	C	12
PSM812_2_5955	Carbamidomethyl	C	12
PSM812_2_59559	Carbamidomethyl	C	7
PSM812_2_5956	Carbamidomethyl	C	12
PSM812_2_59560	Carbamidomethyl	C	7
PSM812_2_59562	Carbamidomethyl	C	6
PSM812_2_59568	Carbamidomethyl	C	5
PSM812_2_5957	Carbamidomethyl	C	12
PSM812_2_59573	Carbamidomethyl	C	3
PSM812_2_59575	Carbamidomethyl	C	1
PSM812_2_59576	Carbamidomethyl	C	1
PSM812_2_59579	Carbamidomethyl	C	4
PSM812_2_5958	Carbamidomethyl	C	12
PSM812_2_59581	Carbamidomethyl	C	1
PSM812_2_5959	Carbamidomethyl	C	12
PSM812_2_59591	Carbamidomethyl	C	2
PSM812_2_59591	Carbamidomethyl	C	3
PSM812_2_59592	Carbamidomethyl	C	2
PSM812_2_59592	Carbamidomethyl	C	3
PSM812_2_59593	Carbamidomethyl	C	6
PSM812_2_59595	Carbamidomethyl	C	2
PSM812_2_59596	Carbamidomethyl	C	5
PSM812_2_596	Carbamidomethyl	C	13
PSM812_2_596	Carbamidomethyl	C	27
PSM812_2_5960	Carbamidomethyl	C	12
PSM812_2_59640	Carbamidomethyl	C	2
PSM812_2_59641	Carbamidomethyl	C	2
PSM812_2_59653	Carbamidomethyl	C	3
PSM812_2_59655	Carbamidomethyl	C	1
PSM812_2_59669	Carbamidomethyl	C	8
PSM812_2_59670	Carbamidomethyl	C	8
PSM812_2_59671	Carbamidomethyl	C	8
PSM812_2_59680	Carbamidomethyl	C	11
PSM812_2_59682	Carbamidomethyl	C	3
PSM812_2_59683	Carbamidomethyl	C	8
PSM812_2_59684	Carbamidomethyl	C	8
PSM812_2_59685	Carbamidomethyl	C	8
PSM812_2_59686	Carbamidomethyl	C	5
PSM812_2_59692	Carbamidomethyl	C	16
PSM812_2_59693	Carbamidomethyl	C	1
PSM812_2_597	Carbamidomethyl	C	13
PSM812_2_597	Carbamidomethyl	C	27
PSM812_2_59705	Carbamidomethyl	C	3
PSM812_2_59706	Carbamidomethyl	C	3
PSM812_2_59717	Carbamidomethyl	C	8
PSM812_2_59718	Carbamidomethyl	C	8
PSM812_2_59726	Carbamidomethyl	C	7
PSM812_2_5973	Carbamidomethyl	C	16
PSM812_2_5974	Carbamidomethyl	C	16
PSM812_2_59742	Carbamidomethyl	C	7
PSM812_2_59743	Carbamidomethyl	C	7
PSM812_2_59745	Carbamidomethyl	C	2
PSM812_2_59748	Carbamidomethyl	C	4
PSM812_2_5975	Carbamidomethyl	C	16
PSM812_2_59752	Carbamidomethyl	C	5
PSM812_2_59752	Carbamidomethyl	C	14
PSM812_2_5976	Carbamidomethyl	C	16
PSM812_2_59764	Carbamidomethyl	C	8
PSM812_2_59765	Carbamidomethyl	C	9
PSM812_2_59769	Carbamidomethyl	C	9
PSM812_2_59769	Carbamidomethyl	C	12
PSM812_2_5977	Carbamidomethyl	C	16
PSM812_2_59773	Carbamidomethyl	C	10
PSM812_2_5978	Carbamidomethyl	C	16
PSM812_2_5979	Carbamidomethyl	C	16
PSM812_2_598	Carbamidomethyl	C	13
PSM812_2_598	Carbamidomethyl	C	27
PSM812_2_5980	Carbamidomethyl	C	16
PSM812_2_5981	Carbamidomethyl	C	16
PSM812_2_59813	Carbamidomethyl	C	2
PSM812_2_5982	Carbamidomethyl	C	16
PSM812_2_5983	Carbamidomethyl	C	16
PSM812_2_59836	Carbamidomethyl	C	5
PSM812_2_5984	Carbamidomethyl	C	16
PSM812_2_59843	Carbamidomethyl	C	2
PSM812_2_59844	Carbamidomethyl	C	2
PSM812_2_5985	Carbamidomethyl	C	16
PSM812_2_5986	Carbamidomethyl	C	16
PSM812_2_59865	Carbamidomethyl	C	10
PSM812_2_59866	Carbamidomethyl	C	10
PSM812_2_5987	Carbamidomethyl	C	16
PSM812_2_59874	Carbamidomethyl	C	3
PSM812_2_59876	Carbamidomethyl	C	5
PSM812_2_5988	Carbamidomethyl	C	16
PSM812_2_59881	Carbamidomethyl	C	10
PSM812_2_59882	Carbamidomethyl	C	2
PSM812_2_5989	Carbamidomethyl	C	16
PSM812_2_599	Carbamidomethyl	C	13
PSM812_2_599	Carbamidomethyl	C	27
PSM812_2_59923	Carbamidomethyl	C	4
PSM812_2_59930	Carbamidomethyl	C	8
PSM812_2_59931	Carbamidomethyl	C	8
PSM812_2_59935	Carbamidomethyl	C	6
PSM812_2_59939	Carbamidomethyl	C	8
PSM812_2_59945	Carbamidomethyl	C	9
PSM812_2_59945	Carbamidomethyl	C	11
PSM812_2_59956	Carbamidomethyl	C	2
PSM812_2_59989	Carbamidomethyl	C	2
PSM812_2_600	Carbamidomethyl	C	13
PSM812_2_600	Carbamidomethyl	C	27
PSM812_2_60008	Carbamidomethyl	C	3
PSM812_2_60013	Carbamidomethyl	C	7
PSM812_2_60014	Carbamidomethyl	C	6
PSM812_2_60017	Carbamidomethyl	C	10
PSM812_2_60018	Carbamidomethyl	C	4
PSM812_2_60022	Carbamidomethyl	C	4
PSM812_2_60022	Carbamidomethyl	C	7
PSM812_2_60024	Carbamidomethyl	C	6
PSM812_2_60026	Carbamidomethyl	C	6
PSM812_2_60027	Carbamidomethyl	C	6
PSM812_2_60030	Carbamidomethyl	C	10
PSM812_2_60030	Carbamidomethyl	C	13
PSM812_2_60034	Carbamidomethyl	C	6
PSM812_2_60061	Carbamidomethyl	C	7
PSM812_2_60062	Carbamidomethyl	C	7
PSM812_2_60075	Carbamidomethyl	C	2
PSM812_2_60076	Carbamidomethyl	C	2
PSM812_2_60077	Carbamidomethyl	C	2
PSM812_2_60078	Carbamidomethyl	C	12
PSM812_2_60082	Carbamidomethyl	C	3
PSM812_2_60083	Carbamidomethyl	C	2
PSM812_2_60083	Carbamidomethyl	C	9
PSM812_2_60097	Carbamidomethyl	C	4
PSM812_2_601	Carbamidomethyl	C	13
PSM812_2_601	Carbamidomethyl	C	27
PSM812_2_60100	Carbamidomethyl	C	3
PSM812_2_60108	Carbamidomethyl	C	2
PSM812_2_60116	Carbamidomethyl	C	5
PSM812_2_60124	Carbamidomethyl	C	10
PSM812_2_60125	Carbamidomethyl	C	3
PSM812_2_60144	Carbamidomethyl	C	8
PSM812_2_60145	Carbamidomethyl	C	8
PSM812_2_60146	Carbamidomethyl	C	8
PSM812_2_60150	Carbamidomethyl	C	9
PSM812_2_60151	Carbamidomethyl	C	9
PSM812_2_60155	Carbamidomethyl	C	1
PSM812_2_60158	Carbamidomethyl	C	6
PSM812_2_60185	Carbamidomethyl	C	2
PSM812_2_60186	Carbamidomethyl	C	14
PSM812_2_60187	Carbamidomethyl	C	9
PSM812_2_60187	Carbamidomethyl	C	10
PSM812_2_6019	Carbamidomethyl	C	19
PSM812_2_60190	Carbamidomethyl	C	10
PSM812_2_60194	Carbamidomethyl	C	11
PSM812_2_60195	Carbamidomethyl	C	3
PSM812_2_60196	Carbamidomethyl	C	3
PSM812_2_602	Carbamidomethyl	C	13
PSM812_2_602	Carbamidomethyl	C	27
PSM812_2_6020	Carbamidomethyl	C	19
PSM812_2_60203	Carbamidomethyl	C	8
PSM812_2_60213	Carbamidomethyl	C	1
PSM812_2_60213	Carbamidomethyl	C	8
PSM812_2_60214	Carbamidomethyl	C	10
PSM812_2_60215	Carbamidomethyl	C	2
PSM812_2_60219	Carbamidomethyl	C	5
PSM812_2_6022	Carbamidomethyl	C	7
PSM812_2_60221	Carbamidomethyl	C	9
PSM812_2_60222	Carbamidomethyl	C	9
PSM812_2_6023	Carbamidomethyl	C	7
PSM812_2_60230	Carbamidomethyl	C	9
PSM812_2_60234	Carbamidomethyl	C	2
PSM812_2_6024	Carbamidomethyl	C	7
PSM812_2_60248	Carbamidomethyl	C	3
PSM812_2_6025	Carbamidomethyl	C	7
PSM812_2_60259	Carbamidomethyl	C	11
PSM812_2_6026	Carbamidomethyl	C	7
PSM812_2_60266	Carbamidomethyl	C	5
PSM812_2_60268	Carbamidomethyl	C	5
PSM812_2_60268	Carbamidomethyl	C	8
PSM812_2_60269	Carbamidomethyl	C	5
PSM812_2_60269	Carbamidomethyl	C	8
PSM812_2_6027	Carbamidomethyl	C	7
PSM812_2_6028	Carbamidomethyl	C	7
PSM812_2_60288	Carbamidomethyl	C	2
PSM812_2_60289	Carbamidomethyl	C	2
PSM812_2_6029	Carbamidomethyl	C	7
PSM812_2_60290	Carbamidomethyl	C	5
PSM812_2_60291	Carbamidomethyl	C	5
PSM812_2_60299	Carbamidomethyl	C	2
PSM812_2_603	Carbamidomethyl	C	13
PSM812_2_603	Carbamidomethyl	C	27
PSM812_2_60300	Carbamidomethyl	C	1
PSM812_2_60300	Carbamidomethyl	C	9
PSM812_2_60304	Carbamidomethyl	C	3
PSM812_2_60304	Carbamidomethyl	C	6
PSM812_2_60305	Carbamidomethyl	C	7
PSM812_2_6031	Ammonia-loss	N-term	
PSM812_2_6031	Carbamidomethyl	C	1
PSM812_2_6031	Carbamidomethyl	C	21
PSM812_2_60313	Carbamidomethyl	C	7
PSM812_2_60314	Carbamidomethyl	C	7
PSM812_2_60316	Oxidation	M	3
PSM812_2_6032	Ammonia-loss	N-term	
PSM812_2_6032	Carbamidomethyl	C	1
PSM812_2_6032	Carbamidomethyl	C	21
PSM812_2_60321	Carbamidomethyl	C	9
PSM812_2_60323	Carbamidomethyl	C	11
PSM812_2_6033	Ammonia-loss	N-term	
PSM812_2_6033	Carbamidomethyl	C	1
PSM812_2_6033	Carbamidomethyl	C	21
PSM812_2_60335	Carbamidomethyl	C	9
PSM812_2_60337	Carbamidomethyl	C	2
PSM812_2_60338	Carbamidomethyl	C	2
PSM812_2_6034	Ammonia-loss	N-term	
PSM812_2_6034	Carbamidomethyl	C	1
PSM812_2_6034	Carbamidomethyl	C	21
PSM812_2_60343	Carbamidomethyl	C	14
PSM812_2_60344	Carbamidomethyl	C	14
PSM812_2_60347	Oxidation	M	1
PSM812_2_6035	Gln->pyro-Glu	N-term	
PSM812_2_60350	Glu->pyro-Glu	N-term	
PSM812_2_60351	Gln->pyro-Glu	N-term	
PSM812_2_60356	Gln->pyro-Glu	N-term	
PSM812_2_60358	Gln->pyro-Glu	N-term	
PSM812_2_60358	Carbamidomethyl	C	9
PSM812_2_60359	Gln->pyro-Glu	N-term	
PSM812_2_60359	Carbamidomethyl	C	7
PSM812_2_6036	Gln->pyro-Glu	N-term	
PSM812_2_60360	Gln->pyro-Glu	N-term	
PSM812_2_60360	Carbamidomethyl	C	7
PSM812_2_60361	Gln->pyro-Glu	N-term	
PSM812_2_60362	Gln->pyro-Glu	N-term	
PSM812_2_60363	Carbamidomethyl	C	1
PSM812_2_60364	Gln->pyro-Glu	N-term	
PSM812_2_60365	Gln->pyro-Glu	N-term	
PSM812_2_60366	Gln->pyro-Glu	N-term	
PSM812_2_6037	Gln->pyro-Glu	N-term	
PSM812_2_60374	Ammonia-loss	N-term	
PSM812_2_60374	Carbamidomethyl	C	1
PSM812_2_60375	Ammonia-loss	N-term	
PSM812_2_60375	Carbamidomethyl	C	1
PSM812_2_60376	Gln->pyro-Glu	N-term	
PSM812_2_60377	Gln->pyro-Glu	N-term	
PSM812_2_60378	Gln->pyro-Glu	N-term	
PSM812_2_60379	Gln->pyro-Glu	N-term	
PSM812_2_60380	Acetyl	N-term	
PSM812_2_60381	Carbamidomethyl	C	2
PSM812_2_60381	Carbamidomethyl	C	5
PSM812_2_60383	Carbamidomethyl	C	6
PSM812_2_60384	Carbamidomethyl	C	6
PSM812_2_60385	Carbamidomethyl	C	3
PSM812_2_60385	Carbamidomethyl	C	9
PSM812_2_60386	Carbamidomethyl	C	4
PSM812_2_60387	Acetyl	N-term	
PSM812_2_60387	Carbamidomethyl	C	1
PSM812_2_60387	Carbamidomethyl	C	7
PSM812_2_60388	Acetyl	N-term	
PSM812_2_60388	Carbamidomethyl	C	1
PSM812_2_60388	Carbamidomethyl	C	7
PSM812_2_60395	Ammonia-loss	N-term	
PSM812_2_60395	Carbamidomethyl	C	1
PSM812_2_60397	Gln->pyro-Glu	N-term	
PSM812_2_60398	Acetyl	N-term	
PSM812_2_60398	Carbamidomethyl	C	17
PSM812_2_60399	Ammonia-loss	N-term	
PSM812_2_60399	Carbamidomethyl	C	1
PSM812_2_604	Carbamidomethyl	C	13
PSM812_2_604	Carbamidomethyl	C	27
PSM812_2_60400	Gln->pyro-Glu	N-term	
PSM812_2_60404	Gln->pyro-Glu	N-term	
PSM812_2_60405	Gln->pyro-Glu	N-term	
PSM812_2_60409	Carbamidomethyl	C	8
PSM812_2_60416	Carbamidomethyl	C	10
PSM812_2_60417	Gln->pyro-Glu	N-term	
PSM812_2_60421	Gln->pyro-Glu	N-term	
PSM812_2_60423	Ammonia-loss	N-term	
PSM812_2_60423	Carbamidomethyl	C	1
PSM812_2_60424	Acetyl	N-term	
PSM812_2_60427	Gln->pyro-Glu	N-term	
PSM812_2_60429	Carbamidomethyl	C	5
PSM812_2_60431	Acetyl	N-term	
PSM812_2_60432	Acetyl	N-term	
PSM812_2_60433	Carbamidomethyl	C	3
PSM812_2_60433	Carbamidomethyl	C	11
PSM812_2_60434	Carbamidomethyl	C	4
PSM812_2_60434	Carbamidomethyl	C	7
PSM812_2_60437	Carbamidomethyl	C	3
PSM812_2_60449	Carbamidomethyl	C	12
PSM812_2_60456	Carbamidomethyl	C	3
PSM812_2_60469	Carbamidomethyl	C	13
PSM812_2_60473	Carbamidomethyl	C	8
PSM812_2_60479	Carbamidomethyl	C	9
PSM812_2_60480	Carbamidomethyl	C	20
PSM812_2_60481	Carbamidomethyl	C	2
PSM812_2_60483	Carbamidomethyl	C	11
PSM812_2_60488	Carbamidomethyl	C	10
PSM812_2_60489	Carbamidomethyl	C	10
PSM812_2_605	Carbamidomethyl	C	13
PSM812_2_605	Carbamidomethyl	C	27
PSM812_2_60507	Carbamidomethyl	C	5
PSM812_2_60518	Carbamidomethyl	C	6
PSM812_2_60525	Carbamidomethyl	C	11
PSM812_2_60526	Carbamidomethyl	C	8
PSM812_2_60527	Carbamidomethyl	C	8
PSM812_2_60528	Carbamidomethyl	C	10
PSM812_2_60532	Carbamidomethyl	C	6
PSM812_2_60532	Carbamidomethyl	C	9
PSM812_2_60532	Carbamidomethyl	C	14
PSM812_2_60544	Carbamidomethyl	C	6
PSM812_2_60564	Carbamidomethyl	C	7
PSM812_2_60571	Carbamidomethyl	C	8
PSM812_2_60572	Carbamidomethyl	C	8
PSM812_2_60584	Carbamidomethyl	C	5
PSM812_2_60585	Oxidation	M	3
PSM812_2_60586	Oxidation	M	3
PSM812_2_60587	Oxidation	M	3
PSM812_2_60588	Oxidation	M	3
PSM812_2_60589	Carbamidomethyl	C	11
PSM812_2_60592	Carbamidomethyl	C	9
PSM812_2_60594	Carbamidomethyl	C	11
PSM812_2_60595	Carbamidomethyl	C	11
PSM812_2_60598	Carbamidomethyl	C	2
PSM812_2_60598	Carbamidomethyl	C	11
PSM812_2_60599	Carbamidomethyl	C	2
PSM812_2_60599	Carbamidomethyl	C	11
PSM812_2_606	Carbamidomethyl	C	13
PSM812_2_606	Carbamidomethyl	C	27
PSM812_2_60600	Carbamidomethyl	C	2
PSM812_2_60600	Carbamidomethyl	C	11
PSM812_2_60604	Carbamidomethyl	C	12
PSM812_2_60605	Carbamidomethyl	C	7
PSM812_2_60631	Carbamidomethyl	C	5
PSM812_2_60654	Carbamidomethyl	C	5
PSM812_2_60659	Carbamidomethyl	C	13
PSM812_2_60677	Carbamidomethyl	C	3
PSM812_2_60678	Carbamidomethyl	C	3
PSM812_2_60684	Carbamidomethyl	C	3
PSM812_2_60684	Carbamidomethyl	C	9
PSM812_2_60685	Carbamidomethyl	C	3
PSM812_2_60685	Carbamidomethyl	C	9
PSM812_2_60686	Carbamidomethyl	C	3
PSM812_2_60686	Carbamidomethyl	C	9
PSM812_2_60698	Carbamidomethyl	C	1
PSM812_2_60699	Carbamidomethyl	C	3
PSM812_2_607	Carbamidomethyl	C	13
PSM812_2_607	Carbamidomethyl	C	27
PSM812_2_60700	Carbamidomethyl	C	3
PSM812_2_60704	Carbamidomethyl	C	18
PSM812_2_60708	Carbamidomethyl	C	9
PSM812_2_60710	Carbamidomethyl	C	4
PSM812_2_60719	Carbamidomethyl	C	11
PSM812_2_60729	Oxidation	M	1
PSM812_2_60737	Carbamidomethyl	C	10
PSM812_2_60749	Carbamidomethyl	C	2
PSM812_2_60750	Carbamidomethyl	C	2
PSM812_2_60751	Oxidation	M	12
PSM812_2_60762	Carbamidomethyl	C	4
PSM812_2_60762	Carbamidomethyl	C	17
PSM812_2_6077	Carbamidomethyl	C	10
PSM812_2_60777	Carbamidomethyl	C	3
PSM812_2_60778	Carbamidomethyl	C	3
PSM812_2_6078	Carbamidomethyl	C	10
PSM812_2_60785	Carbamidomethyl	C	14
PSM812_2_60786	Carbamidomethyl	C	14
PSM812_2_6079	Carbamidomethyl	C	10
PSM812_2_60793	Carbamidomethyl	C	2
PSM812_2_60794	Carbamidomethyl	C	2
PSM812_2_60795	Carbamidomethyl	C	2
PSM812_2_60796	Carbamidomethyl	C	2
PSM812_2_608	Carbamidomethyl	C	13
PSM812_2_608	Carbamidomethyl	C	27
PSM812_2_6080	Carbamidomethyl	C	10
PSM812_2_60803	Carbamidomethyl	C	2
PSM812_2_60803	Carbamidomethyl	C	5
PSM812_2_6081	Carbamidomethyl	C	10
PSM812_2_60818	Carbamidomethyl	C	22
PSM812_2_6082	Carbamidomethyl	C	10
PSM812_2_6083	Carbamidomethyl	C	10
PSM812_2_60833	Carbamidomethyl	C	10
PSM812_2_6084	Carbamidomethyl	C	10
PSM812_2_60843	Carbamidomethyl	C	10
PSM812_2_60844	Carbamidomethyl	C	9
PSM812_2_60845	Carbamidomethyl	C	10
PSM812_2_6085	Carbamidomethyl	C	10
PSM812_2_6086	Carbamidomethyl	C	10
PSM812_2_60860	Carbamidomethyl	C	5
PSM812_2_60861	Carbamidomethyl	C	5
PSM812_2_6087	Carbamidomethyl	C	10
PSM812_2_60875	Carbamidomethyl	C	8
PSM812_2_60876	Carbamidomethyl	C	4
PSM812_2_60877	Carbamidomethyl	C	6
PSM812_2_60878	Carbamidomethyl	C	6
PSM812_2_6088	Carbamidomethyl	C	10
PSM812_2_60884	Carbamidomethyl	C	1
PSM812_2_60885	Carbamidomethyl	C	8
PSM812_2_60885	Carbamidomethyl	C	16
PSM812_2_6089	Carbamidomethyl	C	10
PSM812_2_60890	Carbamidomethyl	C	8
PSM812_2_60899	Carbamidomethyl	C	9
PSM812_2_609	Carbamidomethyl	C	13
PSM812_2_609	Carbamidomethyl	C	27
PSM812_2_6090	Carbamidomethyl	C	10
PSM812_2_60905	Carbamidomethyl	C	7
PSM812_2_60906	Carbamidomethyl	C	8
PSM812_2_60908	Carbamidomethyl	C	10
PSM812_2_60909	Carbamidomethyl	C	10
PSM812_2_6091	Carbamidomethyl	C	10
PSM812_2_60915	Carbamidomethyl	C	1
PSM812_2_6092	Carbamidomethyl	C	10
PSM812_2_60933	Carbamidomethyl	C	5
PSM812_2_60933	Carbamidomethyl	C	10
PSM812_2_6094	Carbamidomethyl	C	21
PSM812_2_60970	Carbamidomethyl	C	6
PSM812_2_60974	Carbamidomethyl	C	9
PSM812_2_60975	Carbamidomethyl	C	14
PSM812_2_60975	Carbamidomethyl	C	31
PSM812_2_60976	Carbamidomethyl	C	6
PSM812_2_60994	Carbamidomethyl	C	4
PSM812_2_60995	Carbamidomethyl	C	4
PSM812_2_610	Carbamidomethyl	C	13
PSM812_2_610	Carbamidomethyl	C	27
PSM812_2_61003	Carbamidomethyl	C	5
PSM812_2_61005	Carbamidomethyl	C	3
PSM812_2_61006	Carbamidomethyl	C	3
PSM812_2_61011	Carbamidomethyl	C	6
PSM812_2_61011	Carbamidomethyl	C	11
PSM812_2_61012	Carbamidomethyl	C	15
PSM812_2_61012	Carbamidomethyl	C	19
PSM812_2_61014	Carbamidomethyl	C	18
PSM812_2_61015	Carbamidomethyl	C	1
PSM812_2_61015	Carbamidomethyl	C	4
PSM812_2_61016	Carbamidomethyl	C	5
PSM812_2_61017	Carbamidomethyl	C	5
PSM812_2_61018	Carbamidomethyl	C	5
PSM812_2_61019	Oxidation	M	1
PSM812_2_61023	Carbamidomethyl	C	4
PSM812_2_61024	Carbamidomethyl	C	1
PSM812_2_61025	Carbamidomethyl	C	1
PSM812_2_61026	Carbamidomethyl	C	1
PSM812_2_61030	Carbamidomethyl	C	15
PSM812_2_61034	Carbamidomethyl	C	6
PSM812_2_61034	Carbamidomethyl	C	7
PSM812_2_61034	Oxidation	M	19
PSM812_2_61035	Oxidation	M	1
PSM812_2_61036	Carbamidomethyl	C	4
PSM812_2_61037	Carbamidomethyl	C	5
PSM812_2_61038	Carbamidomethyl	C	5
PSM812_2_61041	Carbamidomethyl	C	1
PSM812_2_61046	Carbamidomethyl	C	1
PSM812_2_61046	Carbamidomethyl	C	8
PSM812_2_61056	Carbamidomethyl	C	6
PSM812_2_61073	Carbamidomethyl	C	3
PSM812_2_61073	Carbamidomethyl	C	5
PSM812_2_61087	Carbamidomethyl	C	12
PSM812_2_61088	Carbamidomethyl	C	9
PSM812_2_6109	Carbamidomethyl	C	11
PSM812_2_61096	Carbamidomethyl	C	20
PSM812_2_611	Carbamidomethyl	C	13
PSM812_2_611	Carbamidomethyl	C	27
PSM812_2_6110	Carbamidomethyl	C	11
PSM812_2_61104	Carbamidomethyl	C	2
PSM812_2_6111	Carbamidomethyl	C	11
PSM812_2_61110	Carbamidomethyl	C	6
PSM812_2_61111	Carbamidomethyl	C	8
PSM812_2_6112	Carbamidomethyl	C	11
PSM812_2_61125	Carbamidomethyl	C	3
PSM812_2_61126	Carbamidomethyl	C	3
PSM812_2_61127	Carbamidomethyl	C	3
PSM812_2_61129	Carbamidomethyl	C	12
PSM812_2_6113	Carbamidomethyl	C	11
PSM812_2_61130	Carbamidomethyl	C	12
PSM812_2_61134	Carbamidomethyl	C	10
PSM812_2_61137	Oxidation	M	2
PSM812_2_6114	Carbamidomethyl	C	11
PSM812_2_61140	Carbamidomethyl	C	12
PSM812_2_61147	Carbamidomethyl	C	5
PSM812_2_61149	Carbamidomethyl	C	12
PSM812_2_6115	Carbamidomethyl	C	11
PSM812_2_61157	Carbamidomethyl	C	16
PSM812_2_61158	Carbamidomethyl	C	16
PSM812_2_6116	Carbamidomethyl	C	11
PSM812_2_61160	Carbamidomethyl	C	10
PSM812_2_61160	Carbamidomethyl	C	15
PSM812_2_61161	Carbamidomethyl	C	8
PSM812_2_61168	Carbamidomethyl	C	19
PSM812_2_61169	Carbamidomethyl	C	5
PSM812_2_61169	Carbamidomethyl	C	8
PSM812_2_61169	Carbamidomethyl	C	9
PSM812_2_6117	Carbamidomethyl	C	11
PSM812_2_61172	Carbamidomethyl	C	13
PSM812_2_61178	Carbamidomethyl	C	7
PSM812_2_6118	Carbamidomethyl	C	11
PSM812_2_61184	Carbamidomethyl	C	2
PSM812_2_6119	Carbamidomethyl	C	2
PSM812_2_61194	Carbamidomethyl	C	3
PSM812_2_612	Carbamidomethyl	C	13
PSM812_2_612	Carbamidomethyl	C	27
PSM812_2_6120	Carbamidomethyl	C	2
PSM812_2_6121	Carbamidomethyl	C	2
PSM812_2_61217	Carbamidomethyl	C	19
PSM812_2_61218	Gln->pyro-Glu	N-term	
PSM812_2_61219	Gln->pyro-Glu	N-term	
PSM812_2_61220	Gln->pyro-Glu	N-term	
PSM812_2_61221	Gln->pyro-Glu	N-term	
PSM812_2_61222	Gln->pyro-Glu	N-term	
PSM812_2_61223	Gln->pyro-Glu	N-term	
PSM812_2_61225	Gln->pyro-Glu	N-term	
PSM812_2_61225	Carbamidomethyl	C	9
PSM812_2_61229	Gln->pyro-Glu	N-term	
PSM812_2_61230	Gln->pyro-Glu	N-term	
PSM812_2_61231	Gln->pyro-Glu	N-term	
PSM812_2_61233	Acetyl	N-term	
PSM812_2_61234	Gln->pyro-Glu	N-term	
PSM812_2_61235	Gln->pyro-Glu	N-term	
PSM812_2_61236	Carbamidomethyl	C	1
PSM812_2_61236	Carbamidomethyl	C	6
PSM812_2_61237	Carbamidomethyl	C	1
PSM812_2_61237	Carbamidomethyl	C	6
PSM812_2_61238	Ammonia-loss	N-term	
PSM812_2_61238	Carbamidomethyl	C	1
PSM812_2_61241	Gln->pyro-Glu	N-term	
PSM812_2_61245	Gln->pyro-Glu	N-term	
PSM812_2_61246	Gln->pyro-Glu	N-term	
PSM812_2_61248	Gln->pyro-Glu	N-term	
PSM812_2_61249	Acetyl	N-term	
PSM812_2_61250	Gln->pyro-Glu	N-term	
PSM812_2_61257	Acetyl	N-term	
PSM812_2_61258	Carbamidomethyl	C	9
PSM812_2_61259	Carbamidomethyl	C	9
PSM812_2_61261	Ammonia-loss	N-term	
PSM812_2_61261	Carbamidomethyl	C	1
PSM812_2_61262	Gln->pyro-Glu	N-term	
PSM812_2_61262	Carbamidomethyl	C	6
PSM812_2_61265	Gln->pyro-Glu	N-term	
PSM812_2_61266	Acetyl	N-term	
PSM812_2_61267	Acetyl	N-term	
PSM812_2_61268	Acetyl	N-term	
PSM812_2_61270	Carbamidomethyl	C	12
PSM812_2_61270	Carbamidomethyl	C	21
PSM812_2_61271	Ammonia-loss	N-term	
PSM812_2_61271	Carbamidomethyl	C	1
PSM812_2_61271	Carbamidomethyl	C	4
PSM812_2_61271	Carbamidomethyl	C	11
PSM812_2_61272	Acetyl	N-term	
PSM812_2_61272	Oxidation	M	6
PSM812_2_61273	Carbamidomethyl	C	5
PSM812_2_61278	Gln->pyro-Glu	N-term	
PSM812_2_61279	Gln->pyro-Glu	N-term	
PSM812_2_61288	Carbamidomethyl	C	8
PSM812_2_61299	Carbamidomethyl	C	6
PSM812_2_613	Carbamidomethyl	C	13
PSM812_2_613	Carbamidomethyl	C	27
PSM812_2_61304	Carbamidomethyl	C	9
PSM812_2_61306	Carbamidomethyl	C	7
PSM812_2_61315	Carbamidomethyl	C	10
PSM812_2_61320	Carbamidomethyl	C	1
PSM812_2_61324	Oxidation	M	3
PSM812_2_61352	Carbamidomethyl	C	13
PSM812_2_61354	Carbamidomethyl	C	4
PSM812_2_61354	Carbamidomethyl	C	20
PSM812_2_61359	Carbamidomethyl	C	25
PSM812_2_61360	Carbamidomethyl	C	4
PSM812_2_61364	Carbamidomethyl	C	15
PSM812_2_61364	Carbamidomethyl	C	21
PSM812_2_61364	Carbamidomethyl	C	29
PSM812_2_61365	Carbamidomethyl	C	15
PSM812_2_61365	Carbamidomethyl	C	21
PSM812_2_61365	Carbamidomethyl	C	29
PSM812_2_61366	Carbamidomethyl	C	15
PSM812_2_61366	Carbamidomethyl	C	21
PSM812_2_61366	Carbamidomethyl	C	29
PSM812_2_61367	Carbamidomethyl	C	15
PSM812_2_61367	Carbamidomethyl	C	21
PSM812_2_61367	Carbamidomethyl	C	29
PSM812_2_61371	Carbamidomethyl	C	6
PSM812_2_61381	Carbamidomethyl	C	13
PSM812_2_61388	Carbamidomethyl	C	1
PSM812_2_61388	Carbamidomethyl	C	2
PSM812_2_61388	Carbamidomethyl	C	9
PSM812_2_61395	Carbamidomethyl	C	9
PSM812_2_614	Carbamidomethyl	C	13
PSM812_2_614	Carbamidomethyl	C	27
PSM812_2_61404	Carbamidomethyl	C	7
PSM812_2_61405	Carbamidomethyl	C	2
PSM812_2_61415	Carbamidomethyl	C	21
PSM812_2_61417	Carbamidomethyl	C	6
PSM812_2_61427	Carbamidomethyl	C	12
PSM812_2_61428	Carbamidomethyl	C	12
PSM812_2_61429	Carbamidomethyl	C	12
PSM812_2_61430	Carbamidomethyl	C	12
PSM812_2_61431	Carbamidomethyl	C	12
PSM812_2_61432	Carbamidomethyl	C	12
PSM812_2_61442	Carbamidomethyl	C	10
PSM812_2_61444	Carbamidomethyl	C	26
PSM812_2_61445	Carbamidomethyl	C	17
PSM812_2_61446	Carbamidomethyl	C	17
PSM812_2_61447	Carbamidomethyl	C	17
PSM812_2_6145	Carbamidomethyl	C	8
PSM812_2_6146	Carbamidomethyl	C	8
PSM812_2_61470	Carbamidomethyl	C	1
PSM812_2_61477	Gln->pyro-Glu	N-term	
PSM812_2_61478	Gln->pyro-Glu	N-term	
PSM812_2_61479	Gln->pyro-Glu	N-term	
PSM812_2_61480	Ammonia-loss	N-term	
PSM812_2_61480	Carbamidomethyl	C	1
PSM812_2_61480	Carbamidomethyl	C	4
PSM812_2_61483	Gln->pyro-Glu	N-term	
PSM812_2_61484	Gln->pyro-Glu	N-term	
PSM812_2_61487	Acetyl	N-term	
PSM812_2_61488	Acetyl	N-term	
PSM812_2_61489	Acetyl	N-term	
PSM812_2_61490	Gln->pyro-Glu	N-term	
PSM812_2_61491	Gln->pyro-Glu	N-term	
PSM812_2_61492	Carbamidomethyl	C	9
PSM812_2_61493	Carbamidomethyl	C	23
PSM812_2_61494	Carbamidomethyl	C	5
PSM812_2_61494	Carbamidomethyl	C	6
PSM812_2_61494	Carbamidomethyl	C	20
PSM812_2_61495	Carbamidomethyl	C	1
PSM812_2_61496	Acetyl	N-term	
PSM812_2_61498	Gln->pyro-Glu	N-term	
PSM812_2_61499	Gln->pyro-Glu	N-term	
PSM812_2_615	Carbamidomethyl	C	13
PSM812_2_615	Carbamidomethyl	C	27
PSM812_2_61500	Gln->pyro-Glu	N-term	
PSM812_2_61501	Gln->pyro-Glu	N-term	
PSM812_2_61502	Ammonia-loss	N-term	
PSM812_2_61502	Carbamidomethyl	C	1
PSM812_2_61503	Ammonia-loss	N-term	
PSM812_2_61503	Carbamidomethyl	C	1
PSM812_2_61504	Ammonia-loss	N-term	
PSM812_2_61504	Carbamidomethyl	C	1
PSM812_2_61504	Carbamidomethyl	C	12
PSM812_2_61504	Carbamidomethyl	C	18
PSM812_2_61505	Ammonia-loss	N-term	
PSM812_2_61505	Carbamidomethyl	C	1
PSM812_2_61505	Carbamidomethyl	C	12
PSM812_2_61505	Carbamidomethyl	C	18
PSM812_2_61506	Ammonia-loss	N-term	
PSM812_2_61506	Carbamidomethyl	C	1
PSM812_2_61507	Ammonia-loss	N-term	
PSM812_2_61507	Carbamidomethyl	C	1
PSM812_2_61514	Carbamidomethyl	C	14
PSM812_2_61516	Carbamidomethyl	C	10
PSM812_2_61522	Carbamidomethyl	C	18
PSM812_2_61523	Carbamidomethyl	C	18
PSM812_2_61527	Oxidation	M	27
PSM812_2_61528	Oxidation	M	27
PSM812_2_61531	Carbamidomethyl	C	27
PSM812_2_61531	Carbamidomethyl	C	31
PSM812_2_61536	Carbamidomethyl	C	15
PSM812_2_61537	Carbamidomethyl	C	14
PSM812_2_61538	Carbamidomethyl	C	14
PSM812_2_61539	Carbamidomethyl	C	14
PSM812_2_61540	Carbamidomethyl	C	14
PSM812_2_61546	Carbamidomethyl	C	15
PSM812_2_61548	Acetyl	N-term	
PSM812_2_61549	Gln->pyro-Glu	N-term	
PSM812_2_61549	Carbamidomethyl	C	11
PSM812_2_61550	Gln->pyro-Glu	N-term	
PSM812_2_61550	Carbamidomethyl	C	11
PSM812_2_61551	Carbamidomethyl	C	15
PSM812_2_61552	Carbamidomethyl	C	15
PSM812_2_61553	Ammonia-loss	N-term	
PSM812_2_61553	Carbamidomethyl	C	1
PSM812_2_61554	Gln->pyro-Glu	N-term	
PSM812_2_61555	Gln->pyro-Glu	N-term	
PSM812_2_61564	Carbamidomethyl	C	5
PSM812_2_61577	Carbamidomethyl	C	4
PSM812_2_61599	Carbamidomethyl	C	5
PSM812_2_616	Carbamidomethyl	C	13
PSM812_2_616	Carbamidomethyl	C	27
PSM812_2_61602	Carbamidomethyl	C	1
PSM812_2_61630	Carbamidomethyl	C	3
PSM812_2_61630	Carbamidomethyl	C	12
PSM812_2_61635	Carbamidomethyl	C	7
PSM812_2_61636	Carbamidomethyl	C	7
PSM812_2_61657	Carbamidomethyl	C	2
PSM812_2_61657	Carbamidomethyl	C	4
PSM812_2_61662	Carbamidomethyl	C	2
PSM812_2_61677	Carbamidomethyl	C	9
PSM812_2_61677	Carbamidomethyl	C	13
PSM812_2_61683	Carbamidomethyl	C	2
PSM812_2_617	Carbamidomethyl	C	13
PSM812_2_617	Carbamidomethyl	C	27
PSM812_2_61707	Carbamidomethyl	C	3
PSM812_2_61707	Carbamidomethyl	C	5
PSM812_2_61722	Carbamidomethyl	C	4
PSM812_2_61727	Carbamidomethyl	C	6
PSM812_2_61730	Carbamidomethyl	C	4
PSM812_2_61743	Carbamidomethyl	C	9
PSM812_2_61756	Carbamidomethyl	C	1
PSM812_2_61776	Carbamidomethyl	C	1
PSM812_2_61776	Carbamidomethyl	C	4
PSM812_2_61781	Carbamidomethyl	C	2
PSM812_2_61788	Carbamidomethyl	C	7
PSM812_2_61788	Carbamidomethyl	C	8
PSM812_2_61797	Carbamidomethyl	C	6
PSM812_2_61798	Carbamidomethyl	C	2
PSM812_2_618	Carbamidomethyl	C	13
PSM812_2_618	Carbamidomethyl	C	27
PSM812_2_6181	Carbamidomethyl	C	2
PSM812_2_61812	Carbamidomethyl	C	8
PSM812_2_61813	Carbamidomethyl	C	8
PSM812_2_61819	Carbamidomethyl	C	6
PSM812_2_6182	Carbamidomethyl	C	2
PSM812_2_6183	Carbamidomethyl	C	2
PSM812_2_61830	Carbamidomethyl	C	8
PSM812_2_61830	Carbamidomethyl	C	11
PSM812_2_61835	Carbamidomethyl	C	1
PSM812_2_61836	Carbamidomethyl	C	1
PSM812_2_61853	Carbamidomethyl	C	5
PSM812_2_61858	Carbamidomethyl	C	2
PSM812_2_61862	Carbamidomethyl	C	7
PSM812_2_61876	Carbamidomethyl	C	8
PSM812_2_61878	Carbamidomethyl	C	12
PSM812_2_61878	Carbamidomethyl	C	15
PSM812_2_6189	Carbamidomethyl	C	5
PSM812_2_619	Carbamidomethyl	C	13
PSM812_2_619	Carbamidomethyl	C	27
PSM812_2_6190	Carbamidomethyl	C	5
PSM812_2_61902	Carbamidomethyl	C	6
PSM812_2_61906	Carbamidomethyl	C	5
PSM812_2_61913	Carbamidomethyl	C	7
PSM812_2_61914	Carbamidomethyl	C	7
PSM812_2_6193	Carbamidomethyl	C	15
PSM812_2_61930	Carbamidomethyl	C	2
PSM812_2_61930	Carbamidomethyl	C	7
PSM812_2_61935	Carbamidomethyl	C	1
PSM812_2_61937	Carbamidomethyl	C	9
PSM812_2_6194	Carbamidomethyl	C	15
PSM812_2_61944	Carbamidomethyl	C	2
PSM812_2_61947	Carbamidomethyl	C	3
PSM812_2_6195	Carbamidomethyl	C	15
PSM812_2_6196	Carbamidomethyl	C	15
PSM812_2_61960	Carbamidomethyl	C	4
PSM812_2_61960	Carbamidomethyl	C	7
PSM812_2_61966	Carbamidomethyl	C	2
PSM812_2_6197	Carbamidomethyl	C	15
PSM812_2_6198	Carbamidomethyl	C	15
PSM812_2_61983	Carbamidomethyl	C	6
PSM812_2_61991	Carbamidomethyl	C	7
PSM812_2_620	Carbamidomethyl	C	13
PSM812_2_620	Carbamidomethyl	C	27
PSM812_2_62002	Carbamidomethyl	C	5
PSM812_2_62009	Carbamidomethyl	C	7
PSM812_2_62010	Carbamidomethyl	C	8
PSM812_2_62011	Carbamidomethyl	C	8
PSM812_2_62012	Carbamidomethyl	C	3
PSM812_2_62023	Carbamidomethyl	C	2
PSM812_2_62023	Carbamidomethyl	C	5
PSM812_2_62023	Carbamidomethyl	C	8
PSM812_2_62030	Carbamidomethyl	C	4
PSM812_2_62068	Carbamidomethyl	C	3
PSM812_2_62076	Carbamidomethyl	C	1
PSM812_2_62076	Carbamidomethyl	C	9
PSM812_2_62076	Carbamidomethyl	C	11
PSM812_2_6208	Acetyl	N-term	
PSM812_2_62081	Carbamidomethyl	C	4
PSM812_2_62082	Carbamidomethyl	C	4
PSM812_2_62084	Carbamidomethyl	C	6
PSM812_2_6209	Acetyl	N-term	
PSM812_2_62093	Carbamidomethyl	C	2
PSM812_2_62093	Carbamidomethyl	C	10
PSM812_2_621	Carbamidomethyl	C	13
PSM812_2_621	Carbamidomethyl	C	27
PSM812_2_62103	Carbamidomethyl	C	2
PSM812_2_62104	Carbamidomethyl	C	4
PSM812_2_62110	Carbamidomethyl	C	7
PSM812_2_62113	Carbamidomethyl	C	2
PSM812_2_62114	Carbamidomethyl	C	9
PSM812_2_62120	Carbamidomethyl	C	9
PSM812_2_62122	Carbamidomethyl	C	11
PSM812_2_6213	Carbamidomethyl	C	17
PSM812_2_62133	Carbamidomethyl	C	4
PSM812_2_6214	Carbamidomethyl	C	17
PSM812_2_62143	Carbamidomethyl	C	4
PSM812_2_62148	Carbamidomethyl	C	5
PSM812_2_6215	Carbamidomethyl	C	17
PSM812_2_62151	Carbamidomethyl	C	5
PSM812_2_62156	Carbamidomethyl	C	2
PSM812_2_62157	Carbamidomethyl	C	3
PSM812_2_62159	Carbamidomethyl	C	7
PSM812_2_6217	Carbamidomethyl	C	5
PSM812_2_6217	Carbamidomethyl	C	26
PSM812_2_62199	Carbamidomethyl	C	3
PSM812_2_622	Carbamidomethyl	C	13
PSM812_2_622	Carbamidomethyl	C	27
PSM812_2_62212	Carbamidomethyl	C	6
PSM812_2_62213	Carbamidomethyl	C	12
PSM812_2_62218	Carbamidomethyl	C	3
PSM812_2_62225	Carbamidomethyl	C	7
PSM812_2_62234	Acetyl	N-term	
PSM812_2_62235	Acetyl	N-term	
PSM812_2_62237	Ammonia-loss	N-term	
PSM812_2_62237	Carbamidomethyl	C	1
PSM812_2_6224	Carbamidomethyl	C	6
PSM812_2_62240	Ammonia-loss	N-term	
PSM812_2_62240	Carbamidomethyl	C	1
PSM812_2_62242	Gln->pyro-Glu	N-term	
PSM812_2_62243	Acetyl	N-term	
PSM812_2_62243	Carbamidomethyl	C	7
PSM812_2_62245	Gln->pyro-Glu	N-term	
PSM812_2_62248	Acetyl	N-term	
PSM812_2_62248	Carbamidomethyl	C	6
PSM812_2_6225	Carbamidomethyl	C	6
PSM812_2_62254	Acetyl	N-term	
PSM812_2_62256	Acetyl	N-term	
PSM812_2_62257	Ammonia-loss	N-term	
PSM812_2_62257	Carbamidomethyl	C	1
PSM812_2_62257	Carbamidomethyl	C	6
PSM812_2_62258	Acetyl	N-term	
PSM812_2_62259	Carbamidomethyl	C	2
PSM812_2_6226	Carbamidomethyl	C	6
PSM812_2_62260	Acetyl	N-term	
PSM812_2_62261	Carbamidomethyl	C	8
PSM812_2_62266	Carbamidomethyl	C	1
PSM812_2_6227	Carbamidomethyl	C	6
PSM812_2_6228	Carbamidomethyl	C	6
PSM812_2_62280	Carbamidomethyl	C	10
PSM812_2_62281	Carbamidomethyl	C	10
PSM812_2_62282	Carbamidomethyl	C	2
PSM812_2_6229	Carbamidomethyl	C	10
PSM812_2_6229	Carbamidomethyl	C	13
PSM812_2_6229	Carbamidomethyl	C	21
PSM812_2_6229	Carbamidomethyl	C	22
PSM812_2_62298	Carbamidomethyl	C	5
PSM812_2_623	Carbamidomethyl	C	13
PSM812_2_623	Carbamidomethyl	C	27
PSM812_2_6230	Carbamidomethyl	C	10
PSM812_2_6230	Carbamidomethyl	C	13
PSM812_2_6230	Carbamidomethyl	C	21
PSM812_2_6230	Carbamidomethyl	C	22
PSM812_2_62304	Carbamidomethyl	C	2
PSM812_2_62304	Carbamidomethyl	C	4
PSM812_2_6231	Carbamidomethyl	C	10
PSM812_2_6231	Carbamidomethyl	C	13
PSM812_2_6231	Carbamidomethyl	C	21
PSM812_2_6231	Carbamidomethyl	C	22
PSM812_2_62313	Carbamidomethyl	C	4
PSM812_2_62314	Carbamidomethyl	C	7
PSM812_2_62337	Carbamidomethyl	C	1
PSM812_2_62342	Carbamidomethyl	C	3
PSM812_2_62344	Carbamidomethyl	C	8
PSM812_2_62349	Carbamidomethyl	C	7
PSM812_2_62350	Carbamidomethyl	C	5
PSM812_2_6237	Carbamidomethyl	C	15
PSM812_2_6238	Carbamidomethyl	C	15
PSM812_2_62384	Carbamidomethyl	C	2
PSM812_2_6239	Carbamidomethyl	C	15
PSM812_2_624	Carbamidomethyl	C	13
PSM812_2_624	Carbamidomethyl	C	27
PSM812_2_6240	Carbamidomethyl	C	2
PSM812_2_62403	Carbamidomethyl	C	8
PSM812_2_62406	Carbamidomethyl	C	8
PSM812_2_62408	Carbamidomethyl	C	11
PSM812_2_6241	Carbamidomethyl	C	2
PSM812_2_62416	Carbamidomethyl	C	6
PSM812_2_62417	Carbamidomethyl	C	5
PSM812_2_62418	Carbamidomethyl	C	5
PSM812_2_6242	Carbamidomethyl	C	16
PSM812_2_62422	Carbamidomethyl	C	2
PSM812_2_62425	Carbamidomethyl	C	7
PSM812_2_62426	Carbamidomethyl	C	7
PSM812_2_6243	Carbamidomethyl	C	16
PSM812_2_62436	Carbamidomethyl	C	5
PSM812_2_62436	Carbamidomethyl	C	7
PSM812_2_62436	Carbamidomethyl	C	11
PSM812_2_6244	Carbamidomethyl	C	16
PSM812_2_6245	Carbamidomethyl	C	16
PSM812_2_62451	Carbamidomethyl	C	1
PSM812_2_62459	Carbamidomethyl	C	5
PSM812_2_6246	Carbamidomethyl	C	7
PSM812_2_6247	Carbamidomethyl	C	7
PSM812_2_6248	Carbamidomethyl	C	7
PSM812_2_62483	Carbamidomethyl	C	5
PSM812_2_62487	Carbamidomethyl	C	1
PSM812_2_6249	Carbamidomethyl	C	7
PSM812_2_62490	Carbamidomethyl	C	2
PSM812_2_62491	Carbamidomethyl	C	6
PSM812_2_62492	Carbamidomethyl	C	6
PSM812_2_62495	Carbamidomethyl	C	9
PSM812_2_62497	Carbamidomethyl	C	17
PSM812_2_625	Carbamidomethyl	C	13
PSM812_2_625	Carbamidomethyl	C	27
PSM812_2_6250	Carbamidomethyl	C	7
PSM812_2_62506	Carbamidomethyl	C	6
PSM812_2_6251	Carbamidomethyl	C	7
PSM812_2_62510	Carbamidomethyl	C	9
PSM812_2_62516	Carbamidomethyl	C	9
PSM812_2_6252	Carbamidomethyl	C	7
PSM812_2_62525	Carbamidomethyl	C	8
PSM812_2_6253	Carbamidomethyl	C	7
PSM812_2_62532	Carbamidomethyl	C	6
PSM812_2_62533	Carbamidomethyl	C	6
PSM812_2_6254	Carbamidomethyl	C	5
PSM812_2_62545	Carbamidomethyl	C	7
PSM812_2_6255	Carbamidomethyl	C	5
PSM812_2_6256	Carbamidomethyl	C	5
PSM812_2_62566	Carbamidomethyl	C	4
PSM812_2_6257	Carbamidomethyl	C	5
PSM812_2_62570	Carbamidomethyl	C	2
PSM812_2_62571	Carbamidomethyl	C	6
PSM812_2_62579	Carbamidomethyl	C	3
PSM812_2_6258	Carbamidomethyl	C	5
PSM812_2_62587	Carbamidomethyl	C	4
PSM812_2_6259	Carbamidomethyl	C	5
PSM812_2_626	Carbamidomethyl	C	13
PSM812_2_626	Carbamidomethyl	C	27
PSM812_2_62604	Carbamidomethyl	C	2
PSM812_2_62605	Carbamidomethyl	C	2
PSM812_2_62611	Carbamidomethyl	C	8
PSM812_2_62614	Carbamidomethyl	C	6
PSM812_2_62619	Carbamidomethyl	C	8
PSM812_2_62622	Carbamidomethyl	C	6
PSM812_2_62648	Carbamidomethyl	C	4
PSM812_2_62651	Carbamidomethyl	C	9
PSM812_2_62652	Carbamidomethyl	C	9
PSM812_2_62653	Carbamidomethyl	C	2
PSM812_2_62653	Carbamidomethyl	C	9
PSM812_2_62658	Carbamidomethyl	C	15
PSM812_2_62662	Carbamidomethyl	C	10
PSM812_2_62676	Carbamidomethyl	C	8
PSM812_2_62684	Carbamidomethyl	C	2
PSM812_2_62691	Carbamidomethyl	C	5
PSM812_2_62697	Carbamidomethyl	C	2
PSM812_2_627	Carbamidomethyl	C	13
PSM812_2_627	Carbamidomethyl	C	27
PSM812_2_6270	Carbamidomethyl	C	14
PSM812_2_6271	Carbamidomethyl	C	14
PSM812_2_6272	Carbamidomethyl	C	14
PSM812_2_6273	Carbamidomethyl	C	14
PSM812_2_62733	Carbamidomethyl	C	6
PSM812_2_62734	Carbamidomethyl	C	6
PSM812_2_62738	Carbamidomethyl	C	11
PSM812_2_6274	Carbamidomethyl	C	14
PSM812_2_62740	Carbamidomethyl	C	2
PSM812_2_62766	Carbamidomethyl	C	3
PSM812_2_62766	Carbamidomethyl	C	5
PSM812_2_62767	Carbamidomethyl	C	3
PSM812_2_62767	Carbamidomethyl	C	5
PSM812_2_62771	Carbamidomethyl	C	11
PSM812_2_62781	Carbamidomethyl	C	2
PSM812_2_62783	Carbamidomethyl	C	3
PSM812_2_62783	Carbamidomethyl	C	5
PSM812_2_62784	Carbamidomethyl	C	3
PSM812_2_62784	Carbamidomethyl	C	5
PSM812_2_62793	Carbamidomethyl	C	5
PSM812_2_62796	Carbamidomethyl	C	6
PSM812_2_62798	Carbamidomethyl	C	8
PSM812_2_62799	Carbamidomethyl	C	3
PSM812_2_628	Carbamidomethyl	C	13
PSM812_2_628	Carbamidomethyl	C	27
PSM812_2_6280	Carbamidomethyl	C	14
PSM812_2_6280	Carbamidomethyl	C	18
PSM812_2_62801	Carbamidomethyl	C	3
PSM812_2_62802	Carbamidomethyl	C	11
PSM812_2_62803	Carbamidomethyl	C	4
PSM812_2_6281	Carbamidomethyl	C	14
PSM812_2_6281	Carbamidomethyl	C	18
PSM812_2_62815	Carbamidomethyl	C	4
PSM812_2_62818	Carbamidomethyl	C	12
PSM812_2_6282	Carbamidomethyl	C	14
PSM812_2_6282	Carbamidomethyl	C	18
PSM812_2_62831	Carbamidomethyl	C	10
PSM812_2_62832	Carbamidomethyl	C	10
PSM812_2_62836	Carbamidomethyl	C	8
PSM812_2_62837	Carbamidomethyl	C	15
PSM812_2_62839	Carbamidomethyl	C	9
PSM812_2_62840	Oxidation	M	11
PSM812_2_62841	Oxidation	M	11
PSM812_2_62844	Carbamidomethyl	C	3
PSM812_2_62845	Carbamidomethyl	C	3
PSM812_2_62847	Carbamidomethyl	C	10
PSM812_2_62848	Carbamidomethyl	C	10
PSM812_2_62866	Carbamidomethyl	C	3
PSM812_2_62867	Carbamidomethyl	C	3
PSM812_2_62870	Carbamidomethyl	C	2
PSM812_2_62891	Carbamidomethyl	C	8
PSM812_2_62892	Carbamidomethyl	C	8
PSM812_2_62895	Carbamidomethyl	C	1
PSM812_2_62897	Carbamidomethyl	C	7
PSM812_2_629	Carbamidomethyl	C	13
PSM812_2_629	Carbamidomethyl	C	27
PSM812_2_62907	Carbamidomethyl	C	2
PSM812_2_62910	Carbamidomethyl	C	11
PSM812_2_62910	Carbamidomethyl	C	14
PSM812_2_62912	Carbamidomethyl	C	2
PSM812_2_62913	Carbamidomethyl	C	7
PSM812_2_62914	Carbamidomethyl	C	7
PSM812_2_62915	Carbamidomethyl	C	5
PSM812_2_62916	Carbamidomethyl	C	9
PSM812_2_62935	Carbamidomethyl	C	8
PSM812_2_62937	Carbamidomethyl	C	6
PSM812_2_62938	Carbamidomethyl	C	6
PSM812_2_62941	Carbamidomethyl	C	12
PSM812_2_62956	Carbamidomethyl	C	4
PSM812_2_62958	Carbamidomethyl	C	8
PSM812_2_62959	Carbamidomethyl	C	8
PSM812_2_62963	Carbamidomethyl	C	4
PSM812_2_62967	Carbamidomethyl	C	1
PSM812_2_62968	Carbamidomethyl	C	7
PSM812_2_62970	Carbamidomethyl	C	9
PSM812_2_62972	Carbamidomethyl	C	10
PSM812_2_62986	Carbamidomethyl	C	7
PSM812_2_62988	Carbamidomethyl	C	3
PSM812_2_62989	Carbamidomethyl	C	3
PSM812_2_630	Carbamidomethyl	C	13
PSM812_2_630	Carbamidomethyl	C	27
PSM812_2_63029	Carbamidomethyl	C	7
PSM812_2_63031	Carbamidomethyl	C	5
PSM812_2_63048	Carbamidomethyl	C	13
PSM812_2_6305	Carbamidomethyl	C	15
PSM812_2_63057	Carbamidomethyl	C	5
PSM812_2_6306	Carbamidomethyl	C	15
PSM812_2_63060	Carbamidomethyl	C	5
PSM812_2_6307	Carbamidomethyl	C	15
PSM812_2_6308	Carbamidomethyl	C	15
PSM812_2_63085	Carbamidomethyl	C	1
PSM812_2_6309	Carbamidomethyl	C	15
PSM812_2_63090	Carbamidomethyl	C	1
PSM812_2_63092	Carbamidomethyl	C	2
PSM812_2_63092	Carbamidomethyl	C	11
PSM812_2_63093	Carbamidomethyl	C	2
PSM812_2_63093	Carbamidomethyl	C	11
PSM812_2_63094	Carbamidomethyl	C	2
PSM812_2_63094	Carbamidomethyl	C	11
PSM812_2_63095	Carbamidomethyl	C	2
PSM812_2_63095	Carbamidomethyl	C	11
PSM812_2_63098	Carbamidomethyl	C	11
PSM812_2_631	Carbamidomethyl	C	13
PSM812_2_631	Carbamidomethyl	C	27
PSM812_2_6310	Carbamidomethyl	C	15
PSM812_2_63107	Carbamidomethyl	C	7
PSM812_2_63113	Carbamidomethyl	C	9
PSM812_2_63113	Carbamidomethyl	C	10
PSM812_2_63114	Carbamidomethyl	C	10
PSM812_2_63123	Oxidation	M	10
PSM812_2_63123	Carbamidomethyl	C	13
PSM812_2_63135	Carbamidomethyl	C	6
PSM812_2_63136	Carbamidomethyl	C	6
PSM812_2_63140	Carbamidomethyl	C	9
PSM812_2_63150	Carbamidomethyl	C	2
PSM812_2_63151	Carbamidomethyl	C	2
PSM812_2_63152	Carbamidomethyl	C	10
PSM812_2_63157	Carbamidomethyl	C	1
PSM812_2_63165	Carbamidomethyl	C	4
PSM812_2_63173	Carbamidomethyl	C	4
PSM812_2_63175	Carbamidomethyl	C	2
PSM812_2_63176	Carbamidomethyl	C	2
PSM812_2_63181	Carbamidomethyl	C	2
PSM812_2_63185	Carbamidomethyl	C	8
PSM812_2_63185	Carbamidomethyl	C	9
PSM812_2_63192	Carbamidomethyl	C	4
PSM812_2_63195	Carbamidomethyl	C	2
PSM812_2_632	Carbamidomethyl	C	13
PSM812_2_632	Carbamidomethyl	C	27
PSM812_2_63201	Carbamidomethyl	C	5
PSM812_2_63201	Carbamidomethyl	C	10
PSM812_2_63223	Carbamidomethyl	C	3
PSM812_2_63223	Carbamidomethyl	C	9
PSM812_2_6323	Carbamidomethyl	C	19
PSM812_2_6324	Carbamidomethyl	C	19
PSM812_2_63249	Carbamidomethyl	C	2
PSM812_2_6325	Carbamidomethyl	C	19
PSM812_2_63255	Carbamidomethyl	C	10
PSM812_2_63256	Carbamidomethyl	C	7
PSM812_2_63263	Carbamidomethyl	C	9
PSM812_2_63265	Carbamidomethyl	C	10
PSM812_2_63276	Carbamidomethyl	C	5
PSM812_2_63278	Carbamidomethyl	C	9
PSM812_2_63279	Carbamidomethyl	C	9
PSM812_2_63280	Carbamidomethyl	C	5
PSM812_2_63280	Carbamidomethyl	C	8
PSM812_2_63281	Carbamidomethyl	C	6
PSM812_2_63282	Carbamidomethyl	C	2
PSM812_2_63282	Carbamidomethyl	C	13
PSM812_2_63282	Carbamidomethyl	C	15
PSM812_2_63283	Carbamidomethyl	C	7
PSM812_2_63286	Carbamidomethyl	C	9
PSM812_2_63287	Carbamidomethyl	C	5
PSM812_2_63288	Carbamidomethyl	C	12
PSM812_2_63291	Carbamidomethyl	C	3
PSM812_2_63291	Carbamidomethyl	C	6
PSM812_2_63294	Carbamidomethyl	C	8
PSM812_2_633	Carbamidomethyl	C	13
PSM812_2_633	Carbamidomethyl	C	27
PSM812_2_63302	Carbamidomethyl	C	1
PSM812_2_63315	Carbamidomethyl	C	9
PSM812_2_63317	Carbamidomethyl	C	4
PSM812_2_63321	Carbamidomethyl	C	9
PSM812_2_63331	Carbamidomethyl	C	1
PSM812_2_63334	Carbamidomethyl	C	16
PSM812_2_63337	Carbamidomethyl	C	12
PSM812_2_63344	Carbamidomethyl	C	2
PSM812_2_63350	Carbamidomethyl	C	11
PSM812_2_63350	Carbamidomethyl	C	21
PSM812_2_63354	Carbamidomethyl	C	5
PSM812_2_63359	Carbamidomethyl	C	2
PSM812_2_63364	Carbamidomethyl	C	6
PSM812_2_63370	Oxidation	M	7
PSM812_2_63372	Carbamidomethyl	C	7
PSM812_2_63379	Carbamidomethyl	C	7
PSM812_2_63382	Carbamidomethyl	C	6
PSM812_2_63390	Carbamidomethyl	C	2
PSM812_2_63396	Carbamidomethyl	C	6
PSM812_2_634	Carbamidomethyl	C	13
PSM812_2_634	Carbamidomethyl	C	27
PSM812_2_63401	Gln->pyro-Glu	N-term	
PSM812_2_63402	Ammonia-loss	N-term	
PSM812_2_63402	Carbamidomethyl	C	1
PSM812_2_63403	Gln->pyro-Glu	N-term	
PSM812_2_63404	Gln->pyro-Glu	N-term	
PSM812_2_63405	Glu->pyro-Glu	N-term	
PSM812_2_63407	Ammonia-loss	N-term	
PSM812_2_63407	Carbamidomethyl	C	1
PSM812_2_63407	Carbamidomethyl	C	2
PSM812_2_63408	Ammonia-loss	N-term	
PSM812_2_63408	Carbamidomethyl	C	1
PSM812_2_63408	Carbamidomethyl	C	2
PSM812_2_63409	Gln->pyro-Glu	N-term	
PSM812_2_63410	Gln->pyro-Glu	N-term	
PSM812_2_63411	Carbamidomethyl	C	10
PSM812_2_63413	Carbamidomethyl	C	6
PSM812_2_63416	Ammonia-loss	N-term	
PSM812_2_63416	Carbamidomethyl	C	1
PSM812_2_63417	Carbamidomethyl	C	9
PSM812_2_63420	Carbamidomethyl	C	7
PSM812_2_63421	Gln->pyro-Glu	N-term	
PSM812_2_63422	Acetyl	N-term	
PSM812_2_63422	Oxidation	M	1
PSM812_2_63423	Carbamidomethyl	C	4
PSM812_2_63426	Gln->pyro-Glu	N-term	
PSM812_2_63427	Carbamidomethyl	C	12
PSM812_2_63427	Carbamidomethyl	C	18
PSM812_2_63428	Ammonia-loss	N-term	
PSM812_2_63428	Carbamidomethyl	C	1
PSM812_2_63431	Ammonia-loss	N-term	
PSM812_2_63431	Carbamidomethyl	C	1
PSM812_2_63433	Ammonia-loss	N-term	
PSM812_2_63433	Carbamidomethyl	C	1
PSM812_2_63436	Carbamidomethyl	C	7
PSM812_2_63441	Carbamidomethyl	C	6
PSM812_2_63443	Gln->pyro-Glu	N-term	
PSM812_2_63444	Ammonia-loss	N-term	
PSM812_2_63444	Carbamidomethyl	C	1
PSM812_2_63451	Carbamidomethyl	C	5
PSM812_2_63451	Carbamidomethyl	C	9
PSM812_2_63455	Carbamidomethyl	C	3
PSM812_2_63457	Acetyl	N-term	
PSM812_2_63458	Carbamidomethyl	C	1
PSM812_2_63461	Carbamidomethyl	C	9
PSM812_2_63462	Gln->pyro-Glu	N-term	
PSM812_2_63464	Gln->pyro-Glu	N-term	
PSM812_2_63465	Acetyl	N-term	
PSM812_2_63466	Gln->pyro-Glu	N-term	
PSM812_2_63467	Acetyl	N-term	
PSM812_2_63468	Gln->pyro-Glu	N-term	
PSM812_2_63469	Acetyl	N-term	
PSM812_2_63469	Oxidation	M	1
PSM812_2_63470	Carbamidomethyl	C	22
PSM812_2_63471	Carbamidomethyl	C	6
PSM812_2_63472	Oxidation	M	4
PSM812_2_63473	Oxidation	M	4
PSM812_2_63474	Oxidation	M	4
PSM812_2_63478	Gln->pyro-Glu	N-term	
PSM812_2_63486	Carbamidomethyl	C	10
PSM812_2_63487	Carbamidomethyl	C	10
PSM812_2_63488	Carbamidomethyl	C	4
PSM812_2_63488	Carbamidomethyl	C	6
PSM812_2_63496	Carbamidomethyl	C	1
PSM812_2_635	Carbamidomethyl	C	13
PSM812_2_635	Carbamidomethyl	C	27
PSM812_2_63504	Carbamidomethyl	C	5
PSM812_2_63506	Carbamidomethyl	C	11
PSM812_2_63507	Carbamidomethyl	C	10
PSM812_2_63509	Carbamidomethyl	C	4
PSM812_2_63511	Carbamidomethyl	C	2
PSM812_2_63513	Carbamidomethyl	C	3
PSM812_2_63513	Carbamidomethyl	C	7
PSM812_2_63548	Carbamidomethyl	C	3
PSM812_2_63563	Carbamidomethyl	C	3
PSM812_2_63564	Carbamidomethyl	C	3
PSM812_2_63565	Carbamidomethyl	C	8
PSM812_2_63566	Carbamidomethyl	C	4
PSM812_2_63598	Carbamidomethyl	C	2
PSM812_2_636	Carbamidomethyl	C	13
PSM812_2_636	Carbamidomethyl	C	27
PSM812_2_63604	Carbamidomethyl	C	4
PSM812_2_63634	Carbamidomethyl	C	2
PSM812_2_63637	Carbamidomethyl	C	7
PSM812_2_63641	Carbamidomethyl	C	6
PSM812_2_63642	Carbamidomethyl	C	9
PSM812_2_63644	Carbamidomethyl	C	11
PSM812_2_63645	Carbamidomethyl	C	6
PSM812_2_63651	Carbamidomethyl	C	2
PSM812_2_63652	Carbamidomethyl	C	11
PSM812_2_63655	Carbamidomethyl	C	8
PSM812_2_63655	Carbamidomethyl	C	14
PSM812_2_63656	Carbamidomethyl	C	9
PSM812_2_63689	Carbamidomethyl	C	1
PSM812_2_637	Carbamidomethyl	C	13
PSM812_2_637	Carbamidomethyl	C	27
PSM812_2_63717	Carbamidomethyl	C	7
PSM812_2_63718	Carbamidomethyl	C	7
PSM812_2_63721	Carbamidomethyl	C	2
PSM812_2_6376	Carbamidomethyl	C	5
PSM812_2_63765	Carbamidomethyl	C	9
PSM812_2_63767	Carbamidomethyl	C	6
PSM812_2_6377	Carbamidomethyl	C	5
PSM812_2_63777	Carbamidomethyl	C	7
PSM812_2_6378	Carbamidomethyl	C	5
PSM812_2_6379	Carbamidomethyl	C	5
PSM812_2_63795	Carbamidomethyl	C	3
PSM812_2_63796	Carbamidomethyl	C	3
PSM812_2_63798	Carbamidomethyl	C	5
PSM812_2_63798	Carbamidomethyl	C	10
PSM812_2_63798	Carbamidomethyl	C	23
PSM812_2_63799	Carbamidomethyl	C	5
PSM812_2_638	Carbamidomethyl	C	13
PSM812_2_638	Carbamidomethyl	C	27
PSM812_2_6380	Carbamidomethyl	C	4
PSM812_2_6380	Carbamidomethyl	C	21
PSM812_2_6380	Carbamidomethyl	C	23
PSM812_2_63808	Carbamidomethyl	C	13
PSM812_2_63809	Carbamidomethyl	C	10
PSM812_2_6381	Carbamidomethyl	C	4
PSM812_2_6381	Carbamidomethyl	C	21
PSM812_2_6381	Carbamidomethyl	C	23
PSM812_2_63811	Carbamidomethyl	C	5
PSM812_2_63812	Carbamidomethyl	C	5
PSM812_2_63814	Carbamidomethyl	C	12
PSM812_2_6382	Carbamidomethyl	C	4
PSM812_2_6382	Carbamidomethyl	C	21
PSM812_2_6382	Carbamidomethyl	C	23
PSM812_2_63825	Carbamidomethyl	C	9
PSM812_2_63828	Carbamidomethyl	C	9
PSM812_2_6383	Carbamidomethyl	C	4
PSM812_2_6383	Carbamidomethyl	C	21
PSM812_2_6383	Carbamidomethyl	C	23
PSM812_2_63830	Carbamidomethyl	C	9
PSM812_2_63834	Carbamidomethyl	C	3
PSM812_2_63836	Carbamidomethyl	C	5
PSM812_2_6384	Carbamidomethyl	C	16
PSM812_2_63848	Carbamidomethyl	C	1
PSM812_2_63849	Carbamidomethyl	C	16
PSM812_2_6385	Carbamidomethyl	C	16
PSM812_2_63857	Carbamidomethyl	C	18
PSM812_2_63857	Carbamidomethyl	C	21
PSM812_2_63858	Carbamidomethyl	C	5
PSM812_2_6386	Carbamidomethyl	C	9
PSM812_2_6386	Carbamidomethyl	C	19
PSM812_2_63865	Carbamidomethyl	C	8
PSM812_2_63866	Carbamidomethyl	C	8
PSM812_2_63867	Carbamidomethyl	C	5
PSM812_2_6387	Carbamidomethyl	C	9
PSM812_2_6387	Carbamidomethyl	C	19
PSM812_2_63871	Carbamidomethyl	C	9
PSM812_2_63872	Carbamidomethyl	C	9
PSM812_2_63876	Carbamidomethyl	C	25
PSM812_2_63877	Carbamidomethyl	C	25
PSM812_2_6388	Carbamidomethyl	C	9
PSM812_2_6388	Carbamidomethyl	C	19
PSM812_2_63881	Carbamidomethyl	C	2
PSM812_2_63881	Carbamidomethyl	C	12
PSM812_2_63882	Carbamidomethyl	C	13
PSM812_2_63884	Carbamidomethyl	C	4
PSM812_2_63884	Carbamidomethyl	C	9
PSM812_2_63884	Carbamidomethyl	C	11
PSM812_2_6389	Carbamidomethyl	C	9
PSM812_2_6389	Carbamidomethyl	C	19
PSM812_2_63890	Carbamidomethyl	C	2
PSM812_2_63891	Carbamidomethyl	C	2
PSM812_2_639	Carbamidomethyl	C	13
PSM812_2_639	Carbamidomethyl	C	27
PSM812_2_6390	Carbamidomethyl	C	9
PSM812_2_6390	Carbamidomethyl	C	19
PSM812_2_63902	Carbamidomethyl	C	27
PSM812_2_63905	Carbamidomethyl	C	3
PSM812_2_63905	Carbamidomethyl	C	15
PSM812_2_63906	Carbamidomethyl	C	11
PSM812_2_63907	Carbamidomethyl	C	1
PSM812_2_6391	Carbamidomethyl	C	22
PSM812_2_6392	Carbamidomethyl	C	22
PSM812_2_63928	Carbamidomethyl	C	8
PSM812_2_63929	Carbamidomethyl	C	8
PSM812_2_6393	Carbamidomethyl	C	22
PSM812_2_63934	Carbamidomethyl	C	3
PSM812_2_63938	Carbamidomethyl	C	10
PSM812_2_6394	Carbamidomethyl	C	22
PSM812_2_63940	Carbamidomethyl	C	4
PSM812_2_63940	Carbamidomethyl	C	20
PSM812_2_63941	Carbamidomethyl	C	28
PSM812_2_63945	Carbamidomethyl	C	5
PSM812_2_63945	Carbamidomethyl	C	23
PSM812_2_63945	Carbamidomethyl	C	29
PSM812_2_6395	Carbamidomethyl	C	22
PSM812_2_63953	Carbamidomethyl	C	8
PSM812_2_63954	Carbamidomethyl	C	8
PSM812_2_63955	Carbamidomethyl	C	8
PSM812_2_63956	Carbamidomethyl	C	8
PSM812_2_63957	Carbamidomethyl	C	8
PSM812_2_63958	Carbamidomethyl	C	8
PSM812_2_6396	Carbamidomethyl	C	22
PSM812_2_63968	Oxidation	M	1
PSM812_2_63969	Carbamidomethyl	C	5
PSM812_2_6397	Carbamidomethyl	C	22
PSM812_2_63970	Carbamidomethyl	C	5
PSM812_2_63973	Carbamidomethyl	C	1
PSM812_2_63973	Carbamidomethyl	C	10
PSM812_2_6398	Carbamidomethyl	C	22
PSM812_2_63980	Carbamidomethyl	C	6
PSM812_2_63981	Carbamidomethyl	C	4
PSM812_2_63985	Carbamidomethyl	C	4
PSM812_2_63988	Carbamidomethyl	C	15
PSM812_2_63989	Carbamidomethyl	C	15
PSM812_2_6399	Carbamidomethyl	C	22
PSM812_2_63990	Carbamidomethyl	C	8
PSM812_2_640	Carbamidomethyl	C	13
PSM812_2_640	Carbamidomethyl	C	27
PSM812_2_64001	Carbamidomethyl	C	3
PSM812_2_64002	Carbamidomethyl	C	3
PSM812_2_64005	Carbamidomethyl	C	9
PSM812_2_64008	Carbamidomethyl	C	1
PSM812_2_64009	Carbamidomethyl	C	4
PSM812_2_64010	Carbamidomethyl	C	4
PSM812_2_64039	Carbamidomethyl	C	10
PSM812_2_6404	Carbamidomethyl	C	9
PSM812_2_6404	Carbamidomethyl	C	18
PSM812_2_64048	Carbamidomethyl	C	16
PSM812_2_6405	Carbamidomethyl	C	9
PSM812_2_6405	Carbamidomethyl	C	18
PSM812_2_64054	Carbamidomethyl	C	1
PSM812_2_64054	Carbamidomethyl	C	11
PSM812_2_64059	Carbamidomethyl	C	13
PSM812_2_6406	Carbamidomethyl	C	9
PSM812_2_6406	Carbamidomethyl	C	18
PSM812_2_6407	Carbamidomethyl	C	9
PSM812_2_6407	Carbamidomethyl	C	18
PSM812_2_64070	Carbamidomethyl	C	5
PSM812_2_64071	Carbamidomethyl	C	14
PSM812_2_64071	Carbamidomethyl	C	19
PSM812_2_64071	Carbamidomethyl	C	39
PSM812_2_64075	Carbamidomethyl	C	9
PSM812_2_64080	Carbamidomethyl	C	14
PSM812_2_64081	Carbamidomethyl	C	14
PSM812_2_64084	Carbamidomethyl	C	2
PSM812_2_64085	Carbamidomethyl	C	6
PSM812_2_64085	Carbamidomethyl	C	10
PSM812_2_641	Carbamidomethyl	C	13
PSM812_2_641	Carbamidomethyl	C	27
PSM812_2_64115	Carbamidomethyl	C	9
PSM812_2_64117	Carbamidomethyl	C	12
PSM812_2_64125	Carbamidomethyl	C	12
PSM812_2_64126	Carbamidomethyl	C	9
PSM812_2_64138	Carbamidomethyl	C	2
PSM812_2_64138	Carbamidomethyl	C	9
PSM812_2_64138	Carbamidomethyl	C	17
PSM812_2_64139	Carbamidomethyl	C	7
PSM812_2_64140	Carbamidomethyl	C	7
PSM812_2_64157	Carbamidomethyl	C	1
PSM812_2_64157	Carbamidomethyl	C	2
PSM812_2_64157	Carbamidomethyl	C	5
PSM812_2_64157	Carbamidomethyl	C	8
PSM812_2_64169	Carbamidomethyl	C	6
PSM812_2_64173	Gln->pyro-Glu	N-term	
PSM812_2_64173	Carbamidomethyl	C	2
PSM812_2_64173	Carbamidomethyl	C	10
PSM812_2_64174	Gln->pyro-Glu	N-term	
PSM812_2_64174	Carbamidomethyl	C	2
PSM812_2_64174	Carbamidomethyl	C	10
PSM812_2_64177	Gln->pyro-Glu	N-term	
PSM812_2_64180	Ammonia-loss	N-term	
PSM812_2_64180	Carbamidomethyl	C	1
PSM812_2_64181	Ammonia-loss	N-term	
PSM812_2_64181	Carbamidomethyl	C	1
PSM812_2_64184	Gln->pyro-Glu	N-term	
PSM812_2_64186	Ammonia-loss	N-term	
PSM812_2_64186	Carbamidomethyl	C	1
PSM812_2_64187	Gln->pyro-Glu	N-term	
PSM812_2_64188	Ammonia-loss	N-term	
PSM812_2_64188	Carbamidomethyl	C	1
PSM812_2_64189	Acetyl	N-term	
PSM812_2_64190	Acetyl	N-term	
PSM812_2_64191	Gln->pyro-Glu	N-term	
PSM812_2_64192	Gln->pyro-Glu	N-term	
PSM812_2_64193	Gln->pyro-Glu	N-term	
PSM812_2_64197	Carbamidomethyl	C	7
PSM812_2_64198	Ammonia-loss	N-term	
PSM812_2_64198	Carbamidomethyl	C	1
PSM812_2_64199	Ammonia-loss	N-term	
PSM812_2_64199	Carbamidomethyl	C	1
PSM812_2_642	Carbamidomethyl	C	13
PSM812_2_642	Carbamidomethyl	C	27
PSM812_2_64200	Ammonia-loss	N-term	
PSM812_2_64200	Carbamidomethyl	C	1
PSM812_2_64201	Ammonia-loss	N-term	
PSM812_2_64201	Carbamidomethyl	C	1
PSM812_2_64202	Ammonia-loss	N-term	
PSM812_2_64202	Carbamidomethyl	C	1
PSM812_2_64202	Carbamidomethyl	C	8
PSM812_2_64203	Ammonia-loss	N-term	
PSM812_2_64203	Carbamidomethyl	C	1
PSM812_2_64203	Carbamidomethyl	C	8
PSM812_2_64206	Carbamidomethyl	C	5
PSM812_2_64207	Carbamidomethyl	C	5
PSM812_2_64208	Carbamidomethyl	C	41
PSM812_2_64208	Carbamidomethyl	C	48
PSM812_2_64213	Gln->pyro-Glu	N-term	
PSM812_2_64214	Ammonia-loss	N-term	
PSM812_2_64214	Carbamidomethyl	C	1
PSM812_2_64215	Acetyl	N-term	
PSM812_2_64217	Gln->pyro-Glu	N-term	
PSM812_2_64217	Carbamidomethyl	C	15
PSM812_2_64218	Ammonia-loss	N-term	
PSM812_2_64218	Carbamidomethyl	C	1
PSM812_2_6422	Carbamidomethyl	C	6
PSM812_2_64221	Gln->pyro-Glu	N-term	
PSM812_2_64222	Ammonia-loss	N-term	
PSM812_2_64222	Carbamidomethyl	C	1
PSM812_2_64223	Carbamidomethyl	C	2
PSM812_2_64225	Ammonia-loss	N-term	
PSM812_2_64225	Carbamidomethyl	C	1
PSM812_2_64226	Acetyl	N-term	
PSM812_2_64227	Ammonia-loss	N-term	
PSM812_2_64227	Carbamidomethyl	C	1
PSM812_2_64228	Gln->pyro-Glu	N-term	
PSM812_2_64228	Carbamidomethyl	C	3
PSM812_2_64229	Gln->pyro-Glu	N-term	
PSM812_2_64229	Carbamidomethyl	C	9
PSM812_2_6423	Carbamidomethyl	C	6
PSM812_2_64230	Ammonia-loss	N-term	
PSM812_2_64230	Carbamidomethyl	C	1
PSM812_2_64231	Ammonia-loss	N-term	
PSM812_2_64231	Carbamidomethyl	C	1
PSM812_2_64232	Acetyl	N-term	
PSM812_2_64233	Acetyl	N-term	
PSM812_2_64234	Ammonia-loss	N-term	
PSM812_2_64234	Carbamidomethyl	C	1
PSM812_2_64234	Carbamidomethyl	C	10
PSM812_2_64236	Acetyl	N-term	
PSM812_2_64237	Gln->pyro-Glu	N-term	
PSM812_2_64239	Gln->pyro-Glu	N-term	
PSM812_2_64239	Carbamidomethyl	C	11
PSM812_2_6424	Carbamidomethyl	C	6
PSM812_2_64240	Gln->pyro-Glu	N-term	
PSM812_2_64241	Gln->pyro-Glu	N-term	
PSM812_2_64242	Gln->pyro-Glu	N-term	
PSM812_2_64245	Carbamidomethyl	C	4
PSM812_2_64246	Carbamidomethyl	C	4
PSM812_2_64247	Gln->pyro-Glu	N-term	
PSM812_2_64247	Carbamidomethyl	C	7
PSM812_2_64248	Acetyl	N-term	
PSM812_2_64249	Acetyl	N-term	
PSM812_2_6425	Carbamidomethyl	C	6
PSM812_2_64250	Gln->pyro-Glu	N-term	
PSM812_2_64250	Carbamidomethyl	C	11
PSM812_2_64251	Gln->pyro-Glu	N-term	
PSM812_2_64252	Gln->pyro-Glu	N-term	
PSM812_2_64253	Gln->pyro-Glu	N-term	
PSM812_2_64254	Gln->pyro-Glu	N-term	
PSM812_2_64255	Gln->pyro-Glu	N-term	
PSM812_2_64256	Ammonia-loss	N-term	
PSM812_2_64256	Carbamidomethyl	C	1
PSM812_2_64257	Ammonia-loss	N-term	
PSM812_2_64257	Carbamidomethyl	C	1
PSM812_2_64259	Ammonia-loss	N-term	
PSM812_2_64259	Carbamidomethyl	C	1
PSM812_2_6426	Carbamidomethyl	C	6
PSM812_2_64260	Carbamidomethyl	C	10
PSM812_2_64261	Carbamidomethyl	C	10
PSM812_2_64262	Acetyl	N-term	
PSM812_2_64263	Acetyl	N-term	
PSM812_2_64264	Acetyl	N-term	
PSM812_2_64265	Gln->pyro-Glu	N-term	
PSM812_2_64265	Carbamidomethyl	C	6
PSM812_2_64267	Gln->pyro-Glu	N-term	
PSM812_2_64269	Gln->pyro-Glu	N-term	
PSM812_2_6427	Carbamidomethyl	C	6
PSM812_2_64271	Carbamidomethyl	C	4
PSM812_2_64272	Carbamidomethyl	C	4
PSM812_2_64275	Carbamidomethyl	C	10
PSM812_2_64278	Acetyl	N-term	
PSM812_2_64279	Acetyl	N-term	
PSM812_2_6428	Carbamidomethyl	C	6
PSM812_2_64280	Acetyl	N-term	
PSM812_2_64281	Acetyl	N-term	
PSM812_2_64283	Acetyl	N-term	
PSM812_2_64283	Oxidation	M	1
PSM812_2_64286	Carbamidomethyl	C	19
PSM812_2_6429	Carbamidomethyl	C	6
PSM812_2_64291	Carbamidomethyl	C	15
PSM812_2_64292	Carbamidomethyl	C	9
PSM812_2_64293	Carbamidomethyl	C	9
PSM812_2_64295	Oxidation	M	9
PSM812_2_64295	Carbamidomethyl	C	17
PSM812_2_643	Carbamidomethyl	C	13
PSM812_2_643	Carbamidomethyl	C	27
PSM812_2_6430	Carbamidomethyl	C	6
PSM812_2_64307	Carbamidomethyl	C	10
PSM812_2_64309	Carbamidomethyl	C	20
PSM812_2_6431	Carbamidomethyl	C	6
PSM812_2_64312	Carbamidomethyl	C	1
PSM812_2_64312	Carbamidomethyl	C	2
PSM812_2_64312	Carbamidomethyl	C	10
PSM812_2_6432	Carbamidomethyl	C	8
PSM812_2_64320	Carbamidomethyl	C	12
PSM812_2_64326	Carbamidomethyl	C	12
PSM812_2_6433	Carbamidomethyl	C	8
PSM812_2_64332	Carbamidomethyl	C	15
PSM812_2_64333	Carbamidomethyl	C	9
PSM812_2_64338	Carbamidomethyl	C	14
PSM812_2_64339	Carbamidomethyl	C	6
PSM812_2_64339	Carbamidomethyl	C	12
PSM812_2_6434	Carbamidomethyl	C	8
PSM812_2_64340	Carbamidomethyl	C	6
PSM812_2_64340	Carbamidomethyl	C	12
PSM812_2_64341	Carbamidomethyl	C	6
PSM812_2_64341	Carbamidomethyl	C	12
PSM812_2_64342	Carbamidomethyl	C	2
PSM812_2_64346	Carbamidomethyl	C	15
PSM812_2_6435	Carbamidomethyl	C	8
PSM812_2_64353	Carbamidomethyl	C	2
PSM812_2_64354	Carbamidomethyl	C	16
PSM812_2_64355	Carbamidomethyl	C	16
PSM812_2_6436	Carbamidomethyl	C	8
PSM812_2_64362	Carbamidomethyl	C	17
PSM812_2_64363	Carbamidomethyl	C	17
PSM812_2_64363	Carbamidomethyl	C	18
PSM812_2_64375	Carbamidomethyl	C	4
PSM812_2_64376	Carbamidomethyl	C	4
PSM812_2_64377	Carbamidomethyl	C	4
PSM812_2_64382	Carbamidomethyl	C	3
PSM812_2_64385	Carbamidomethyl	C	15
PSM812_2_64386	Carbamidomethyl	C	17
PSM812_2_64387	Carbamidomethyl	C	17
PSM812_2_64389	Carbamidomethyl	C	15
PSM812_2_64391	Carbamidomethyl	C	24
PSM812_2_64392	Carbamidomethyl	C	8
PSM812_2_64399	Carbamidomethyl	C	14
PSM812_2_64399	Carbamidomethyl	C	36
PSM812_2_644	Carbamidomethyl	C	13
PSM812_2_644	Carbamidomethyl	C	27
PSM812_2_64400	Carbamidomethyl	C	14
PSM812_2_64400	Carbamidomethyl	C	36
PSM812_2_64404	Carbamidomethyl	C	1
PSM812_2_64404	Carbamidomethyl	C	21
PSM812_2_64408	Carbamidomethyl	C	11
PSM812_2_64409	Carbamidomethyl	C	11
PSM812_2_64410	Carbamidomethyl	C	11
PSM812_2_64414	Carbamidomethyl	C	14
PSM812_2_64414	Carbamidomethyl	C	16
PSM812_2_64415	Carbamidomethyl	C	14
PSM812_2_64415	Carbamidomethyl	C	16
PSM812_2_64429	Carbamidomethyl	C	2
PSM812_2_64430	Carbamidomethyl	C	2
PSM812_2_64435	Carbamidomethyl	C	16
PSM812_2_64437	Carbamidomethyl	C	2
PSM812_2_64442	Carbamidomethyl	C	18
PSM812_2_64450	Carbamidomethyl	C	8
PSM812_2_64466	Oxidation	M	5
PSM812_2_64467	Gln->pyro-Glu	N-term	
PSM812_2_64468	Gln->pyro-Glu	N-term	
PSM812_2_64468	Carbamidomethyl	C	20
PSM812_2_64469	Gln->pyro-Glu	N-term	
PSM812_2_64470	Acetyl	N-term	
PSM812_2_64471	Carbamidomethyl	C	15
PSM812_2_64472	Gln->pyro-Glu	N-term	
PSM812_2_64473	Gln->pyro-Glu	N-term	
PSM812_2_64476	Gln->pyro-Glu	N-term	
PSM812_2_64477	Ammonia-loss	N-term	
PSM812_2_64477	Carbamidomethyl	C	1
PSM812_2_64477	Carbamidomethyl	C	17
PSM812_2_64478	Ammonia-loss	N-term	
PSM812_2_64478	Carbamidomethyl	C	1
PSM812_2_64479	Ammonia-loss	N-term	
PSM812_2_64479	Carbamidomethyl	C	1
PSM812_2_64479	Carbamidomethyl	C	16
PSM812_2_64482	Gln->pyro-Glu	N-term	
PSM812_2_64482	Carbamidomethyl	C	12
PSM812_2_64483	Carbamidomethyl	C	5
PSM812_2_64483	Carbamidomethyl	C	9
PSM812_2_64484	Ammonia-loss	N-term	
PSM812_2_64484	Carbamidomethyl	C	1
PSM812_2_64485	Carbamidomethyl	C	13
PSM812_2_64486	Gln->pyro-Glu	N-term	
PSM812_2_64486	Carbamidomethyl	C	8
PSM812_2_64489	Acetyl	N-term	
PSM812_2_64489	Carbamidomethyl	C	13
PSM812_2_64490	Acetyl	N-term	
PSM812_2_64490	Carbamidomethyl	C	13
PSM812_2_64491	Ammonia-loss	N-term	
PSM812_2_64491	Carbamidomethyl	C	1
PSM812_2_64492	Gln->pyro-Glu	N-term	
PSM812_2_64495	Carbamidomethyl	C	1
PSM812_2_64496	Acetyl	N-term	
PSM812_2_64497	Acetyl	N-term	
PSM812_2_64498	Carbamidomethyl	C	23
PSM812_2_645	Carbamidomethyl	C	13
PSM812_2_645	Carbamidomethyl	C	27
PSM812_2_64500	Carbamidomethyl	C	14
PSM812_2_64501	Carbamidomethyl	C	19
PSM812_2_64502	Carbamidomethyl	C	19
PSM812_2_64505	Carbamidomethyl	C	12
PSM812_2_64506	Carbamidomethyl	C	12
PSM812_2_64511	Carbamidomethyl	C	8
PSM812_2_64511	Carbamidomethyl	C	9
PSM812_2_64515	Carbamidomethyl	C	5
PSM812_2_64515	Carbamidomethyl	C	58
PSM812_2_64516	Carbamidomethyl	C	5
PSM812_2_64516	Carbamidomethyl	C	58
PSM812_2_64518	Carbamidomethyl	C	25
PSM812_2_64521	Carbamidomethyl	C	3
PSM812_2_64536	Carbamidomethyl	C	22
PSM812_2_64537	Carbamidomethyl	C	22
PSM812_2_64538	Carbamidomethyl	C	21
PSM812_2_64539	Carbamidomethyl	C	21
PSM812_2_64544	Gln->pyro-Glu	N-term	
PSM812_2_64545	Gln->pyro-Glu	N-term	
PSM812_2_64546	Ammonia-loss	N-term	
PSM812_2_64546	Carbamidomethyl	C	1
PSM812_2_64547	Ammonia-loss	N-term	
PSM812_2_64547	Carbamidomethyl	C	1
PSM812_2_64548	Ammonia-loss	N-term	
PSM812_2_64548	Carbamidomethyl	C	1
PSM812_2_64549	Ammonia-loss	N-term	
PSM812_2_64549	Carbamidomethyl	C	1
PSM812_2_64550	Gln->pyro-Glu	N-term	
PSM812_2_64551	Gln->pyro-Glu	N-term	
PSM812_2_64552	Gln->pyro-Glu	N-term	
PSM812_2_64555	Acetyl	N-term	
PSM812_2_64555	Carbamidomethyl	C	16
PSM812_2_64556	Ammonia-loss	N-term	
PSM812_2_64556	Carbamidomethyl	C	1
PSM812_2_64557	Gln->pyro-Glu	N-term	
PSM812_2_64557	Carbamidomethyl	C	5
PSM812_2_64566	Carbamidomethyl	C	1
PSM812_2_64578	Carbamidomethyl	C	5
PSM812_2_64586	Carbamidomethyl	C	4
PSM812_2_64591	Carbamidomethyl	C	5
PSM812_2_646	Carbamidomethyl	C	13
PSM812_2_646	Carbamidomethyl	C	27
PSM812_2_64605	Carbamidomethyl	C	6
PSM812_2_64608	Carbamidomethyl	C	1
PSM812_2_64610	Carbamidomethyl	C	3
PSM812_2_64611	Carbamidomethyl	C	4
PSM812_2_64626	Carbamidomethyl	C	9
PSM812_2_64629	Carbamidomethyl	C	8
PSM812_2_64635	Carbamidomethyl	C	1
PSM812_2_64635	Carbamidomethyl	C	4
PSM812_2_64635	Carbamidomethyl	C	8
PSM812_2_64636	Carbamidomethyl	C	6
PSM812_2_64645	Carbamidomethyl	C	8
PSM812_2_64655	Carbamidomethyl	C	7
PSM812_2_64672	Carbamidomethyl	C	3
PSM812_2_64673	Carbamidomethyl	C	3
PSM812_2_64674	Carbamidomethyl	C	2
PSM812_2_64683	Carbamidomethyl	C	4
PSM812_2_64698	Carbamidomethyl	C	3
PSM812_2_64698	Carbamidomethyl	C	5
PSM812_2_64698	Carbamidomethyl	C	8
PSM812_2_64699	Carbamidomethyl	C	5
PSM812_2_647	Carbamidomethyl	C	13
PSM812_2_647	Carbamidomethyl	C	27
PSM812_2_6470	Carbamidomethyl	C	21
PSM812_2_64706	Carbamidomethyl	C	8
PSM812_2_6471	Carbamidomethyl	C	21
PSM812_2_64712	Carbamidomethyl	C	6
PSM812_2_64713	Carbamidomethyl	C	4
PSM812_2_64715	Carbamidomethyl	C	1
PSM812_2_64715	Carbamidomethyl	C	2
PSM812_2_6472	Carbamidomethyl	C	21
PSM812_2_64727	Carbamidomethyl	C	8
PSM812_2_64728	Carbamidomethyl	C	8
PSM812_2_6473	Carbamidomethyl	C	21
PSM812_2_6474	Carbamidomethyl	C	21
PSM812_2_6475	Carbamidomethyl	C	21
PSM812_2_6476	Carbamidomethyl	C	21
PSM812_2_6477	Carbamidomethyl	C	21
PSM812_2_64775	Carbamidomethyl	C	5
PSM812_2_64776	Oxidation	M	1
PSM812_2_6478	Carbamidomethyl	C	21
PSM812_2_64786	Carbamidomethyl	C	7
PSM812_2_6479	Carbamidomethyl	C	21
PSM812_2_64796	Carbamidomethyl	C	4
PSM812_2_648	Carbamidomethyl	C	13
PSM812_2_648	Carbamidomethyl	C	27
PSM812_2_6480	Carbamidomethyl	C	21
PSM812_2_64804	Carbamidomethyl	C	6
PSM812_2_64805	Carbamidomethyl	C	9
PSM812_2_6481	Carbamidomethyl	C	21
PSM812_2_64810	Carbamidomethyl	C	10
PSM812_2_64814	Carbamidomethyl	C	7
PSM812_2_6482	Carbamidomethyl	C	21
PSM812_2_64821	Carbamidomethyl	C	2
PSM812_2_64824	Carbamidomethyl	C	8
PSM812_2_6483	Carbamidomethyl	C	21
PSM812_2_6484	Carbamidomethyl	C	21
PSM812_2_64843	Carbamidomethyl	C	6
PSM812_2_64846	Carbamidomethyl	C	2
PSM812_2_64852	Carbamidomethyl	C	2
PSM812_2_64854	Carbamidomethyl	C	3
PSM812_2_64854	Carbamidomethyl	C	6
PSM812_2_64873	Carbamidomethyl	C	5
PSM812_2_64877	Carbamidomethyl	C	9
PSM812_2_64888	Carbamidomethyl	C	6
PSM812_2_64899	Carbamidomethyl	C	2
PSM812_2_649	Carbamidomethyl	C	13
PSM812_2_649	Carbamidomethyl	C	27
PSM812_2_64900	Carbamidomethyl	C	6
PSM812_2_6491	Carbamidomethyl	C	19
PSM812_2_64914	Carbamidomethyl	C	4
PSM812_2_64914	Carbamidomethyl	C	7
PSM812_2_6492	Carbamidomethyl	C	19
PSM812_2_64920	Carbamidomethyl	C	2
PSM812_2_64922	Carbamidomethyl	C	2
PSM812_2_64922	Carbamidomethyl	C	6
PSM812_2_64926	Carbamidomethyl	C	6
PSM812_2_6493	Carbamidomethyl	C	19
PSM812_2_64931	Carbamidomethyl	C	6
PSM812_2_64939	Carbamidomethyl	C	7
PSM812_2_6494	Carbamidomethyl	C	19
PSM812_2_64942	Carbamidomethyl	C	6
PSM812_2_64945	Carbamidomethyl	C	5
PSM812_2_64946	Carbamidomethyl	C	4
PSM812_2_6495	Carbamidomethyl	C	19
PSM812_2_64950	Carbamidomethyl	C	3
PSM812_2_64952	Carbamidomethyl	C	5
PSM812_2_6496	Carbamidomethyl	C	19
PSM812_2_6497	Carbamidomethyl	C	19
PSM812_2_64970	Carbamidomethyl	C	8
PSM812_2_64971	Carbamidomethyl	C	8
PSM812_2_64982	Carbamidomethyl	C	2
PSM812_2_64987	Carbamidomethyl	C	2
PSM812_2_64988	Carbamidomethyl	C	2
PSM812_2_64988	Carbamidomethyl	C	7
PSM812_2_64994	Carbamidomethyl	C	3
PSM812_2_64994	Carbamidomethyl	C	5
PSM812_2_650	Carbamidomethyl	C	13
PSM812_2_650	Carbamidomethyl	C	27
PSM812_2_65005	Carbamidomethyl	C	13
PSM812_2_65010	Carbamidomethyl	C	2
PSM812_2_65012	Carbamidomethyl	C	7
PSM812_2_65013	Carbamidomethyl	C	3
PSM812_2_65015	Carbamidomethyl	C	4
PSM812_2_65015	Carbamidomethyl	C	7
PSM812_2_65019	Carbamidomethyl	C	6
PSM812_2_65022	Carbamidomethyl	C	8
PSM812_2_65024	Carbamidomethyl	C	6
PSM812_2_65028	Carbamidomethyl	C	2
PSM812_2_65028	Carbamidomethyl	C	5
PSM812_2_6505	Carbamidomethyl	C	13
PSM812_2_65052	Carbamidomethyl	C	3
PSM812_2_6506	Carbamidomethyl	C	13
PSM812_2_65066	Carbamidomethyl	C	7
PSM812_2_6507	Carbamidomethyl	C	13
PSM812_2_65071	Carbamidomethyl	C	3
PSM812_2_65072	Carbamidomethyl	C	6
PSM812_2_65078	Carbamidomethyl	C	5
PSM812_2_6508	Carbamidomethyl	C	13
PSM812_2_65089	Carbamidomethyl	C	9
PSM812_2_65089	Carbamidomethyl	C	13
PSM812_2_65090	Carbamidomethyl	C	2
PSM812_2_65094	Carbamidomethyl	C	5
PSM812_2_651	Carbamidomethyl	C	13
PSM812_2_651	Carbamidomethyl	C	27
PSM812_2_65100	Carbamidomethyl	C	9
PSM812_2_65103	Carbamidomethyl	C	7
PSM812_2_65106	Carbamidomethyl	C	9
PSM812_2_65107	Carbamidomethyl	C	2
PSM812_2_65115	Carbamidomethyl	C	16
PSM812_2_65118	Carbamidomethyl	C	7
PSM812_2_65122	Carbamidomethyl	C	6
PSM812_2_65128	Carbamidomethyl	C	4
PSM812_2_65128	Oxidation	M	7
PSM812_2_65144	Carbamidomethyl	C	3
PSM812_2_65145	Carbamidomethyl	C	2
PSM812_2_65153	Carbamidomethyl	C	10
PSM812_2_65154	Carbamidomethyl	C	4
PSM812_2_65164	Carbamidomethyl	C	5
PSM812_2_65169	Carbamidomethyl	C	7
PSM812_2_65177	Carbamidomethyl	C	9
PSM812_2_65181	Carbamidomethyl	C	10
PSM812_2_65184	Carbamidomethyl	C	12
PSM812_2_65188	Carbamidomethyl	C	11
PSM812_2_65191	Carbamidomethyl	C	14
PSM812_2_65197	Carbamidomethyl	C	6
PSM812_2_65198	Carbamidomethyl	C	6
PSM812_2_652	Carbamidomethyl	C	13
PSM812_2_652	Carbamidomethyl	C	27
PSM812_2_65200	Carbamidomethyl	C	3
PSM812_2_65214	Carbamidomethyl	C	4
PSM812_2_65225	Carbamidomethyl	C	9
PSM812_2_65231	Oxidation	M	1
PSM812_2_65238	Ammonia-loss	N-term	
PSM812_2_65238	Carbamidomethyl	C	1
PSM812_2_65241	Gln->pyro-Glu	N-term	
PSM812_2_65242	Carbamidomethyl	C	7
PSM812_2_65244	Carbamidomethyl	C	2
PSM812_2_65246	Acetyl	N-term	
PSM812_2_65247	Glu->pyro-Glu	N-term	
PSM812_2_65248	Acetyl	N-term	
PSM812_2_65251	Acetyl	N-term	
PSM812_2_65252	Gln->pyro-Glu	N-term	
PSM812_2_65253	Gln->pyro-Glu	N-term	
PSM812_2_65254	Carbamidomethyl	C	6
PSM812_2_65262	Acetyl	N-term	
PSM812_2_65265	Carbamidomethyl	C	5
PSM812_2_65267	Gln->pyro-Glu	N-term	
PSM812_2_65269	Acetyl	N-term	
PSM812_2_65270	Carbamidomethyl	C	10
PSM812_2_65271	Oxidation	M	3
PSM812_2_65274	Carbamidomethyl	C	7
PSM812_2_65276	Carbamidomethyl	C	3
PSM812_2_65280	Carbamidomethyl	C	7
PSM812_2_65281	Carbamidomethyl	C	7
PSM812_2_65285	Carbamidomethyl	C	10
PSM812_2_65297	Carbamidomethyl	C	4
PSM812_2_65298	Carbamidomethyl	C	4
PSM812_2_653	Carbamidomethyl	C	13
PSM812_2_653	Carbamidomethyl	C	27
PSM812_2_65300	Carbamidomethyl	C	5
PSM812_2_65309	Carbamidomethyl	C	5
PSM812_2_65311	Carbamidomethyl	C	7
PSM812_2_65313	Carbamidomethyl	C	7
PSM812_2_65314	Carbamidomethyl	C	7
PSM812_2_65318	Carbamidomethyl	C	6
PSM812_2_65324	Carbamidomethyl	C	3
PSM812_2_65339	Carbamidomethyl	C	2
PSM812_2_65350	Carbamidomethyl	C	6
PSM812_2_65356	Carbamidomethyl	C	8
PSM812_2_65362	Carbamidomethyl	C	1
PSM812_2_65366	Carbamidomethyl	C	8
PSM812_2_65377	Carbamidomethyl	C	8
PSM812_2_65387	Carbamidomethyl	C	2
PSM812_2_65392	Carbamidomethyl	C	10
PSM812_2_65392	Carbamidomethyl	C	15
PSM812_2_65396	Carbamidomethyl	C	7
PSM812_2_65397	Carbamidomethyl	C	7
PSM812_2_654	Carbamidomethyl	C	13
PSM812_2_654	Carbamidomethyl	C	27
PSM812_2_65404	Carbamidomethyl	C	9
PSM812_2_65411	Carbamidomethyl	C	16
PSM812_2_65414	Carbamidomethyl	C	9
PSM812_2_65434	Carbamidomethyl	C	5
PSM812_2_65435	Carbamidomethyl	C	1
PSM812_2_65445	Carbamidomethyl	C	4
PSM812_2_65455	Carbamidomethyl	C	7
PSM812_2_65456	Carbamidomethyl	C	7
PSM812_2_6546	Carbamidomethyl	C	5
PSM812_2_65463	Carbamidomethyl	C	2
PSM812_2_65464	Carbamidomethyl	C	8
PSM812_2_6547	Carbamidomethyl	C	16
PSM812_2_65471	Carbamidomethyl	C	7
PSM812_2_65472	Carbamidomethyl	C	7
PSM812_2_6548	Carbamidomethyl	C	16
PSM812_2_65484	Carbamidomethyl	C	2
PSM812_2_65489	Carbamidomethyl	C	7
PSM812_2_6549	Carbamidomethyl	C	10
PSM812_2_6549	Carbamidomethyl	C	19
PSM812_2_655	Carbamidomethyl	C	13
PSM812_2_655	Carbamidomethyl	C	27
PSM812_2_6550	Carbamidomethyl	C	10
PSM812_2_6550	Carbamidomethyl	C	19
PSM812_2_65501	Carbamidomethyl	C	8
PSM812_2_6551	Carbamidomethyl	C	10
PSM812_2_6551	Carbamidomethyl	C	19
PSM812_2_6552	Carbamidomethyl	C	10
PSM812_2_6552	Carbamidomethyl	C	19
PSM812_2_65524	Carbamidomethyl	C	10
PSM812_2_65528	Carbamidomethyl	C	8
PSM812_2_6553	Carbamidomethyl	C	10
PSM812_2_6553	Carbamidomethyl	C	19
PSM812_2_65538	Carbamidomethyl	C	1
PSM812_2_65543	Carbamidomethyl	C	3
PSM812_2_65544	Carbamidomethyl	C	3
PSM812_2_65552	Carbamidomethyl	C	5
PSM812_2_65555	Carbamidomethyl	C	10
PSM812_2_6558	Carbamidomethyl	C	5
PSM812_2_6559	Carbamidomethyl	C	5
PSM812_2_656	Carbamidomethyl	C	13
PSM812_2_656	Carbamidomethyl	C	27
PSM812_2_6560	Carbamidomethyl	C	5
PSM812_2_65600	Carbamidomethyl	C	4
PSM812_2_65606	Carbamidomethyl	C	6
PSM812_2_6561	Carbamidomethyl	C	5
PSM812_2_65610	Carbamidomethyl	C	6
PSM812_2_65615	Carbamidomethyl	C	1
PSM812_2_65615	Carbamidomethyl	C	6
PSM812_2_65616	Carbamidomethyl	C	3
PSM812_2_65619	Carbamidomethyl	C	9
PSM812_2_6562	Carbamidomethyl	C	5
PSM812_2_65621	Carbamidomethyl	C	2
PSM812_2_65626	Carbamidomethyl	C	3
PSM812_2_65627	Carbamidomethyl	C	8
PSM812_2_65628	Carbamidomethyl	C	1
PSM812_2_6563	Carbamidomethyl	C	5
PSM812_2_65630	Carbamidomethyl	C	6
PSM812_2_65631	Carbamidomethyl	C	4
PSM812_2_65636	Carbamidomethyl	C	7
PSM812_2_65637	Carbamidomethyl	C	7
PSM812_2_6564	Carbamidomethyl	C	5
PSM812_2_65645	Carbamidomethyl	C	2
PSM812_2_6565	Carbamidomethyl	C	5
PSM812_2_65661	Carbamidomethyl	C	6
PSM812_2_65675	Carbamidomethyl	C	3
PSM812_2_65676	Carbamidomethyl	C	1
PSM812_2_65697	Carbamidomethyl	C	14
PSM812_2_65699	Carbamidomethyl	C	2
PSM812_2_657	Carbamidomethyl	C	13
PSM812_2_657	Carbamidomethyl	C	27
PSM812_2_65705	Carbamidomethyl	C	1
PSM812_2_65706	Carbamidomethyl	C	1
PSM812_2_65724	Carbamidomethyl	C	4
PSM812_2_65725	Carbamidomethyl	C	4
PSM812_2_65726	Carbamidomethyl	C	4
PSM812_2_65732	Carbamidomethyl	C	2
PSM812_2_65732	Carbamidomethyl	C	7
PSM812_2_65740	Carbamidomethyl	C	5
PSM812_2_65741	Carbamidomethyl	C	5
PSM812_2_65743	Carbamidomethyl	C	8
PSM812_2_65744	Carbamidomethyl	C	8
PSM812_2_65745	Carbamidomethyl	C	8
PSM812_2_65747	Oxidation	M	7
PSM812_2_65754	Carbamidomethyl	C	4
PSM812_2_65756	Carbamidomethyl	C	10
PSM812_2_65766	Carbamidomethyl	C	6
PSM812_2_65778	Carbamidomethyl	C	8
PSM812_2_65778	Carbamidomethyl	C	11
PSM812_2_6579	Carbamidomethyl	C	4
PSM812_2_658	Carbamidomethyl	C	13
PSM812_2_658	Carbamidomethyl	C	27
PSM812_2_6580	Carbamidomethyl	C	4
PSM812_2_65805	Carbamidomethyl	C	5
PSM812_2_65806	Carbamidomethyl	C	4
PSM812_2_65808	Carbamidomethyl	C	2
PSM812_2_6581	Carbamidomethyl	C	4
PSM812_2_65812	Carbamidomethyl	C	5
PSM812_2_65813	Carbamidomethyl	C	5
PSM812_2_65814	Carbamidomethyl	C	2
PSM812_2_65816	Carbamidomethyl	C	1
PSM812_2_65819	Carbamidomethyl	C	7
PSM812_2_6582	Carbamidomethyl	C	4
PSM812_2_65822	Carbamidomethyl	C	5
PSM812_2_65822	Carbamidomethyl	C	8
PSM812_2_65828	Oxidation	M	1
PSM812_2_65831	Carbamidomethyl	C	2
PSM812_2_65832	Carbamidomethyl	C	2
PSM812_2_6585	Carbamidomethyl	C	2
PSM812_2_6585	Carbamidomethyl	C	9
PSM812_2_65850	Carbamidomethyl	C	2
PSM812_2_65855	Carbamidomethyl	C	2
PSM812_2_6586	Carbamidomethyl	C	2
PSM812_2_6586	Carbamidomethyl	C	9
PSM812_2_6587	Carbamidomethyl	C	2
PSM812_2_6587	Carbamidomethyl	C	9
PSM812_2_65871	Carbamidomethyl	C	1
PSM812_2_65871	Carbamidomethyl	C	4
PSM812_2_65871	Carbamidomethyl	C	11
PSM812_2_65872	Carbamidomethyl	C	5
PSM812_2_65872	Carbamidomethyl	C	11
PSM812_2_65880	Carbamidomethyl	C	7
PSM812_2_65887	Carbamidomethyl	C	16
PSM812_2_659	Carbamidomethyl	C	13
PSM812_2_659	Carbamidomethyl	C	27
PSM812_2_65920	Carbamidomethyl	C	8
PSM812_2_65931	Carbamidomethyl	C	2
PSM812_2_65938	Carbamidomethyl	C	6
PSM812_2_65947	Carbamidomethyl	C	7
PSM812_2_65955	Carbamidomethyl	C	4
PSM812_2_65959	Carbamidomethyl	C	8
PSM812_2_65961	Carbamidomethyl	C	5
PSM812_2_65962	Carbamidomethyl	C	5
PSM812_2_65967	Carbamidomethyl	C	3
PSM812_2_65968	Carbamidomethyl	C	7
PSM812_2_65973	Carbamidomethyl	C	12
PSM812_2_660	Carbamidomethyl	C	13
PSM812_2_660	Carbamidomethyl	C	27
PSM812_2_66007	Carbamidomethyl	C	8
PSM812_2_66008	Carbamidomethyl	C	8
PSM812_2_66017	Carbamidomethyl	C	6
PSM812_2_66018	Carbamidomethyl	C	6
PSM812_2_66026	Carbamidomethyl	C	6
PSM812_2_66027	Carbamidomethyl	C	7
PSM812_2_66028	Carbamidomethyl	C	10
PSM812_2_66040	Carbamidomethyl	C	11
PSM812_2_66046	Carbamidomethyl	C	1
PSM812_2_66046	Carbamidomethyl	C	5
PSM812_2_66047	Carbamidomethyl	C	10
PSM812_2_66048	Carbamidomethyl	C	8
PSM812_2_66064	Carbamidomethyl	C	1
PSM812_2_66076	Carbamidomethyl	C	5
PSM812_2_66080	Carbamidomethyl	C	8
PSM812_2_66084	Carbamidomethyl	C	2
PSM812_2_66085	Carbamidomethyl	C	6
PSM812_2_66086	Carbamidomethyl	C	2
PSM812_2_66086	Oxidation	M	9
PSM812_2_661	Carbamidomethyl	C	13
PSM812_2_661	Carbamidomethyl	C	27
PSM812_2_66100	Carbamidomethyl	C	7
PSM812_2_66101	Carbamidomethyl	C	3
PSM812_2_66124	Carbamidomethyl	C	1
PSM812_2_66124	Carbamidomethyl	C	6
PSM812_2_66124	Carbamidomethyl	C	9
PSM812_2_66127	Carbamidomethyl	C	5
PSM812_2_66136	Carbamidomethyl	C	9
PSM812_2_66148	Carbamidomethyl	C	2
PSM812_2_66168	Carbamidomethyl	C	8
PSM812_2_66169	Carbamidomethyl	C	13
PSM812_2_66172	Carbamidomethyl	C	2
PSM812_2_66172	Carbamidomethyl	C	12
PSM812_2_66176	Carbamidomethyl	C	10
PSM812_2_66177	Carbamidomethyl	C	12
PSM812_2_66177	Carbamidomethyl	C	13
PSM812_2_66184	Carbamidomethyl	C	3
PSM812_2_66184	Carbamidomethyl	C	11
PSM812_2_66190	Carbamidomethyl	C	11
PSM812_2_66192	Carbamidomethyl	C	2
PSM812_2_66197	Carbamidomethyl	C	5
PSM812_2_662	Carbamidomethyl	C	13
PSM812_2_662	Carbamidomethyl	C	27
PSM812_2_66207	Carbamidomethyl	C	2
PSM812_2_66208	Carbamidomethyl	C	5
PSM812_2_66209	Carbamidomethyl	C	5
PSM812_2_66211	Carbamidomethyl	C	6
PSM812_2_66211	Oxidation	M	12
PSM812_2_66219	Carbamidomethyl	C	5
PSM812_2_66225	Carbamidomethyl	C	7
PSM812_2_66229	Carbamidomethyl	C	8
PSM812_2_66232	Carbamidomethyl	C	8
PSM812_2_66242	Carbamidomethyl	C	5
PSM812_2_66242	Carbamidomethyl	C	8
PSM812_2_66244	Carbamidomethyl	C	9
PSM812_2_66246	Oxidation	M	2
PSM812_2_66260	Carbamidomethyl	C	3
PSM812_2_66261	Carbamidomethyl	C	9
PSM812_2_6627	Carbamidomethyl	C	16
PSM812_2_66276	Oxidation	M	7
PSM812_2_66280	Oxidation	M	3
PSM812_2_66283	Carbamidomethyl	C	14
PSM812_2_66284	Carbamidomethyl	C	2
PSM812_2_66287	Carbamidomethyl	C	2
PSM812_2_66291	Carbamidomethyl	C	5
PSM812_2_66294	Carbamidomethyl	C	7
PSM812_2_663	Carbamidomethyl	C	13
PSM812_2_663	Carbamidomethyl	C	27
PSM812_2_66307	Carbamidomethyl	C	17
PSM812_2_6631	Carbamidomethyl	C	10
PSM812_2_6632	Carbamidomethyl	C	10
PSM812_2_66323	Carbamidomethyl	C	2
PSM812_2_66336	Carbamidomethyl	C	4
PSM812_2_66339	Carbamidomethyl	C	7
PSM812_2_66346	Carbamidomethyl	C	2
PSM812_2_66356	Carbamidomethyl	C	8
PSM812_2_66357	Oxidation	M	6
PSM812_2_66359	Carbamidomethyl	C	8
PSM812_2_66359	Carbamidomethyl	C	11
PSM812_2_66360	Carbamidomethyl	C	8
PSM812_2_66360	Carbamidomethyl	C	11
PSM812_2_66365	Carbamidomethyl	C	7
PSM812_2_66366	Carbamidomethyl	C	2
PSM812_2_66368	Carbamidomethyl	C	10
PSM812_2_66370	Carbamidomethyl	C	4
PSM812_2_66375	Carbamidomethyl	C	10
PSM812_2_66375	Carbamidomethyl	C	11
PSM812_2_66376	Ammonia-loss	N-term	
PSM812_2_66376	Carbamidomethyl	C	1
PSM812_2_66377	Gln->pyro-Glu	N-term	
PSM812_2_66378	Carbamidomethyl	C	5
PSM812_2_66379	Ammonia-loss	N-term	
PSM812_2_66379	Carbamidomethyl	C	1
PSM812_2_66381	Gln->pyro-Glu	N-term	
PSM812_2_66384	Acetyl	N-term	
PSM812_2_66385	Gln->pyro-Glu	N-term	
PSM812_2_66385	Carbamidomethyl	C	5
PSM812_2_66386	Gln->pyro-Glu	N-term	
PSM812_2_66389	Carbamidomethyl	C	8
PSM812_2_66391	Gln->pyro-Glu	N-term	
PSM812_2_66392	Gln->pyro-Glu	N-term	
PSM812_2_66397	Carbamidomethyl	C	8
PSM812_2_66398	Carbamidomethyl	C	8
PSM812_2_66401	Ammonia-loss	N-term	
PSM812_2_66401	Carbamidomethyl	C	1
PSM812_2_66401	Carbamidomethyl	C	4
PSM812_2_66401	Carbamidomethyl	C	13
PSM812_2_66402	Acetyl	N-term	
PSM812_2_66403	Gln->pyro-Glu	N-term	
PSM812_2_66405	Gln->pyro-Glu	N-term	
PSM812_2_66407	Gln->pyro-Glu	N-term	
PSM812_2_66409	Carbamidomethyl	C	1
PSM812_2_66410	Carbamidomethyl	C	1
PSM812_2_66411	Ammonia-loss	N-term	
PSM812_2_66411	Carbamidomethyl	C	1
PSM812_2_66412	Gln->pyro-Glu	N-term	
PSM812_2_66412	Carbamidomethyl	C	4
PSM812_2_66416	Gln->pyro-Glu	N-term	
PSM812_2_66417	Carbamidomethyl	C	2
PSM812_2_66422	Gln->pyro-Glu	N-term	
PSM812_2_66423	Gln->pyro-Glu	N-term	
PSM812_2_66425	Gln->pyro-Glu	N-term	
PSM812_2_66427	Gln->pyro-Glu	N-term	
PSM812_2_66429	Carbamidomethyl	C	5
PSM812_2_6643	Carbamidomethyl	C	7
PSM812_2_66431	Carbamidomethyl	C	8
PSM812_2_66432	Gln->pyro-Glu	N-term	
PSM812_2_66433	Gln->pyro-Glu	N-term	
PSM812_2_66434	Ammonia-loss	N-term	
PSM812_2_66434	Carbamidomethyl	C	1
PSM812_2_66436	Carbamidomethyl	C	8
PSM812_2_66437	Carbamidomethyl	C	7
PSM812_2_66437	Carbamidomethyl	C	19
PSM812_2_66438	Acetyl	N-term	
PSM812_2_6644	Carbamidomethyl	C	7
PSM812_2_66441	Ammonia-loss	N-term	
PSM812_2_66441	Carbamidomethyl	C	1
PSM812_2_66446	Gln->pyro-Glu	N-term	
PSM812_2_6645	Carbamidomethyl	C	7
PSM812_2_66454	Acetyl	N-term	
PSM812_2_66457	Acetyl	N-term	
PSM812_2_66459	Ammonia-loss	N-term	
PSM812_2_66459	Carbamidomethyl	C	1
PSM812_2_6646	Carbamidomethyl	C	22
PSM812_2_66460	Acetyl	N-term	
PSM812_2_66460	Oxidation	M	2
PSM812_2_66461	Carbamidomethyl	C	11
PSM812_2_66467	Acetyl	N-term	
PSM812_2_6647	Carbamidomethyl	C	22
PSM812_2_66472	Ammonia-loss	N-term	
PSM812_2_66472	Carbamidomethyl	C	1
PSM812_2_66474	Oxidation	M	5
PSM812_2_6648	Carbamidomethyl	C	22
PSM812_2_66480	Acetyl	N-term	
PSM812_2_6649	Carbamidomethyl	C	22
PSM812_2_66497	Carbamidomethyl	C	11
PSM812_2_6650	Carbamidomethyl	C	22
PSM812_2_6651	Carbamidomethyl	C	22
PSM812_2_66514	Carbamidomethyl	C	2
PSM812_2_66518	Carbamidomethyl	C	2
PSM812_2_66519	Carbamidomethyl	C	5
PSM812_2_6652	Carbamidomethyl	C	16
PSM812_2_66528	Carbamidomethyl	C	1
PSM812_2_6653	Carbamidomethyl	C	16
PSM812_2_6654	Carbamidomethyl	C	16
PSM812_2_66540	Carbamidomethyl	C	7
PSM812_2_66548	Carbamidomethyl	C	11
PSM812_2_6655	Carbamidomethyl	C	1
PSM812_2_66556	Carbamidomethyl	C	6
PSM812_2_66559	Carbamidomethyl	C	2
PSM812_2_6656	Carbamidomethyl	C	1
PSM812_2_66561	Carbamidomethyl	C	4
PSM812_2_66562	Carbamidomethyl	C	4
PSM812_2_6657	Carbamidomethyl	C	1
PSM812_2_6658	Carbamidomethyl	C	1
PSM812_2_66589	Carbamidomethyl	C	2
PSM812_2_6659	Carbamidomethyl	C	1
PSM812_2_66599	Carbamidomethyl	C	6
PSM812_2_6660	Carbamidomethyl	C	1
PSM812_2_66600	Carbamidomethyl	C	9
PSM812_2_6661	Carbamidomethyl	C	1
PSM812_2_66630	Carbamidomethyl	C	6
PSM812_2_66635	Carbamidomethyl	C	7
PSM812_2_66636	Carbamidomethyl	C	7
PSM812_2_66638	Carbamidomethyl	C	3
PSM812_2_66640	Carbamidomethyl	C	4
PSM812_2_66640	Carbamidomethyl	C	7
PSM812_2_66644	Carbamidomethyl	C	4
PSM812_2_66645	Carbamidomethyl	C	9
PSM812_2_66647	Carbamidomethyl	C	12
PSM812_2_6666	Carbamidomethyl	C	14
PSM812_2_6667	Carbamidomethyl	C	14
PSM812_2_6668	Carbamidomethyl	C	14
PSM812_2_66688	Carbamidomethyl	C	5
PSM812_2_6669	Carbamidomethyl	C	13
PSM812_2_6670	Carbamidomethyl	C	13
PSM812_2_6671	Carbamidomethyl	C	13
PSM812_2_66714	Carbamidomethyl	C	2
PSM812_2_66715	Carbamidomethyl	C	15
PSM812_2_66717	Carbamidomethyl	C	2
PSM812_2_6672	Carbamidomethyl	C	13
PSM812_2_66734	Carbamidomethyl	C	8
PSM812_2_66737	Carbamidomethyl	C	8
PSM812_2_66745	Carbamidomethyl	C	4
PSM812_2_66748	Carbamidomethyl	C	15
PSM812_2_66762	Carbamidomethyl	C	3
PSM812_2_66762	Carbamidomethyl	C	4
PSM812_2_66763	Carbamidomethyl	C	3
PSM812_2_66763	Carbamidomethyl	C	4
PSM812_2_66766	Carbamidomethyl	C	8
PSM812_2_66771	Carbamidomethyl	C	8
PSM812_2_66773	Carbamidomethyl	C	9
PSM812_2_66780	Carbamidomethyl	C	9
PSM812_2_66787	Carbamidomethyl	C	4
PSM812_2_66795	Carbamidomethyl	C	2
PSM812_2_66810	Carbamidomethyl	C	4
PSM812_2_66810	Carbamidomethyl	C	15
PSM812_2_6682	Gln->pyro-Glu	N-term	
PSM812_2_6682	Carbamidomethyl	C	19
PSM812_2_66820	Carbamidomethyl	C	4
PSM812_2_66821	Carbamidomethyl	C	7
PSM812_2_66827	Carbamidomethyl	C	6
PSM812_2_6683	Gln->pyro-Glu	N-term	
PSM812_2_6683	Carbamidomethyl	C	19
PSM812_2_6684	Acetyl	N-term	
PSM812_2_66843	Carbamidomethyl	C	4
PSM812_2_6685	Acetyl	N-term	
PSM812_2_66851	Carbamidomethyl	C	28
PSM812_2_66851	Carbamidomethyl	C	30
PSM812_2_66855	Carbamidomethyl	C	5
PSM812_2_66861	Carbamidomethyl	C	12
PSM812_2_66862	Carbamidomethyl	C	15
PSM812_2_66875	Carbamidomethyl	C	9
PSM812_2_66875	Carbamidomethyl	C	10
PSM812_2_66880	Carbamidomethyl	C	1
PSM812_2_66885	Carbamidomethyl	C	19
PSM812_2_66887	Carbamidomethyl	C	2
PSM812_2_66897	Carbamidomethyl	C	2
PSM812_2_66897	Carbamidomethyl	C	18
PSM812_2_6691	Acetyl	N-term	
PSM812_2_66910	Carbamidomethyl	C	11
PSM812_2_66911	Oxidation	M	5
PSM812_2_66912	Oxidation	M	3
PSM812_2_66916	Carbamidomethyl	C	15
PSM812_2_6692	Acetyl	N-term	
PSM812_2_66924	Oxidation	M	2
PSM812_2_66928	Carbamidomethyl	C	9
PSM812_2_66929	Oxidation	M	10
PSM812_2_6693	Acetyl	N-term	
PSM812_2_6694	Acetyl	N-term	
PSM812_2_66942	Oxidation	M	6
PSM812_2_66944	Carbamidomethyl	C	6
PSM812_2_66949	Carbamidomethyl	C	3
PSM812_2_6695	Acetyl	N-term	
PSM812_2_66952	Carbamidomethyl	C	8
PSM812_2_66955	Carbamidomethyl	C	5
PSM812_2_66956	Carbamidomethyl	C	7
PSM812_2_66956	Carbamidomethyl	C	10
PSM812_2_66957	Carbamidomethyl	C	3
PSM812_2_6696	Acetyl	N-term	
PSM812_2_6697	Acetyl	N-term	
PSM812_2_66970	Carbamidomethyl	C	17
PSM812_2_66972	Carbamidomethyl	C	7
PSM812_2_66973	Carbamidomethyl	C	7
PSM812_2_6698	Acetyl	N-term	
PSM812_2_66982	Carbamidomethyl	C	10
PSM812_2_66984	Carbamidomethyl	C	3
PSM812_2_66989	Carbamidomethyl	C	2
PSM812_2_6699	Acetyl	N-term	
PSM812_2_66990	Carbamidomethyl	C	10
PSM812_2_66990	Carbamidomethyl	C	15
PSM812_2_6700	Acetyl	N-term	
PSM812_2_67002	Carbamidomethyl	C	1
PSM812_2_67009	Carbamidomethyl	C	6
PSM812_2_6701	Acetyl	N-term	
PSM812_2_67017	Carbamidomethyl	C	5
PSM812_2_67018	Carbamidomethyl	C	5
PSM812_2_6702	Ammonia-loss	N-term	
PSM812_2_6702	Carbamidomethyl	C	1
PSM812_2_6702	Carbamidomethyl	C	4
PSM812_2_6702	Carbamidomethyl	C	14
PSM812_2_67025	Carbamidomethyl	C	11
PSM812_2_67026	Carbamidomethyl	C	2
PSM812_2_6703	Ammonia-loss	N-term	
PSM812_2_6703	Carbamidomethyl	C	1
PSM812_2_6703	Carbamidomethyl	C	4
PSM812_2_6703	Carbamidomethyl	C	14
PSM812_2_67036	Carbamidomethyl	C	1
PSM812_2_6704	Ammonia-loss	N-term	
PSM812_2_6704	Carbamidomethyl	C	1
PSM812_2_6704	Carbamidomethyl	C	4
PSM812_2_6704	Carbamidomethyl	C	14
PSM812_2_6705	Ammonia-loss	N-term	
PSM812_2_6705	Carbamidomethyl	C	1
PSM812_2_6705	Carbamidomethyl	C	4
PSM812_2_6705	Carbamidomethyl	C	14
PSM812_2_6706	Acetyl	N-term	
PSM812_2_6706	Carbamidomethyl	C	2
PSM812_2_6706	Carbamidomethyl	C	16
PSM812_2_67062	Carbamidomethyl	C	2
PSM812_2_6707	Acetyl	N-term	
PSM812_2_6707	Carbamidomethyl	C	2
PSM812_2_6707	Carbamidomethyl	C	16
PSM812_2_67072	Carbamidomethyl	C	5
PSM812_2_67078	Carbamidomethyl	C	6
PSM812_2_67079	Carbamidomethyl	C	6
PSM812_2_6708	Acetyl	N-term	
PSM812_2_6708	Carbamidomethyl	C	2
PSM812_2_6708	Carbamidomethyl	C	16
PSM812_2_67086	Oxidation	M	4
PSM812_2_67088	Oxidation	M	16
PSM812_2_67089	Carbamidomethyl	C	5
PSM812_2_67091	Carbamidomethyl	C	7
PSM812_2_67092	Carbamidomethyl	C	6
PSM812_2_67095	Oxidation	M	9
PSM812_2_67099	Carbamidomethyl	C	5
PSM812_2_67108	Oxidation	M	11
PSM812_2_67110	Ammonia-loss	N-term	
PSM812_2_67110	Carbamidomethyl	C	1
PSM812_2_67115	Carbamidomethyl	C	9
PSM812_2_67116	Carbamidomethyl	C	14
PSM812_2_67117	Carbamidomethyl	C	14
PSM812_2_67119	Gln->pyro-Glu	N-term	
PSM812_2_67120	Oxidation	M	1
PSM812_2_67121	Carbamidomethyl	C	7
PSM812_2_67122	Gln->pyro-Glu	N-term	
PSM812_2_67122	Carbamidomethyl	C	9
PSM812_2_67123	Carbamidomethyl	C	14
PSM812_2_67125	Gln->pyro-Glu	N-term	
PSM812_2_67125	Carbamidomethyl	C	7
PSM812_2_67126	Gln->pyro-Glu	N-term	
PSM812_2_67128	Acetyl	N-term	
PSM812_2_67129	Gln->pyro-Glu	N-term	
PSM812_2_67130	Gln->pyro-Glu	N-term	
PSM812_2_67132	Gln->pyro-Glu	N-term	
PSM812_2_67134	Gln->pyro-Glu	N-term	
PSM812_2_67135	Gln->pyro-Glu	N-term	
PSM812_2_67137	Gln->pyro-Glu	N-term	
PSM812_2_67138	Gln->pyro-Glu	N-term	
PSM812_2_67139	Ammonia-loss	N-term	
PSM812_2_67139	Carbamidomethyl	C	1
PSM812_2_67141	Acetyl	N-term	
PSM812_2_67142	Acetyl	N-term	
PSM812_2_67145	Gln->pyro-Glu	N-term	
PSM812_2_67146	Gln->pyro-Glu	N-term	
PSM812_2_67147	Carbamidomethyl	C	5
PSM812_2_67148	Ammonia-loss	N-term	
PSM812_2_67148	Carbamidomethyl	C	1
PSM812_2_67149	Ammonia-loss	N-term	
PSM812_2_67149	Carbamidomethyl	C	1
PSM812_2_67150	Ammonia-loss	N-term	
PSM812_2_67150	Carbamidomethyl	C	1
PSM812_2_67151	Ammonia-loss	N-term	
PSM812_2_67151	Carbamidomethyl	C	1
PSM812_2_67154	Gln->pyro-Glu	N-term	
PSM812_2_67155	Ammonia-loss	N-term	
PSM812_2_67155	Carbamidomethyl	C	1
PSM812_2_67155	Carbamidomethyl	C	8
PSM812_2_67156	Carbamidomethyl	C	16
PSM812_2_67158	Ammonia-loss	N-term	
PSM812_2_67158	Carbamidomethyl	C	1
PSM812_2_67159	Carbamidomethyl	C	10
PSM812_2_67160	Ammonia-loss	N-term	
PSM812_2_67160	Carbamidomethyl	C	1
PSM812_2_67161	Ammonia-loss	N-term	
PSM812_2_67161	Carbamidomethyl	C	1
PSM812_2_67162	Gln->pyro-Glu	N-term	
PSM812_2_67163	Ammonia-loss	N-term	
PSM812_2_67163	Carbamidomethyl	C	1
PSM812_2_67164	Gln->pyro-Glu	N-term	
PSM812_2_67165	Gln->pyro-Glu	N-term	
PSM812_2_67166	Gln->pyro-Glu	N-term	
PSM812_2_67167	Acetyl	N-term	
PSM812_2_67168	Ammonia-loss	N-term	
PSM812_2_67168	Carbamidomethyl	C	1
PSM812_2_67170	Ammonia-loss	N-term	
PSM812_2_67170	Carbamidomethyl	C	1
PSM812_2_67171	Ammonia-loss	N-term	
PSM812_2_67171	Carbamidomethyl	C	1
PSM812_2_67173	Acetyl	N-term	
PSM812_2_67174	Acetyl	N-term	
PSM812_2_67174	Carbamidomethyl	C	2
PSM812_2_67175	Gln->pyro-Glu	N-term	
PSM812_2_67176	Gln->pyro-Glu	N-term	
PSM812_2_67177	Gln->pyro-Glu	N-term	
PSM812_2_67179	Acetyl	N-term	
PSM812_2_67180	Ammonia-loss	N-term	
PSM812_2_67180	Carbamidomethyl	C	1
PSM812_2_67181	Oxidation	M	2
PSM812_2_67181	Oxidation	M	10
PSM812_2_67182	Oxidation	M	2
PSM812_2_67182	Oxidation	M	10
PSM812_2_67183	Oxidation	M	2
PSM812_2_67183	Oxidation	M	10
PSM812_2_67187	Carbamidomethyl	C	16
PSM812_2_67189	Acetyl	N-term	
PSM812_2_67190	Carbamidomethyl	C	14
PSM812_2_67191	Gln->pyro-Glu	N-term	
PSM812_2_67192	Gln->pyro-Glu	N-term	
PSM812_2_67194	Ammonia-loss	N-term	
PSM812_2_67194	Carbamidomethyl	C	1
PSM812_2_67194	Carbamidomethyl	C	8
PSM812_2_67195	Ammonia-loss	N-term	
PSM812_2_67195	Carbamidomethyl	C	1
PSM812_2_67195	Carbamidomethyl	C	8
PSM812_2_67196	Gln->pyro-Glu	N-term	
PSM812_2_67197	Gln->pyro-Glu	N-term	
PSM812_2_67199	Carbamidomethyl	C	2
PSM812_2_67201	Carbamidomethyl	C	4
PSM812_2_67202	Oxidation	M	9
PSM812_2_67204	Acetyl	N-term	
PSM812_2_67207	Carbamidomethyl	C	12
PSM812_2_67208	Gln->pyro-Glu	N-term	
PSM812_2_67212	Acetyl	N-term	
PSM812_2_67214	Oxidation	M	9
PSM812_2_67216	Oxidation	M	6
PSM812_2_67216	Oxidation	M	15
PSM812_2_67217	Oxidation	M	1
PSM812_2_67219	Oxidation	M	14
PSM812_2_67222	Carbamidomethyl	C	9
PSM812_2_67229	Carbamidomethyl	C	7
PSM812_2_67239	Carbamidomethyl	C	2
PSM812_2_67240	Carbamidomethyl	C	2
PSM812_2_67241	Carbamidomethyl	C	2
PSM812_2_67244	Carbamidomethyl	C	6
PSM812_2_67249	Carbamidomethyl	C	1
PSM812_2_67250	Carbamidomethyl	C	1
PSM812_2_67253	Carbamidomethyl	C	20
PSM812_2_67257	Carbamidomethyl	C	10
PSM812_2_67259	Oxidation	M	4
PSM812_2_67259	Oxidation	M	11
PSM812_2_67259	Oxidation	M	19
PSM812_2_67260	Carbamidomethyl	C	4
PSM812_2_67262	Carbamidomethyl	C	1
PSM812_2_67263	Carbamidomethyl	C	18
PSM812_2_67270	Carbamidomethyl	C	3
PSM812_2_67271	Carbamidomethyl	C	3
PSM812_2_67274	Carbamidomethyl	C	13
PSM812_2_67274	Carbamidomethyl	C	18
PSM812_2_67275	Carbamidomethyl	C	14
PSM812_2_67281	Carbamidomethyl	C	10
PSM812_2_67284	Carbamidomethyl	C	7
PSM812_2_67289	Carbamidomethyl	C	21
PSM812_2_67292	Carbamidomethyl	C	5
PSM812_2_67293	Carbamidomethyl	C	2
PSM812_2_67294	Carbamidomethyl	C	27
PSM812_2_67295	Carbamidomethyl	C	14
PSM812_2_67297	Carbamidomethyl	C	20
PSM812_2_67298	Carbamidomethyl	C	13
PSM812_2_67299	Carbamidomethyl	C	13
PSM812_2_67300	Carbamidomethyl	C	13
PSM812_2_67301	Carbamidomethyl	C	13
PSM812_2_67304	Carbamidomethyl	C	2
PSM812_2_67305	Carbamidomethyl	C	2
PSM812_2_67314	Carbamidomethyl	C	5
PSM812_2_67316	Carbamidomethyl	C	16
PSM812_2_67317	Carbamidomethyl	C	16
PSM812_2_67318	Carbamidomethyl	C	3
PSM812_2_67319	Carbamidomethyl	C	38
PSM812_2_67323	Carbamidomethyl	C	2
PSM812_2_67324	Carbamidomethyl	C	2
PSM812_2_67325	Carbamidomethyl	C	2
PSM812_2_67336	Carbamidomethyl	C	6
PSM812_2_67337	Carbamidomethyl	C	19
PSM812_2_67338	Carbamidomethyl	C	19
PSM812_2_67342	Carbamidomethyl	C	2
PSM812_2_67342	Carbamidomethyl	C	17
PSM812_2_67343	Carbamidomethyl	C	2
PSM812_2_67343	Carbamidomethyl	C	17
PSM812_2_67350	Oxidation	M	19
PSM812_2_67351	Oxidation	M	19
PSM812_2_67352	Carbamidomethyl	C	17
PSM812_2_67353	Carbamidomethyl	C	17
PSM812_2_67354	Carbamidomethyl	C	17
PSM812_2_67355	Carbamidomethyl	C	17
PSM812_2_67356	Carbamidomethyl	C	1
PSM812_2_67356	Carbamidomethyl	C	6
PSM812_2_67357	Carbamidomethyl	C	2
PSM812_2_67357	Carbamidomethyl	C	6
PSM812_2_67357	Carbamidomethyl	C	10
PSM812_2_67380	Carbamidomethyl	C	20
PSM812_2_67381	Carbamidomethyl	C	20
PSM812_2_67385	Carbamidomethyl	C	7
PSM812_2_67387	Carbamidomethyl	C	9
PSM812_2_67388	Carbamidomethyl	C	9
PSM812_2_67389	Carbamidomethyl	C	7
PSM812_2_67390	Carbamidomethyl	C	7
PSM812_2_67391	Carbamidomethyl	C	7
PSM812_2_67394	Carbamidomethyl	C	7
PSM812_2_67400	Carbamidomethyl	C	11
PSM812_2_67412	Carbamidomethyl	C	3
PSM812_2_67413	Oxidation	M	7
PSM812_2_67415	Carbamidomethyl	C	4
PSM812_2_67415	Carbamidomethyl	C	11
PSM812_2_67415	Carbamidomethyl	C	21
PSM812_2_67416	Carbamidomethyl	C	14
PSM812_2_67417	Carbamidomethyl	C	9
PSM812_2_67418	Carbamidomethyl	C	9
PSM812_2_67419	Carbamidomethyl	C	9
PSM812_2_67420	Carbamidomethyl	C	6
PSM812_2_67421	Acetyl	N-term	
PSM812_2_67422	Gln->pyro-Glu	N-term	
PSM812_2_67423	Ammonia-loss	N-term	
PSM812_2_67423	Carbamidomethyl	C	1
PSM812_2_67424	Ammonia-loss	N-term	
PSM812_2_67424	Carbamidomethyl	C	1
PSM812_2_67425	Gln->pyro-Glu	N-term	
PSM812_2_67425	Carbamidomethyl	C	9
PSM812_2_67426	Ammonia-loss	N-term	
PSM812_2_67426	Carbamidomethyl	C	1
PSM812_2_67426	Carbamidomethyl	C	11
PSM812_2_67427	Ammonia-loss	N-term	
PSM812_2_67427	Carbamidomethyl	C	1
PSM812_2_67427	Carbamidomethyl	C	11
PSM812_2_67428	Glu->pyro-Glu	N-term	
PSM812_2_67428	Carbamidomethyl	C	5
PSM812_2_67428	Oxidation	M	6
PSM812_2_67428	Carbamidomethyl	C	14
PSM812_2_67430	Carbamidomethyl	C	29
PSM812_2_67431	Gln->pyro-Glu	N-term	
PSM812_2_67433	Acetyl	N-term	
PSM812_2_67434	Gln->pyro-Glu	N-term	
PSM812_2_67435	Ammonia-loss	N-term	
PSM812_2_67435	Carbamidomethyl	C	1
PSM812_2_67436	Ammonia-loss	N-term	
PSM812_2_67436	Carbamidomethyl	C	1
PSM812_2_67438	Ammonia-loss	N-term	
PSM812_2_67438	Carbamidomethyl	C	1
PSM812_2_67439	Ammonia-loss	N-term	
PSM812_2_67439	Carbamidomethyl	C	1
PSM812_2_6744	Carbamidomethyl	C	18
PSM812_2_67440	Ammonia-loss	N-term	
PSM812_2_67440	Carbamidomethyl	C	1
PSM812_2_67441	Ammonia-loss	N-term	
PSM812_2_67441	Carbamidomethyl	C	1
PSM812_2_67443	Carbamidomethyl	C	7
PSM812_2_67444	Oxidation	M	10
PSM812_2_67444	Carbamidomethyl	C	19
PSM812_2_67444	Carbamidomethyl	C	22
PSM812_2_67446	Carbamidomethyl	C	8
PSM812_2_67447	Carbamidomethyl	C	13
PSM812_2_67448	Carbamidomethyl	C	22
PSM812_2_67449	Carbamidomethyl	C	17
PSM812_2_6745	Carbamidomethyl	C	18
PSM812_2_67450	Carbamidomethyl	C	3
PSM812_2_67454	Carbamidomethyl	C	26
PSM812_2_67455	Carbamidomethyl	C	9
PSM812_2_67456	Carbamidomethyl	C	9
PSM812_2_67457	Carbamidomethyl	C	9
PSM812_2_6746	Carbamidomethyl	C	18
PSM812_2_67463	Carbamidomethyl	C	12
PSM812_2_67463	Carbamidomethyl	C	14
PSM812_2_67464	Carbamidomethyl	C	6
PSM812_2_67464	Carbamidomethyl	C	10
PSM812_2_67465	Carbamidomethyl	C	13
PSM812_2_67466	Carbamidomethyl	C	21
PSM812_2_6747	Carbamidomethyl	C	18
PSM812_2_67472	Carbamidomethyl	C	6
PSM812_2_67474	Carbamidomethyl	C	3
PSM812_2_67478	Gln->pyro-Glu	N-term	
PSM812_2_67479	Gln->pyro-Glu	N-term	
PSM812_2_6748	Carbamidomethyl	C	18
PSM812_2_67480	Gln->pyro-Glu	N-term	
PSM812_2_67480	Carbamidomethyl	C	6
PSM812_2_67480	Carbamidomethyl	C	13
PSM812_2_67481	Gln->pyro-Glu	N-term	
PSM812_2_67482	Ammonia-loss	N-term	
PSM812_2_67482	Carbamidomethyl	C	1
PSM812_2_67483	Ammonia-loss	N-term	
PSM812_2_67483	Carbamidomethyl	C	1
PSM812_2_67484	Ammonia-loss	N-term	
PSM812_2_67484	Carbamidomethyl	C	1
PSM812_2_67488	Carbamidomethyl	C	13
PSM812_2_67489	Carbamidomethyl	C	10
PSM812_2_6749	Carbamidomethyl	C	18
PSM812_2_6750	Carbamidomethyl	C	9
PSM812_2_6751	Carbamidomethyl	C	9
PSM812_2_6752	Carbamidomethyl	C	9
PSM812_2_6753	Carbamidomethyl	C	9
PSM812_2_6754	Carbamidomethyl	C	9
PSM812_2_6755	Carbamidomethyl	C	9
PSM812_2_687	Carbamidomethyl	C	37
PSM812_2_688	Carbamidomethyl	C	37
PSM812_2_6883	Carbamidomethyl	C	8
PSM812_2_6884	Carbamidomethyl	C	8
PSM812_2_6885	Carbamidomethyl	C	8
PSM812_2_6886	Carbamidomethyl	C	11
PSM812_2_6887	Carbamidomethyl	C	11
PSM812_2_6888	Carbamidomethyl	C	11
PSM812_2_6889	Carbamidomethyl	C	11
PSM812_2_689	Carbamidomethyl	C	37
PSM812_2_6890	Carbamidomethyl	C	11
PSM812_2_6891	Carbamidomethyl	C	11
PSM812_2_6892	Carbamidomethyl	C	11
PSM812_2_6893	Carbamidomethyl	C	11
PSM812_2_6894	Carbamidomethyl	C	11
PSM812_2_6895	Carbamidomethyl	C	11
PSM812_2_6896	Carbamidomethyl	C	11
PSM812_2_6897	Carbamidomethyl	C	11
PSM812_2_690	Carbamidomethyl	C	14
PSM812_2_6904	Carbamidomethyl	C	11
PSM812_2_6905	Carbamidomethyl	C	11
PSM812_2_6906	Carbamidomethyl	C	11
PSM812_2_6907	Carbamidomethyl	C	11
PSM812_2_6908	Carbamidomethyl	C	11
PSM812_2_691	Carbamidomethyl	C	14
PSM812_2_6912	Carbamidomethyl	C	14
PSM812_2_6913	Carbamidomethyl	C	14
PSM812_2_6914	Carbamidomethyl	C	14
PSM812_2_6915	Carbamidomethyl	C	14
PSM812_2_6916	Carbamidomethyl	C	14
PSM812_2_6917	Carbamidomethyl	C	14
PSM812_2_6918	Carbamidomethyl	C	14
PSM812_2_6919	Carbamidomethyl	C	14
PSM812_2_692	Carbamidomethyl	C	14
PSM812_2_6920	Carbamidomethyl	C	14
PSM812_2_6921	Carbamidomethyl	C	14
PSM812_2_6922	Carbamidomethyl	C	14
PSM812_2_6923	Carbamidomethyl	C	14
PSM812_2_6924	Carbamidomethyl	C	14
PSM812_2_6925	Carbamidomethyl	C	14
PSM812_2_6926	Carbamidomethyl	C	14
PSM812_2_6927	Carbamidomethyl	C	14
PSM812_2_6928	Carbamidomethyl	C	14
PSM812_2_6929	Carbamidomethyl	C	14
PSM812_2_693	Carbamidomethyl	C	14
PSM812_2_6930	Carbamidomethyl	C	14
PSM812_2_6931	Carbamidomethyl	C	14
PSM812_2_694	Carbamidomethyl	C	14
PSM812_2_695	Carbamidomethyl	C	14
PSM812_2_696	Carbamidomethyl	C	14
PSM812_2_6964	Carbamidomethyl	C	22
PSM812_2_6965	Carbamidomethyl	C	22
PSM812_2_6966	Carbamidomethyl	C	22
PSM812_2_6967	Carbamidomethyl	C	22
PSM812_2_6968	Carbamidomethyl	C	22
PSM812_2_697	Carbamidomethyl	C	14
PSM812_2_698	Carbamidomethyl	C	14
PSM812_2_699	Carbamidomethyl	C	14
PSM812_2_6990	Carbamidomethyl	C	19
PSM812_2_6991	Carbamidomethyl	C	19
PSM812_2_6992	Carbamidomethyl	C	19
PSM812_2_6993	Carbamidomethyl	C	19
PSM812_2_6994	Carbamidomethyl	C	19
PSM812_2_6995	Carbamidomethyl	C	24
PSM812_2_6996	Carbamidomethyl	C	24
PSM812_2_6997	Carbamidomethyl	C	24
PSM812_2_6998	Carbamidomethyl	C	24
PSM812_2_6999	Carbamidomethyl	C	24
PSM812_2_700	Carbamidomethyl	C	14
PSM812_2_7000	Carbamidomethyl	C	24
PSM812_2_7001	Carbamidomethyl	C	24
PSM812_2_7002	Carbamidomethyl	C	24
PSM812_2_7003	Carbamidomethyl	C	24
PSM812_2_7004	Carbamidomethyl	C	24
PSM812_2_7005	Carbamidomethyl	C	24
PSM812_2_7006	Carbamidomethyl	C	24
PSM812_2_7007	Carbamidomethyl	C	24
PSM812_2_7008	Carbamidomethyl	C	24
PSM812_2_7009	Carbamidomethyl	C	24
PSM812_2_701	Carbamidomethyl	C	14
PSM812_2_7010	Carbamidomethyl	C	24
PSM812_2_7011	Carbamidomethyl	C	24
PSM812_2_7012	Carbamidomethyl	C	24
PSM812_2_7013	Carbamidomethyl	C	24
PSM812_2_7014	Carbamidomethyl	C	24
PSM812_2_702	Carbamidomethyl	C	14
PSM812_2_7024	Carbamidomethyl	C	6
PSM812_2_7024	Carbamidomethyl	C	12
PSM812_2_7025	Carbamidomethyl	C	6
PSM812_2_7025	Carbamidomethyl	C	12
PSM812_2_7026	Carbamidomethyl	C	6
PSM812_2_7026	Carbamidomethyl	C	12
PSM812_2_703	Carbamidomethyl	C	14
PSM812_2_7032	Carbamidomethyl	C	16
PSM812_2_7033	Carbamidomethyl	C	16
PSM812_2_7034	Carbamidomethyl	C	16
PSM812_2_7035	Carbamidomethyl	C	16
PSM812_2_7036	Carbamidomethyl	C	16
PSM812_2_7037	Carbamidomethyl	C	16
PSM812_2_7038	Carbamidomethyl	C	16
PSM812_2_7039	Carbamidomethyl	C	6
PSM812_2_704	Carbamidomethyl	C	14
PSM812_2_7040	Carbamidomethyl	C	6
PSM812_2_7041	Carbamidomethyl	C	6
PSM812_2_7042	Carbamidomethyl	C	6
PSM812_2_7043	Carbamidomethyl	C	6
PSM812_2_7044	Carbamidomethyl	C	6
PSM812_2_7045	Carbamidomethyl	C	6
PSM812_2_7046	Carbamidomethyl	C	6
PSM812_2_7047	Carbamidomethyl	C	6
PSM812_2_7048	Carbamidomethyl	C	6
PSM812_2_7049	Carbamidomethyl	C	6
PSM812_2_705	Carbamidomethyl	C	14
PSM812_2_7050	Carbamidomethyl	C	6
PSM812_2_706	Carbamidomethyl	C	14
PSM812_2_707	Carbamidomethyl	C	14
PSM812_2_7070	Carbamidomethyl	C	13
PSM812_2_7070	Carbamidomethyl	C	25
PSM812_2_7071	Carbamidomethyl	C	13
PSM812_2_7071	Carbamidomethyl	C	25
PSM812_2_7074	Gln->pyro-Glu	N-term	
PSM812_2_7074	Carbamidomethyl	C	15
PSM812_2_7075	Gln->pyro-Glu	N-term	
PSM812_2_7075	Carbamidomethyl	C	15
PSM812_2_7076	Gln->pyro-Glu	N-term	
PSM812_2_7076	Carbamidomethyl	C	15
PSM812_2_7077	Gln->pyro-Glu	N-term	
PSM812_2_7077	Carbamidomethyl	C	15
PSM812_2_7078	Gln->pyro-Glu	N-term	
PSM812_2_7078	Carbamidomethyl	C	15
PSM812_2_708	Carbamidomethyl	C	14
PSM812_2_7082	Gln->pyro-Glu	N-term	
PSM812_2_7083	Gln->pyro-Glu	N-term	
PSM812_2_7084	Gln->pyro-Glu	N-term	
PSM812_2_7085	Gln->pyro-Glu	N-term	
PSM812_2_709	Carbamidomethyl	C	14
PSM812_2_710	Carbamidomethyl	C	14
PSM812_2_711	Carbamidomethyl	C	14
PSM812_2_712	Carbamidomethyl	C	14
PSM812_2_713	Carbamidomethyl	C	14
PSM812_2_714	Carbamidomethyl	C	14
PSM812_2_715	Carbamidomethyl	C	14
PSM812_2_7167	Carbamidomethyl	C	8
PSM812_2_7168	Carbamidomethyl	C	8
PSM812_2_7169	Carbamidomethyl	C	8
PSM812_2_7172	Carbamidomethyl	C	10
PSM812_2_7173	Carbamidomethyl	C	10
PSM812_2_7174	Carbamidomethyl	C	10
PSM812_2_7175	Carbamidomethyl	C	10
PSM812_2_7176	Carbamidomethyl	C	10
PSM812_2_7197	Carbamidomethyl	C	35
PSM812_2_7198	Carbamidomethyl	C	13
PSM812_2_7199	Carbamidomethyl	C	13
PSM812_2_7200	Carbamidomethyl	C	13
PSM812_2_7201	Carbamidomethyl	C	13
PSM812_2_7202	Carbamidomethyl	C	21
PSM812_2_7203	Carbamidomethyl	C	21
PSM812_2_7204	Carbamidomethyl	C	21
PSM812_2_7205	Carbamidomethyl	C	21
PSM812_2_7206	Carbamidomethyl	C	21
PSM812_2_7207	Carbamidomethyl	C	21
PSM812_2_7210	Carbamidomethyl	C	28
PSM812_2_7211	Carbamidomethyl	C	28
PSM812_2_7212	Carbamidomethyl	C	28
PSM812_2_7213	Carbamidomethyl	C	28
PSM812_2_7214	Carbamidomethyl	C	28
PSM812_2_7215	Carbamidomethyl	C	28
PSM812_2_7216	Carbamidomethyl	C	28
PSM812_2_7217	Carbamidomethyl	C	28
PSM812_2_7218	Carbamidomethyl	C	28
PSM812_2_7234	Acetyl	N-term	
PSM812_2_7235	Acetyl	N-term	
PSM812_2_7236	Acetyl	N-term	
PSM812_2_7257	Carbamidomethyl	C	5
PSM812_2_7257	Carbamidomethyl	C	6
PSM812_2_7257	Carbamidomethyl	C	13
PSM812_2_7258	Carbamidomethyl	C	5
PSM812_2_7258	Carbamidomethyl	C	6
PSM812_2_7258	Carbamidomethyl	C	13
PSM812_2_7259	Carbamidomethyl	C	5
PSM812_2_7259	Carbamidomethyl	C	6
PSM812_2_7259	Carbamidomethyl	C	13
PSM812_2_7260	Carbamidomethyl	C	5
PSM812_2_7260	Carbamidomethyl	C	6
PSM812_2_7260	Carbamidomethyl	C	13
PSM812_2_7261	Carbamidomethyl	C	5
PSM812_2_7261	Carbamidomethyl	C	6
PSM812_2_7261	Carbamidomethyl	C	13
PSM812_2_7262	Carbamidomethyl	C	5
PSM812_2_7262	Carbamidomethyl	C	6
PSM812_2_7262	Carbamidomethyl	C	13
PSM812_2_7263	Carbamidomethyl	C	5
PSM812_2_7263	Carbamidomethyl	C	6
PSM812_2_7263	Carbamidomethyl	C	13
PSM812_2_7264	Carbamidomethyl	C	5
PSM812_2_7264	Carbamidomethyl	C	6
PSM812_2_7264	Carbamidomethyl	C	13
PSM812_2_7265	Carbamidomethyl	C	5
PSM812_2_7265	Carbamidomethyl	C	6
PSM812_2_7265	Carbamidomethyl	C	13
PSM812_2_7266	Carbamidomethyl	C	5
PSM812_2_7266	Carbamidomethyl	C	6
PSM812_2_7266	Carbamidomethyl	C	13
PSM812_2_7267	Carbamidomethyl	C	5
PSM812_2_7267	Carbamidomethyl	C	6
PSM812_2_7267	Carbamidomethyl	C	13
PSM812_2_7268	Carbamidomethyl	C	5
PSM812_2_7268	Carbamidomethyl	C	6
PSM812_2_7268	Carbamidomethyl	C	13
PSM812_2_7269	Carbamidomethyl	C	5
PSM812_2_7269	Carbamidomethyl	C	6
PSM812_2_7269	Carbamidomethyl	C	13
PSM812_2_7270	Carbamidomethyl	C	5
PSM812_2_7270	Carbamidomethyl	C	6
PSM812_2_7270	Carbamidomethyl	C	13
PSM812_2_728	Carbamidomethyl	C	7
PSM812_2_729	Carbamidomethyl	C	7
PSM812_2_730	Carbamidomethyl	C	7
PSM812_2_731	Carbamidomethyl	C	7
PSM812_2_7310	Carbamidomethyl	C	7
PSM812_2_7311	Carbamidomethyl	C	7
PSM812_2_7312	Carbamidomethyl	C	7
PSM812_2_732	Carbamidomethyl	C	1
PSM812_2_733	Carbamidomethyl	C	1
PSM812_2_734	Carbamidomethyl	C	1
PSM812_2_7341	Carbamidomethyl	C	11
PSM812_2_7341	Carbamidomethyl	C	16
PSM812_2_7342	Carbamidomethyl	C	11
PSM812_2_7342	Carbamidomethyl	C	16
PSM812_2_7343	Carbamidomethyl	C	11
PSM812_2_7343	Carbamidomethyl	C	16
PSM812_2_7344	Carbamidomethyl	C	14
PSM812_2_7345	Carbamidomethyl	C	14
PSM812_2_7346	Carbamidomethyl	C	14
PSM812_2_7347	Carbamidomethyl	C	14
PSM812_2_735	Carbamidomethyl	C	1
PSM812_2_736	Carbamidomethyl	C	1
PSM812_2_737	Carbamidomethyl	C	1
PSM812_2_738	Carbamidomethyl	C	1
PSM812_2_7383	Carbamidomethyl	C	15
PSM812_2_7383	Carbamidomethyl	C	17
PSM812_2_7384	Carbamidomethyl	C	15
PSM812_2_7384	Carbamidomethyl	C	17
PSM812_2_7385	Carbamidomethyl	C	15
PSM812_2_7385	Carbamidomethyl	C	17
PSM812_2_7386	Carbamidomethyl	C	1
PSM812_2_7387	Carbamidomethyl	C	1
PSM812_2_739	Carbamidomethyl	C	1
PSM812_2_740	Carbamidomethyl	C	1
PSM812_2_7404	Carbamidomethyl	C	16
PSM812_2_741	Carbamidomethyl	C	1
PSM812_2_7427	Acetyl	N-term	
PSM812_2_7428	Acetyl	N-term	
PSM812_2_7429	Carbamidomethyl	C	5
PSM812_2_7430	Carbamidomethyl	C	5
PSM812_2_7431	Acetyl	N-term	
PSM812_2_7432	Acetyl	N-term	
PSM812_2_7433	Acetyl	N-term	
PSM812_2_7434	Oxidation	M	9
PSM812_2_7434	Carbamidomethyl	C	10
PSM812_2_7435	Oxidation	M	9
PSM812_2_7435	Carbamidomethyl	C	10
PSM812_2_7436	Oxidation	M	9
PSM812_2_7436	Carbamidomethyl	C	10
PSM812_2_7437	Carbamidomethyl	C	2
PSM812_2_7437	Carbamidomethyl	C	6
PSM812_2_7438	Carbamidomethyl	C	2
PSM812_2_7438	Carbamidomethyl	C	6
PSM812_2_7439	Carbamidomethyl	C	2
PSM812_2_7439	Carbamidomethyl	C	6
PSM812_2_7440	Carbamidomethyl	C	2
PSM812_2_7440	Carbamidomethyl	C	6
PSM812_2_7441	Carbamidomethyl	C	2
PSM812_2_7441	Carbamidomethyl	C	6
PSM812_2_7442	Carbamidomethyl	C	2
PSM812_2_7442	Carbamidomethyl	C	6
PSM812_2_7443	Carbamidomethyl	C	2
PSM812_2_7443	Carbamidomethyl	C	6
PSM812_2_7444	Carbamidomethyl	C	2
PSM812_2_7444	Carbamidomethyl	C	6
PSM812_2_7475	Carbamidomethyl	C	5
PSM812_2_7476	Carbamidomethyl	C	5
PSM812_2_7477	Carbamidomethyl	C	5
PSM812_2_7493	Carbamidomethyl	C	11
PSM812_2_7494	Carbamidomethyl	C	11
PSM812_2_7495	Carbamidomethyl	C	11
PSM812_2_7496	Carbamidomethyl	C	11
PSM812_2_7524	Carbamidomethyl	C	16
PSM812_2_7525	Carbamidomethyl	C	16
PSM812_2_7526	Carbamidomethyl	C	16
PSM812_2_7623	Carbamidomethyl	C	8
PSM812_2_7623	Carbamidomethyl	C	9
PSM812_2_7624	Carbamidomethyl	C	14
PSM812_2_7624	Carbamidomethyl	C	15
PSM812_2_7625	Carbamidomethyl	C	14
PSM812_2_7625	Carbamidomethyl	C	15
PSM812_2_7653	Carbamidomethyl	C	1
PSM812_2_7654	Carbamidomethyl	C	1
PSM812_2_7655	Carbamidomethyl	C	1
PSM812_2_7692	Carbamidomethyl	C	23
PSM812_2_7693	Carbamidomethyl	C	23
PSM812_2_7694	Carbamidomethyl	C	23
PSM812_2_7726	Carbamidomethyl	C	7
PSM812_2_7727	Carbamidomethyl	C	7
PSM812_2_7728	Carbamidomethyl	C	7
PSM812_2_7729	Carbamidomethyl	C	7
PSM812_2_7730	Carbamidomethyl	C	7
PSM812_2_7731	Carbamidomethyl	C	7
PSM812_2_7732	Carbamidomethyl	C	7
PSM812_2_7745	Carbamidomethyl	C	2
PSM812_2_7746	Carbamidomethyl	C	2
PSM812_2_7750	Carbamidomethyl	C	30
PSM812_2_7751	Carbamidomethyl	C	30
PSM812_2_7752	Carbamidomethyl	C	30
PSM812_2_7753	Carbamidomethyl	C	30
PSM812_2_7754	Carbamidomethyl	C	30
PSM812_2_7755	Carbamidomethyl	C	30
PSM812_2_7756	Carbamidomethyl	C	30
PSM812_2_7757	Carbamidomethyl	C	30
PSM812_2_7758	Carbamidomethyl	C	30
PSM812_2_7759	Carbamidomethyl	C	30
PSM812_2_7760	Carbamidomethyl	C	30
PSM812_2_7761	Carbamidomethyl	C	30
PSM812_2_7791	Carbamidomethyl	C	3
PSM812_2_7792	Carbamidomethyl	C	3
PSM812_2_7807	Carbamidomethyl	C	10
PSM812_2_7808	Carbamidomethyl	C	10
PSM812_2_7809	Carbamidomethyl	C	10
PSM812_2_7810	Carbamidomethyl	C	10
PSM812_2_7830	Carbamidomethyl	C	10
PSM812_2_7831	Carbamidomethyl	C	10
PSM812_2_7832	Carbamidomethyl	C	10
PSM812_2_7833	Carbamidomethyl	C	10
PSM812_2_7834	Carbamidomethyl	C	10
PSM812_2_7838	Carbamidomethyl	C	15
PSM812_2_7839	Carbamidomethyl	C	15
PSM812_2_7840	Carbamidomethyl	C	15
PSM812_2_7841	Carbamidomethyl	C	15
PSM812_2_7842	Carbamidomethyl	C	15
PSM812_2_7843	Carbamidomethyl	C	15
PSM812_2_7844	Carbamidomethyl	C	15
PSM812_2_7845	Carbamidomethyl	C	15
PSM812_2_7846	Carbamidomethyl	C	15
PSM812_2_7854	Carbamidomethyl	C	14
PSM812_2_7855	Gln->pyro-Glu	N-term	
PSM812_2_7856	Gln->pyro-Glu	N-term	
PSM812_2_7857	Gln->pyro-Glu	N-term	
PSM812_2_7858	Gln->pyro-Glu	N-term	
PSM812_2_7859	Gln->pyro-Glu	N-term	
PSM812_2_7860	Gln->pyro-Glu	N-term	
PSM812_2_7861	Gln->pyro-Glu	N-term	
PSM812_2_7862	Gln->pyro-Glu	N-term	
PSM812_2_7863	Gln->pyro-Glu	N-term	
PSM812_2_7866	Acetyl	N-term	
PSM812_2_7867	Acetyl	N-term	
PSM812_2_7885	Carbamidomethyl	C	11
PSM812_2_7886	Carbamidomethyl	C	11
PSM812_2_7887	Carbamidomethyl	C	11
PSM812_2_7888	Carbamidomethyl	C	11
PSM812_2_7889	Carbamidomethyl	C	11
PSM812_2_7909	Carbamidomethyl	C	13
PSM812_2_7910	Carbamidomethyl	C	13
PSM812_2_7911	Carbamidomethyl	C	13
PSM812_2_7912	Carbamidomethyl	C	13
PSM812_2_7913	Carbamidomethyl	C	13
PSM812_2_7914	Oxidation	M	2
PSM812_2_7914	Carbamidomethyl	C	4
PSM812_2_7914	Carbamidomethyl	C	17
PSM812_2_7915	Oxidation	M	2
PSM812_2_7915	Carbamidomethyl	C	4
PSM812_2_7915	Carbamidomethyl	C	17
PSM812_2_7916	Oxidation	M	2
PSM812_2_7916	Carbamidomethyl	C	4
PSM812_2_7916	Carbamidomethyl	C	17
PSM812_2_7917	Oxidation	M	2
PSM812_2_7917	Carbamidomethyl	C	4
PSM812_2_7917	Carbamidomethyl	C	17
PSM812_2_7918	Oxidation	M	2
PSM812_2_7918	Carbamidomethyl	C	4
PSM812_2_7918	Carbamidomethyl	C	17
PSM812_2_7919	Oxidation	M	2
PSM812_2_7919	Carbamidomethyl	C	4
PSM812_2_7919	Carbamidomethyl	C	17
PSM812_2_7960	Carbamidomethyl	C	1
PSM812_2_7960	Carbamidomethyl	C	12
PSM812_2_7961	Carbamidomethyl	C	1
PSM812_2_7961	Carbamidomethyl	C	12
PSM812_2_7962	Carbamidomethyl	C	1
PSM812_2_7962	Carbamidomethyl	C	12
PSM812_2_7963	Carbamidomethyl	C	1
PSM812_2_7963	Carbamidomethyl	C	12
PSM812_2_7964	Carbamidomethyl	C	1
PSM812_2_7964	Carbamidomethyl	C	12
PSM812_2_7990	Carbamidomethyl	C	16
PSM812_2_7991	Carbamidomethyl	C	16
PSM812_2_8046	Carbamidomethyl	C	4
PSM812_2_8047	Carbamidomethyl	C	4
PSM812_2_8048	Carbamidomethyl	C	4
PSM812_2_8049	Carbamidomethyl	C	4
PSM812_2_8050	Carbamidomethyl	C	4
PSM812_2_8051	Carbamidomethyl	C	4
PSM812_2_8052	Carbamidomethyl	C	4
PSM812_2_8053	Carbamidomethyl	C	4
PSM812_2_8054	Carbamidomethyl	C	4
PSM812_2_8055	Carbamidomethyl	C	4
PSM812_2_8056	Carbamidomethyl	C	4
PSM812_2_8057	Carbamidomethyl	C	4
PSM812_2_8067	Carbamidomethyl	C	4
PSM812_2_8068	Carbamidomethyl	C	4
PSM812_2_8069	Carbamidomethyl	C	4
PSM812_2_8070	Carbamidomethyl	C	4
PSM812_2_8071	Carbamidomethyl	C	4
PSM812_2_8072	Carbamidomethyl	C	4
PSM812_2_8073	Carbamidomethyl	C	4
PSM812_2_8074	Carbamidomethyl	C	5
PSM812_2_8075	Carbamidomethyl	C	5
PSM812_2_8076	Carbamidomethyl	C	5
PSM812_2_8077	Carbamidomethyl	C	5
PSM812_2_8078	Carbamidomethyl	C	5
PSM812_2_8079	Carbamidomethyl	C	5
PSM812_2_8089	Carbamidomethyl	C	7
PSM812_2_8090	Carbamidomethyl	C	7
PSM812_2_8091	Carbamidomethyl	C	7
PSM812_2_8092	Carbamidomethyl	C	7
PSM812_2_8093	Carbamidomethyl	C	7
PSM812_2_8094	Carbamidomethyl	C	24
PSM812_2_8125	Carbamidomethyl	C	3
PSM812_2_8126	Carbamidomethyl	C	3
PSM812_2_8129	Gln->pyro-Glu	N-term	
PSM812_2_8130	Gln->pyro-Glu	N-term	
PSM812_2_8131	Gln->pyro-Glu	N-term	
PSM812_2_8132	Gln->pyro-Glu	N-term	
PSM812_2_8133	Gln->pyro-Glu	N-term	
PSM812_2_8134	Gln->pyro-Glu	N-term	
PSM812_2_8135	Gln->pyro-Glu	N-term	
PSM812_2_8136	Gln->pyro-Glu	N-term	
PSM812_2_8137	Gln->pyro-Glu	N-term	
PSM812_2_8138	Ammonia-loss	N-term	
PSM812_2_8138	Carbamidomethyl	C	1
PSM812_2_8138	Carbamidomethyl	C	16
PSM812_2_8139	Ammonia-loss	N-term	
PSM812_2_8139	Carbamidomethyl	C	1
PSM812_2_8139	Carbamidomethyl	C	16
PSM812_2_8140	Ammonia-loss	N-term	
PSM812_2_8140	Carbamidomethyl	C	1
PSM812_2_8140	Carbamidomethyl	C	16
PSM812_2_8141	Ammonia-loss	N-term	
PSM812_2_8141	Carbamidomethyl	C	1
PSM812_2_8141	Carbamidomethyl	C	16
PSM812_2_8142	Ammonia-loss	N-term	
PSM812_2_8142	Carbamidomethyl	C	1
PSM812_2_8142	Carbamidomethyl	C	16
PSM812_2_8143	Ammonia-loss	N-term	
PSM812_2_8143	Carbamidomethyl	C	1
PSM812_2_8143	Carbamidomethyl	C	16
PSM812_2_8144	Ammonia-loss	N-term	
PSM812_2_8144	Carbamidomethyl	C	1
PSM812_2_8144	Carbamidomethyl	C	16
PSM812_2_8145	Ammonia-loss	N-term	
PSM812_2_8145	Carbamidomethyl	C	1
PSM812_2_8145	Carbamidomethyl	C	16
PSM812_2_8146	Ammonia-loss	N-term	
PSM812_2_8146	Carbamidomethyl	C	1
PSM812_2_8146	Carbamidomethyl	C	16
PSM812_2_8147	Ammonia-loss	N-term	
PSM812_2_8147	Carbamidomethyl	C	1
PSM812_2_8147	Carbamidomethyl	C	16
PSM812_2_8148	Ammonia-loss	N-term	
PSM812_2_8148	Carbamidomethyl	C	1
PSM812_2_8148	Carbamidomethyl	C	16
PSM812_2_8149	Ammonia-loss	N-term	
PSM812_2_8149	Carbamidomethyl	C	1
PSM812_2_8149	Carbamidomethyl	C	16
PSM812_2_8150	Ammonia-loss	N-term	
PSM812_2_8150	Carbamidomethyl	C	1
PSM812_2_8150	Carbamidomethyl	C	16
PSM812_2_8151	Ammonia-loss	N-term	
PSM812_2_8151	Carbamidomethyl	C	1
PSM812_2_8151	Carbamidomethyl	C	16
PSM812_2_8152	Ammonia-loss	N-term	
PSM812_2_8152	Carbamidomethyl	C	1
PSM812_2_8152	Carbamidomethyl	C	16
PSM812_2_8153	Ammonia-loss	N-term	
PSM812_2_8153	Carbamidomethyl	C	1
PSM812_2_8153	Carbamidomethyl	C	16
PSM812_2_8154	Acetyl	N-term	
PSM812_2_8155	Acetyl	N-term	
PSM812_2_8156	Acetyl	N-term	
PSM812_2_8157	Acetyl	N-term	
PSM812_2_8158	Acetyl	N-term	
PSM812_2_8159	Acetyl	N-term	
PSM812_2_8160	Acetyl	N-term	
PSM812_2_8161	Acetyl	N-term	
PSM812_2_8162	Acetyl	N-term	
PSM812_2_8163	Acetyl	N-term	
PSM812_2_8164	Acetyl	N-term	
PSM812_2_8165	Acetyl	N-term	
PSM812_2_8166	Acetyl	N-term	
PSM812_2_8167	Acetyl	N-term	
PSM812_2_8168	Acetyl	N-term	
PSM812_2_8169	Acetyl	N-term	
PSM812_2_8170	Acetyl	N-term	
PSM812_2_8177	Acetyl	N-term	
PSM812_2_8178	Acetyl	N-term	
PSM812_2_8179	Acetyl	N-term	
PSM812_2_8180	Acetyl	N-term	
PSM812_2_8181	Acetyl	N-term	
PSM812_2_8182	Acetyl	N-term	
PSM812_2_8183	Acetyl	N-term	
PSM812_2_8184	Acetyl	N-term	
PSM812_2_8185	Acetyl	N-term	
PSM812_2_8186	Acetyl	N-term	
PSM812_2_8187	Acetyl	N-term	
PSM812_2_8188	Acetyl	N-term	
PSM812_2_8189	Acetyl	N-term	
PSM812_2_8190	Acetyl	N-term	
PSM812_2_8191	Acetyl	N-term	
PSM812_2_8192	Acetyl	N-term	
PSM812_2_8193	Acetyl	N-term	
PSM812_2_8194	Acetyl	N-term	
PSM812_2_8195	Acetyl	N-term	
PSM812_2_8196	Acetyl	N-term	
PSM812_2_8197	Acetyl	N-term	
PSM812_2_8214	Carbamidomethyl	C	9
PSM812_2_8215	Carbamidomethyl	C	9
PSM812_2_8216	Carbamidomethyl	C	9
PSM812_2_8217	Carbamidomethyl	C	9
PSM812_2_8218	Carbamidomethyl	C	9
PSM812_2_8219	Carbamidomethyl	C	9
PSM812_2_8220	Carbamidomethyl	C	9
PSM812_2_8221	Carbamidomethyl	C	9
PSM812_2_8222	Carbamidomethyl	C	9
PSM812_2_8223	Carbamidomethyl	C	9
PSM812_2_8224	Carbamidomethyl	C	9
PSM812_2_8225	Carbamidomethyl	C	9
PSM812_2_8226	Carbamidomethyl	C	9
PSM812_2_8227	Carbamidomethyl	C	5
PSM812_2_8227	Carbamidomethyl	C	28
PSM812_2_8228	Carbamidomethyl	C	5
PSM812_2_8228	Carbamidomethyl	C	28
PSM812_2_8229	Carbamidomethyl	C	5
PSM812_2_8229	Carbamidomethyl	C	28
PSM812_2_8230	Carbamidomethyl	C	5
PSM812_2_8230	Carbamidomethyl	C	28
PSM812_2_8231	Carbamidomethyl	C	5
PSM812_2_8231	Carbamidomethyl	C	28
PSM812_2_8232	Carbamidomethyl	C	5
PSM812_2_8232	Carbamidomethyl	C	28
PSM812_2_8261	Carbamidomethyl	C	2
PSM812_2_8270	Carbamidomethyl	C	4
PSM812_2_8270	Carbamidomethyl	C	10
PSM812_2_8271	Carbamidomethyl	C	4
PSM812_2_8271	Carbamidomethyl	C	10
PSM812_2_8272	Carbamidomethyl	C	4
PSM812_2_8272	Carbamidomethyl	C	10
PSM812_2_8273	Carbamidomethyl	C	4
PSM812_2_8273	Carbamidomethyl	C	10
PSM812_2_8274	Carbamidomethyl	C	4
PSM812_2_8274	Carbamidomethyl	C	10
PSM812_2_8275	Carbamidomethyl	C	4
PSM812_2_8275	Carbamidomethyl	C	10
PSM812_2_8276	Carbamidomethyl	C	10
PSM812_2_8276	Carbamidomethyl	C	21
PSM812_2_8282	Carbamidomethyl	C	5
PSM812_2_8282	Carbamidomethyl	C	12
PSM812_2_8283	Carbamidomethyl	C	5
PSM812_2_8283	Carbamidomethyl	C	12
PSM812_2_8284	Carbamidomethyl	C	5
PSM812_2_8284	Carbamidomethyl	C	12
PSM812_2_8295	Gln->pyro-Glu	N-term	
PSM812_2_8296	Gln->pyro-Glu	N-term	
PSM812_2_8297	Gln->pyro-Glu	N-term	
PSM812_2_8298	Gln->pyro-Glu	N-term	
PSM812_2_8299	Gln->pyro-Glu	N-term	
PSM812_2_8312	Carbamidomethyl	C	15
PSM812_2_8313	Carbamidomethyl	C	15
PSM812_2_8314	Carbamidomethyl	C	15
PSM812_2_8315	Carbamidomethyl	C	15
PSM812_2_8316	Carbamidomethyl	C	15
PSM812_2_8317	Carbamidomethyl	C	15
PSM812_2_8318	Carbamidomethyl	C	15
PSM812_2_8323	Carbamidomethyl	C	2
PSM812_2_8328	Carbamidomethyl	C	11
PSM812_2_834	Carbamidomethyl	C	7
PSM812_2_8349	Carbamidomethyl	C	2
PSM812_2_8349	Carbamidomethyl	C	14
PSM812_2_8349	Carbamidomethyl	C	15
PSM812_2_835	Carbamidomethyl	C	7
PSM812_2_8350	Carbamidomethyl	C	2
PSM812_2_8350	Carbamidomethyl	C	14
PSM812_2_8350	Carbamidomethyl	C	15
PSM812_2_8351	Carbamidomethyl	C	2
PSM812_2_8351	Carbamidomethyl	C	14
PSM812_2_8351	Carbamidomethyl	C	15
PSM812_2_8352	Carbamidomethyl	C	2
PSM812_2_8352	Carbamidomethyl	C	14
PSM812_2_8352	Carbamidomethyl	C	15
PSM812_2_8353	Carbamidomethyl	C	2
PSM812_2_8353	Carbamidomethyl	C	14
PSM812_2_8353	Carbamidomethyl	C	15
PSM812_2_8354	Carbamidomethyl	C	2
PSM812_2_8354	Carbamidomethyl	C	14
PSM812_2_8354	Carbamidomethyl	C	15
PSM812_2_8355	Carbamidomethyl	C	2
PSM812_2_8355	Carbamidomethyl	C	14
PSM812_2_8355	Carbamidomethyl	C	15
PSM812_2_8356	Carbamidomethyl	C	2
PSM812_2_8356	Carbamidomethyl	C	14
PSM812_2_8356	Carbamidomethyl	C	15
PSM812_2_8357	Carbamidomethyl	C	2
PSM812_2_8357	Carbamidomethyl	C	14
PSM812_2_8357	Carbamidomethyl	C	15
PSM812_2_8358	Carbamidomethyl	C	2
PSM812_2_8358	Carbamidomethyl	C	14
PSM812_2_8358	Carbamidomethyl	C	15
PSM812_2_8359	Carbamidomethyl	C	2
PSM812_2_8359	Carbamidomethyl	C	14
PSM812_2_8359	Carbamidomethyl	C	15
PSM812_2_836	Carbamidomethyl	C	7
PSM812_2_8360	Carbamidomethyl	C	2
PSM812_2_8360	Carbamidomethyl	C	14
PSM812_2_8360	Carbamidomethyl	C	15
PSM812_2_8361	Carbamidomethyl	C	2
PSM812_2_8361	Carbamidomethyl	C	14
PSM812_2_8361	Carbamidomethyl	C	15
PSM812_2_837	Carbamidomethyl	C	7
PSM812_2_8375	Carbamidomethyl	C	1
PSM812_2_8421	Carbamidomethyl	C	15
PSM812_2_8421	Carbamidomethyl	C	18
PSM812_2_8422	Carbamidomethyl	C	15
PSM812_2_8422	Carbamidomethyl	C	18
PSM812_2_8423	Carbamidomethyl	C	15
PSM812_2_8423	Carbamidomethyl	C	18
PSM812_2_8424	Carbamidomethyl	C	15
PSM812_2_8424	Carbamidomethyl	C	18
PSM812_2_8440	Carbamidomethyl	C	5
PSM812_2_8441	Carbamidomethyl	C	5
PSM812_2_8442	Carbamidomethyl	C	5
PSM812_2_8443	Carbamidomethyl	C	5
PSM812_2_8444	Carbamidomethyl	C	5
PSM812_2_8445	Carbamidomethyl	C	5
PSM812_2_8446	Carbamidomethyl	C	5
PSM812_2_8453	Carbamidomethyl	C	14
PSM812_2_8454	Carbamidomethyl	C	15
PSM812_2_8465	Carbamidomethyl	C	25
PSM812_2_8466	Carbamidomethyl	C	25
PSM812_2_8467	Carbamidomethyl	C	25
PSM812_2_8468	Carbamidomethyl	C	25
PSM812_2_8469	Carbamidomethyl	C	25
PSM812_2_8470	Carbamidomethyl	C	5
PSM812_2_8471	Carbamidomethyl	C	5
PSM812_2_8472	Carbamidomethyl	C	6
PSM812_2_8473	Carbamidomethyl	C	6
PSM812_2_8474	Carbamidomethyl	C	6
PSM812_2_8475	Carbamidomethyl	C	6
PSM812_2_851	Carbamidomethyl	C	11
PSM812_2_8519	Carbamidomethyl	C	5
PSM812_2_852	Carbamidomethyl	C	11
PSM812_2_8520	Carbamidomethyl	C	5
PSM812_2_8521	Carbamidomethyl	C	5
PSM812_2_8522	Carbamidomethyl	C	5
PSM812_2_8523	Carbamidomethyl	C	6
PSM812_2_8526	Carbamidomethyl	C	3
PSM812_2_8527	Carbamidomethyl	C	3
PSM812_2_8528	Carbamidomethyl	C	3
PSM812_2_8529	Carbamidomethyl	C	3
PSM812_2_853	Carbamidomethyl	C	11
PSM812_2_8530	Carbamidomethyl	C	3
PSM812_2_8531	Carbamidomethyl	C	3
PSM812_2_8532	Carbamidomethyl	C	3
PSM812_2_8533	Carbamidomethyl	C	3
PSM812_2_8534	Carbamidomethyl	C	3
PSM812_2_8535	Carbamidomethyl	C	3
PSM812_2_8536	Carbamidomethyl	C	3
PSM812_2_8537	Carbamidomethyl	C	3
PSM812_2_8538	Carbamidomethyl	C	3
PSM812_2_8539	Carbamidomethyl	C	3
PSM812_2_854	Carbamidomethyl	C	11
PSM812_2_8540	Carbamidomethyl	C	3
PSM812_2_8541	Carbamidomethyl	C	3
PSM812_2_8542	Carbamidomethyl	C	3
PSM812_2_8543	Carbamidomethyl	C	3
PSM812_2_8544	Carbamidomethyl	C	8
PSM812_2_8545	Carbamidomethyl	C	8
PSM812_2_8546	Carbamidomethyl	C	8
PSM812_2_8547	Carbamidomethyl	C	8
PSM812_2_8548	Acetyl	N-term	
PSM812_2_8549	Acetyl	N-term	
PSM812_2_855	Carbamidomethyl	C	11
PSM812_2_8550	Acetyl	N-term	
PSM812_2_8551	Acetyl	N-term	
PSM812_2_8552	Acetyl	N-term	
PSM812_2_8553	Acetyl	N-term	
PSM812_2_8554	Acetyl	N-term	
PSM812_2_856	Carbamidomethyl	C	11
PSM812_2_8565	Carbamidomethyl	C	13
PSM812_2_8565	Carbamidomethyl	C	16
PSM812_2_8566	Carbamidomethyl	C	13
PSM812_2_8566	Carbamidomethyl	C	16
PSM812_2_8567	Carbamidomethyl	C	13
PSM812_2_8567	Carbamidomethyl	C	16
PSM812_2_857	Carbamidomethyl	C	11
PSM812_2_858	Carbamidomethyl	C	11
PSM812_2_859	Carbamidomethyl	C	11
PSM812_2_8598	Carbamidomethyl	C	11
PSM812_2_8599	Carbamidomethyl	C	11
PSM812_2_860	Carbamidomethyl	C	11
PSM812_2_8600	Carbamidomethyl	C	11
PSM812_2_8601	Carbamidomethyl	C	11
PSM812_2_861	Carbamidomethyl	C	11
PSM812_2_862	Carbamidomethyl	C	11
PSM812_2_863	Carbamidomethyl	C	11
PSM812_2_864	Carbamidomethyl	C	11
PSM812_2_8642	Carbamidomethyl	C	9
PSM812_2_865	Carbamidomethyl	C	11
PSM812_2_8659	Carbamidomethyl	C	10
PSM812_2_866	Carbamidomethyl	C	11
PSM812_2_8660	Carbamidomethyl	C	10
PSM812_2_8661	Carbamidomethyl	C	10
PSM812_2_8662	Carbamidomethyl	C	10
PSM812_2_8667	Carbamidomethyl	C	19
PSM812_2_8668	Carbamidomethyl	C	19
PSM812_2_8669	Carbamidomethyl	C	19
PSM812_2_867	Carbamidomethyl	C	11
PSM812_2_8670	Carbamidomethyl	C	19
PSM812_2_8671	Carbamidomethyl	C	19
PSM812_2_868	Carbamidomethyl	C	11
PSM812_2_869	Carbamidomethyl	C	11
PSM812_2_870	Carbamidomethyl	C	11
PSM812_2_8703	Carbamidomethyl	C	6
PSM812_2_8703	Carbamidomethyl	C	15
PSM812_2_8704	Carbamidomethyl	C	6
PSM812_2_8704	Carbamidomethyl	C	15
PSM812_2_871	Carbamidomethyl	C	11
PSM812_2_872	Carbamidomethyl	C	11
PSM812_2_8722	Carbamidomethyl	C	10
PSM812_2_8723	Carbamidomethyl	C	10
PSM812_2_8724	Carbamidomethyl	C	4
PSM812_2_8724	Carbamidomethyl	C	6
PSM812_2_8725	Carbamidomethyl	C	4
PSM812_2_8725	Carbamidomethyl	C	6
PSM812_2_8726	Carbamidomethyl	C	4
PSM812_2_8726	Carbamidomethyl	C	6
PSM812_2_8727	Carbamidomethyl	C	2
PSM812_2_8727	Carbamidomethyl	C	13
PSM812_2_8728	Carbamidomethyl	C	2
PSM812_2_8728	Carbamidomethyl	C	13
PSM812_2_8729	Carbamidomethyl	C	2
PSM812_2_8729	Carbamidomethyl	C	13
PSM812_2_873	Carbamidomethyl	C	11
PSM812_2_874	Carbamidomethyl	C	11
PSM812_2_875	Carbamidomethyl	C	11
PSM812_2_876	Carbamidomethyl	C	11
PSM812_2_877	Carbamidomethyl	C	11
PSM812_2_8770	Carbamidomethyl	C	1
PSM812_2_878	Carbamidomethyl	C	11
PSM812_2_879	Carbamidomethyl	C	11
PSM812_2_8798	Carbamidomethyl	C	14
PSM812_2_8799	Carbamidomethyl	C	14
PSM812_2_880	Carbamidomethyl	C	11
PSM812_2_8800	Carbamidomethyl	C	14
PSM812_2_8801	Carbamidomethyl	C	14
PSM812_2_8802	Carbamidomethyl	C	14
PSM812_2_8803	Carbamidomethyl	C	14
PSM812_2_8804	Carbamidomethyl	C	14
PSM812_2_8805	Carbamidomethyl	C	14
PSM812_2_8806	Carbamidomethyl	C	14
PSM812_2_8807	Carbamidomethyl	C	14
PSM812_2_8808	Carbamidomethyl	C	14
PSM812_2_8809	Carbamidomethyl	C	14
PSM812_2_881	Carbamidomethyl	C	11
PSM812_2_8810	Carbamidomethyl	C	14
PSM812_2_8811	Carbamidomethyl	C	14
PSM812_2_8812	Carbamidomethyl	C	14
PSM812_2_8813	Carbamidomethyl	C	14
PSM812_2_8814	Carbamidomethyl	C	14
PSM812_2_8815	Carbamidomethyl	C	14
PSM812_2_8816	Carbamidomethyl	C	14
PSM812_2_8817	Carbamidomethyl	C	14
PSM812_2_8818	Carbamidomethyl	C	14
PSM812_2_8819	Carbamidomethyl	C	14
PSM812_2_882	Carbamidomethyl	C	11
PSM812_2_8820	Carbamidomethyl	C	14
PSM812_2_8821	Carbamidomethyl	C	14
PSM812_2_8822	Carbamidomethyl	C	14
PSM812_2_8823	Carbamidomethyl	C	14
PSM812_2_8824	Carbamidomethyl	C	14
PSM812_2_8825	Carbamidomethyl	C	14
PSM812_2_8826	Carbamidomethyl	C	14
PSM812_2_8827	Carbamidomethyl	C	14
PSM812_2_8828	Carbamidomethyl	C	14
PSM812_2_8829	Carbamidomethyl	C	14
PSM812_2_883	Carbamidomethyl	C	11
PSM812_2_8830	Carbamidomethyl	C	14
PSM812_2_8831	Carbamidomethyl	C	14
PSM812_2_8832	Carbamidomethyl	C	14
PSM812_2_8833	Carbamidomethyl	C	14
PSM812_2_8834	Carbamidomethyl	C	14
PSM812_2_8835	Carbamidomethyl	C	14
PSM812_2_8836	Carbamidomethyl	C	14
PSM812_2_8837	Carbamidomethyl	C	14
PSM812_2_8838	Carbamidomethyl	C	14
PSM812_2_8839	Carbamidomethyl	C	14
PSM812_2_884	Carbamidomethyl	C	11
PSM812_2_8840	Carbamidomethyl	C	14
PSM812_2_8841	Carbamidomethyl	C	14
PSM812_2_8842	Carbamidomethyl	C	16
PSM812_2_8843	Carbamidomethyl	C	16
PSM812_2_8844	Carbamidomethyl	C	16
PSM812_2_8845	Carbamidomethyl	C	16
PSM812_2_8846	Carbamidomethyl	C	16
PSM812_2_8847	Carbamidomethyl	C	16
PSM812_2_885	Carbamidomethyl	C	11
PSM812_2_886	Carbamidomethyl	C	11
PSM812_2_887	Carbamidomethyl	C	11
PSM812_2_8872	Carbamidomethyl	C	7
PSM812_2_8872	Carbamidomethyl	C	8
PSM812_2_8873	Carbamidomethyl	C	7
PSM812_2_8873	Carbamidomethyl	C	8
PSM812_2_8874	Carbamidomethyl	C	7
PSM812_2_8874	Carbamidomethyl	C	8
PSM812_2_8879	Carbamidomethyl	C	16
PSM812_2_888	Carbamidomethyl	C	11
PSM812_2_8880	Carbamidomethyl	C	16
PSM812_2_889	Carbamidomethyl	C	11
PSM812_2_8892	Carbamidomethyl	C	9
PSM812_2_8893	Carbamidomethyl	C	9
PSM812_2_8894	Carbamidomethyl	C	9
PSM812_2_8895	Carbamidomethyl	C	9
PSM812_2_8896	Carbamidomethyl	C	9
PSM812_2_8897	Carbamidomethyl	C	9
PSM812_2_8898	Carbamidomethyl	C	6
PSM812_2_8899	Carbamidomethyl	C	6
PSM812_2_890	Carbamidomethyl	C	11
PSM812_2_8900	Carbamidomethyl	C	6
PSM812_2_8901	Carbamidomethyl	C	6
PSM812_2_8902	Carbamidomethyl	C	6
PSM812_2_8903	Carbamidomethyl	C	6
PSM812_2_8904	Carbamidomethyl	C	6
PSM812_2_8905	Carbamidomethyl	C	6
PSM812_2_8906	Carbamidomethyl	C	6
PSM812_2_8907	Carbamidomethyl	C	6
PSM812_2_8908	Carbamidomethyl	C	6
PSM812_2_8909	Carbamidomethyl	C	6
PSM812_2_891	Carbamidomethyl	C	11
PSM812_2_8910	Carbamidomethyl	C	6
PSM812_2_8911	Carbamidomethyl	C	6
PSM812_2_8912	Carbamidomethyl	C	3
PSM812_2_8913	Carbamidomethyl	C	3
PSM812_2_8914	Carbamidomethyl	C	3
PSM812_2_8915	Carbamidomethyl	C	3
PSM812_2_8916	Carbamidomethyl	C	3
PSM812_2_8917	Carbamidomethyl	C	3
PSM812_2_8918	Carbamidomethyl	C	3
PSM812_2_8919	Carbamidomethyl	C	3
PSM812_2_892	Carbamidomethyl	C	11
PSM812_2_8920	Carbamidomethyl	C	3
PSM812_2_8921	Carbamidomethyl	C	3
PSM812_2_8922	Carbamidomethyl	C	3
PSM812_2_8923	Carbamidomethyl	C	3
PSM812_2_8924	Carbamidomethyl	C	3
PSM812_2_8925	Carbamidomethyl	C	3
PSM812_2_8926	Carbamidomethyl	C	3
PSM812_2_8927	Carbamidomethyl	C	3
PSM812_2_8928	Carbamidomethyl	C	3
PSM812_2_8929	Carbamidomethyl	C	3
PSM812_2_8930	Carbamidomethyl	C	3
PSM812_2_8931	Carbamidomethyl	C	3
PSM812_2_8932	Carbamidomethyl	C	3
PSM812_2_8933	Carbamidomethyl	C	3
PSM812_2_8934	Carbamidomethyl	C	3
PSM812_2_8959	Carbamidomethyl	C	14
PSM812_2_8960	Carbamidomethyl	C	14
PSM812_2_8961	Carbamidomethyl	C	14
PSM812_2_8962	Carbamidomethyl	C	14
PSM812_2_8963	Carbamidomethyl	C	13
PSM812_2_8964	Carbamidomethyl	C	13
PSM812_2_8965	Carbamidomethyl	C	13
PSM812_2_8974	Carbamidomethyl	C	13
PSM812_2_8975	Carbamidomethyl	C	13
PSM812_2_8976	Carbamidomethyl	C	13
PSM812_2_8977	Carbamidomethyl	C	13
PSM812_2_8978	Carbamidomethyl	C	13
PSM812_2_9026	Carbamidomethyl	C	7
PSM812_2_9027	Carbamidomethyl	C	7
PSM812_2_9079	Carbamidomethyl	C	1
PSM812_2_9080	Carbamidomethyl	C	1
PSM812_2_9081	Carbamidomethyl	C	1
PSM812_2_9082	Carbamidomethyl	C	1
PSM812_2_9083	Carbamidomethyl	C	1
PSM812_2_9090	Carbamidomethyl	C	19
PSM812_2_9091	Carbamidomethyl	C	19
PSM812_2_9092	Carbamidomethyl	C	19
PSM812_2_9093	Carbamidomethyl	C	19
PSM812_2_9094	Carbamidomethyl	C	19
PSM812_2_9095	Carbamidomethyl	C	6
PSM812_2_9096	Carbamidomethyl	C	6
PSM812_2_9097	Carbamidomethyl	C	6
PSM812_2_9098	Carbamidomethyl	C	7
PSM812_2_9098	Carbamidomethyl	C	8
PSM812_2_9099	Carbamidomethyl	C	7
PSM812_2_9099	Carbamidomethyl	C	8
PSM812_2_9100	Carbamidomethyl	C	7
PSM812_2_9100	Carbamidomethyl	C	8
PSM812_2_9101	Carbamidomethyl	C	7
PSM812_2_9101	Carbamidomethyl	C	8
PSM812_2_9102	Carbamidomethyl	C	7
PSM812_2_9102	Carbamidomethyl	C	8
PSM812_2_9103	Carbamidomethyl	C	7
PSM812_2_9103	Carbamidomethyl	C	8
PSM812_2_9104	Carbamidomethyl	C	7
PSM812_2_9104	Carbamidomethyl	C	8
PSM812_2_9105	Carbamidomethyl	C	19
PSM812_2_9106	Carbamidomethyl	C	19
PSM812_2_9107	Carbamidomethyl	C	19
PSM812_2_9108	Carbamidomethyl	C	19
PSM812_2_9109	Carbamidomethyl	C	19
PSM812_2_9110	Carbamidomethyl	C	19
PSM812_2_9111	Carbamidomethyl	C	7
PSM812_2_9111	Carbamidomethyl	C	11
PSM812_2_9112	Carbamidomethyl	C	7
PSM812_2_9112	Carbamidomethyl	C	11
PSM812_2_9113	Carbamidomethyl	C	7
PSM812_2_9113	Carbamidomethyl	C	11
PSM812_2_9114	Carbamidomethyl	C	4
PSM812_2_9115	Carbamidomethyl	C	4
PSM812_2_9116	Carbamidomethyl	C	4
PSM812_2_9117	Carbamidomethyl	C	4
PSM812_2_9118	Carbamidomethyl	C	4
PSM812_2_9119	Carbamidomethyl	C	4
PSM812_2_912	Acetyl	N-term	
PSM812_2_9120	Carbamidomethyl	C	4
PSM812_2_9121	Carbamidomethyl	C	4
PSM812_2_9122	Carbamidomethyl	C	4
PSM812_2_9123	Carbamidomethyl	C	4
PSM812_2_9124	Carbamidomethyl	C	4
PSM812_2_9125	Carbamidomethyl	C	4
PSM812_2_9126	Carbamidomethyl	C	4
PSM812_2_913	Acetyl	N-term	
PSM812_2_914	Acetyl	N-term	
PSM812_2_9145	Carbamidomethyl	C	3
PSM812_2_9146	Carbamidomethyl	C	3
PSM812_2_9147	Carbamidomethyl	C	3
PSM812_2_9148	Carbamidomethyl	C	3
PSM812_2_915	Acetyl	N-term	
PSM812_2_9159	Carbamidomethyl	C	16
PSM812_2_916	Carbamidomethyl	C	12
PSM812_2_9160	Carbamidomethyl	C	16
PSM812_2_9161	Carbamidomethyl	C	16
PSM812_2_9162	Carbamidomethyl	C	16
PSM812_2_9163	Carbamidomethyl	C	16
PSM812_2_9164	Carbamidomethyl	C	16
PSM812_2_9165	Carbamidomethyl	C	16
PSM812_2_9166	Carbamidomethyl	C	16
PSM812_2_917	Carbamidomethyl	C	12
PSM812_2_9177	Carbamidomethyl	C	5
PSM812_2_9178	Carbamidomethyl	C	5
PSM812_2_9179	Carbamidomethyl	C	5
PSM812_2_918	Carbamidomethyl	C	12
PSM812_2_9180	Carbamidomethyl	C	5
PSM812_2_9181	Carbamidomethyl	C	15
PSM812_2_9182	Carbamidomethyl	C	15
PSM812_2_9187	Carbamidomethyl	C	1
PSM812_2_9188	Carbamidomethyl	C	1
PSM812_2_9189	Carbamidomethyl	C	1
PSM812_2_919	Carbamidomethyl	C	12
PSM812_2_9190	Acetyl	N-term	
PSM812_2_9190	Carbamidomethyl	C	16
PSM812_2_9191	Acetyl	N-term	
PSM812_2_9191	Carbamidomethyl	C	16
PSM812_2_9192	Acetyl	N-term	
PSM812_2_9192	Carbamidomethyl	C	16
PSM812_2_9193	Acetyl	N-term	
PSM812_2_9193	Carbamidomethyl	C	16
PSM812_2_9194	Acetyl	N-term	
PSM812_2_9194	Carbamidomethyl	C	16
PSM812_2_9195	Acetyl	N-term	
PSM812_2_9195	Carbamidomethyl	C	16
PSM812_2_9196	Acetyl	N-term	
PSM812_2_9196	Carbamidomethyl	C	16
PSM812_2_9197	Acetyl	N-term	
PSM812_2_9197	Carbamidomethyl	C	16
PSM812_2_9198	Acetyl	N-term	
PSM812_2_9198	Carbamidomethyl	C	16
PSM812_2_9199	Acetyl	N-term	
PSM812_2_9199	Carbamidomethyl	C	16
PSM812_2_920	Carbamidomethyl	C	12
PSM812_2_9200	Acetyl	N-term	
PSM812_2_9200	Carbamidomethyl	C	16
PSM812_2_9201	Acetyl	N-term	
PSM812_2_9201	Carbamidomethyl	C	16
PSM812_2_9202	Acetyl	N-term	
PSM812_2_9202	Carbamidomethyl	C	16
PSM812_2_9203	Acetyl	N-term	
PSM812_2_9203	Carbamidomethyl	C	16
PSM812_2_9204	Acetyl	N-term	
PSM812_2_9204	Carbamidomethyl	C	16
PSM812_2_9205	Acetyl	N-term	
PSM812_2_9205	Carbamidomethyl	C	16
PSM812_2_9206	Acetyl	N-term	
PSM812_2_9206	Carbamidomethyl	C	16
PSM812_2_9207	Acetyl	N-term	
PSM812_2_9207	Carbamidomethyl	C	16
PSM812_2_9208	Acetyl	N-term	
PSM812_2_9208	Carbamidomethyl	C	16
PSM812_2_9209	Gln->pyro-Glu	N-term	
PSM812_2_921	Carbamidomethyl	C	12
PSM812_2_9210	Gln->pyro-Glu	N-term	
PSM812_2_9215	Carbamidomethyl	C	12
PSM812_2_9216	Carbamidomethyl	C	12
PSM812_2_9217	Carbamidomethyl	C	12
PSM812_2_9218	Carbamidomethyl	C	12
PSM812_2_9219	Acetyl	N-term	
PSM812_2_922	Carbamidomethyl	C	12
PSM812_2_9220	Acetyl	N-term	
PSM812_2_9221	Oxidation	M	1
PSM812_2_9222	Oxidation	M	1
PSM812_2_9227	Acetyl	N-term	
PSM812_2_9227	Carbamidomethyl	C	21
PSM812_2_9228	Acetyl	N-term	
PSM812_2_9228	Carbamidomethyl	C	21
PSM812_2_9229	Acetyl	N-term	
PSM812_2_9229	Carbamidomethyl	C	21
PSM812_2_923	Carbamidomethyl	C	12
PSM812_2_9230	Acetyl	N-term	
PSM812_2_9230	Carbamidomethyl	C	21
PSM812_2_9231	Acetyl	N-term	
PSM812_2_9231	Carbamidomethyl	C	21
PSM812_2_9232	Acetyl	N-term	
PSM812_2_9232	Carbamidomethyl	C	21
PSM812_2_9233	Acetyl	N-term	
PSM812_2_9234	Acetyl	N-term	
PSM812_2_924	Carbamidomethyl	C	12
PSM812_2_9242	Carbamidomethyl	C	7
PSM812_2_9243	Carbamidomethyl	C	7
PSM812_2_9244	Carbamidomethyl	C	7
PSM812_2_9245	Carbamidomethyl	C	7
PSM812_2_9246	Carbamidomethyl	C	7
PSM812_2_925	Carbamidomethyl	C	12
PSM812_2_926	Carbamidomethyl	C	22
PSM812_2_927	Carbamidomethyl	C	22
PSM812_2_9279	Carbamidomethyl	C	16
PSM812_2_928	Carbamidomethyl	C	22
PSM812_2_9280	Carbamidomethyl	C	16
PSM812_2_9281	Carbamidomethyl	C	16
PSM812_2_9282	Carbamidomethyl	C	16
PSM812_2_9283	Carbamidomethyl	C	16
PSM812_2_929	Acetyl	N-term	
PSM812_2_929	Carbamidomethyl	C	30
PSM812_2_9296	Carbamidomethyl	C	7
PSM812_2_930	Acetyl	N-term	
PSM812_2_930	Carbamidomethyl	C	30
PSM812_2_9303	Carbamidomethyl	C	10
PSM812_2_9304	Carbamidomethyl	C	10
PSM812_2_9305	Carbamidomethyl	C	10
PSM812_2_931	Acetyl	N-term	
PSM812_2_931	Carbamidomethyl	C	30
PSM812_2_9316	Carbamidomethyl	C	15
PSM812_2_9317	Carbamidomethyl	C	15
PSM812_2_9318	Carbamidomethyl	C	15
PSM812_2_9319	Carbamidomethyl	C	15
PSM812_2_932	Acetyl	N-term	
PSM812_2_932	Carbamidomethyl	C	30
PSM812_2_9325	Carbamidomethyl	C	10
PSM812_2_9326	Carbamidomethyl	C	10
PSM812_2_9327	Carbamidomethyl	C	10
PSM812_2_9328	Carbamidomethyl	C	10
PSM812_2_9329	Carbamidomethyl	C	24
PSM812_2_933	Acetyl	N-term	
PSM812_2_933	Carbamidomethyl	C	30
PSM812_2_9330	Carbamidomethyl	C	24
PSM812_2_9331	Carbamidomethyl	C	24
PSM812_2_9332	Carbamidomethyl	C	24
PSM812_2_9333	Carbamidomethyl	C	24
PSM812_2_9334	Carbamidomethyl	C	24
PSM812_2_9335	Carbamidomethyl	C	24
PSM812_2_9336	Carbamidomethyl	C	8
PSM812_2_9337	Carbamidomethyl	C	8
PSM812_2_9338	Carbamidomethyl	C	8
PSM812_2_9339	Carbamidomethyl	C	5
PSM812_2_934	Acetyl	N-term	
PSM812_2_934	Carbamidomethyl	C	30
PSM812_2_9340	Carbamidomethyl	C	5
PSM812_2_9341	Carbamidomethyl	C	5
PSM812_2_9342	Carbamidomethyl	C	5
PSM812_2_935	Carbamidomethyl	C	29
PSM812_2_9351	Carbamidomethyl	C	3
PSM812_2_9352	Carbamidomethyl	C	3
PSM812_2_9353	Carbamidomethyl	C	3
PSM812_2_9354	Carbamidomethyl	C	3
PSM812_2_9357	Carbamidomethyl	C	11
PSM812_2_9358	Carbamidomethyl	C	11
PSM812_2_9359	Carbamidomethyl	C	11
PSM812_2_936	Carbamidomethyl	C	29
PSM812_2_9360	Carbamidomethyl	C	11
PSM812_2_9361	Carbamidomethyl	C	11
PSM812_2_9362	Carbamidomethyl	C	11
PSM812_2_9363	Carbamidomethyl	C	11
PSM812_2_9364	Carbamidomethyl	C	11
PSM812_2_9365	Carbamidomethyl	C	11
PSM812_2_9366	Carbamidomethyl	C	11
PSM812_2_9367	Carbamidomethyl	C	11
PSM812_2_9368	Carbamidomethyl	C	11
PSM812_2_9369	Carbamidomethyl	C	11
PSM812_2_937	Carbamidomethyl	C	29
PSM812_2_9370	Carbamidomethyl	C	11
PSM812_2_9371	Carbamidomethyl	C	11
PSM812_2_9372	Carbamidomethyl	C	11
PSM812_2_9373	Carbamidomethyl	C	11
PSM812_2_9374	Carbamidomethyl	C	11
PSM812_2_9375	Carbamidomethyl	C	11
PSM812_2_9441	Carbamidomethyl	C	11
PSM812_2_9442	Carbamidomethyl	C	11
PSM812_2_9443	Carbamidomethyl	C	11
PSM812_2_9444	Carbamidomethyl	C	11
PSM812_2_9445	Carbamidomethyl	C	11
PSM812_2_9446	Carbamidomethyl	C	11
PSM812_2_9459	Carbamidomethyl	C	2
PSM812_2_9459	Carbamidomethyl	C	10
PSM812_2_9460	Carbamidomethyl	C	2
PSM812_2_9460	Carbamidomethyl	C	10
PSM812_2_9461	Carbamidomethyl	C	2
PSM812_2_9461	Carbamidomethyl	C	10
PSM812_2_9471	Carbamidomethyl	C	18
PSM812_2_9472	Carbamidomethyl	C	18
PSM812_2_9481	Carbamidomethyl	C	36
PSM812_2_9482	Carbamidomethyl	C	36
PSM812_2_9483	Carbamidomethyl	C	36
PSM812_2_9494	Carbamidomethyl	C	9
PSM812_2_9495	Carbamidomethyl	C	9
PSM812_2_9496	Carbamidomethyl	C	9
PSM812_2_9497	Carbamidomethyl	C	9
PSM812_2_9512	Carbamidomethyl	C	10
PSM812_2_9513	Carbamidomethyl	C	10
PSM812_2_9514	Carbamidomethyl	C	10
PSM812_2_9534	Carbamidomethyl	C	23
PSM812_2_9535	Carbamidomethyl	C	23
PSM812_2_9536	Carbamidomethyl	C	23
PSM812_2_9537	Carbamidomethyl	C	23
PSM812_2_9554	Acetyl	N-term	
PSM812_2_9555	Acetyl	N-term	
PSM812_2_9556	Acetyl	N-term	
PSM812_2_9557	Acetyl	N-term	
PSM812_2_9558	Acetyl	N-term	
PSM812_2_9559	Acetyl	N-term	
PSM812_2_9560	Acetyl	N-term	
PSM812_2_9561	Acetyl	N-term	
PSM812_2_9561	Carbamidomethyl	C	18
PSM812_2_9562	Acetyl	N-term	
PSM812_2_9562	Carbamidomethyl	C	18
PSM812_2_9563	Acetyl	N-term	
PSM812_2_9563	Carbamidomethyl	C	18
PSM812_2_9564	Acetyl	N-term	
PSM812_2_9564	Carbamidomethyl	C	18
PSM812_2_9565	Acetyl	N-term	
PSM812_2_9565	Carbamidomethyl	C	18
PSM812_2_9566	Acetyl	N-term	
PSM812_2_9566	Carbamidomethyl	C	18
PSM812_2_9567	Ammonia-loss	N-term	
PSM812_2_9567	Carbamidomethyl	C	1
PSM812_2_9568	Ammonia-loss	N-term	
PSM812_2_9568	Carbamidomethyl	C	1
PSM812_2_9569	Ammonia-loss	N-term	
PSM812_2_9569	Carbamidomethyl	C	1
PSM812_2_9570	Ammonia-loss	N-term	
PSM812_2_9570	Carbamidomethyl	C	1
PSM812_2_9571	Ammonia-loss	N-term	
PSM812_2_9571	Carbamidomethyl	C	1
PSM812_2_9572	Ammonia-loss	N-term	
PSM812_2_9572	Carbamidomethyl	C	1
PSM812_2_9573	Ammonia-loss	N-term	
PSM812_2_9573	Carbamidomethyl	C	1
PSM812_2_9574	Ammonia-loss	N-term	
PSM812_2_9574	Carbamidomethyl	C	1
PSM812_2_9575	Ammonia-loss	N-term	
PSM812_2_9575	Carbamidomethyl	C	1
PSM812_2_9576	Ammonia-loss	N-term	
PSM812_2_9576	Carbamidomethyl	C	1
PSM812_2_9577	Ammonia-loss	N-term	
PSM812_2_9577	Carbamidomethyl	C	1
PSM812_2_9578	Ammonia-loss	N-term	
PSM812_2_9578	Carbamidomethyl	C	1
PSM812_2_9579	Ammonia-loss	N-term	
PSM812_2_9579	Carbamidomethyl	C	1
PSM812_2_9580	Ammonia-loss	N-term	
PSM812_2_9580	Carbamidomethyl	C	1
PSM812_2_9581	Ammonia-loss	N-term	
PSM812_2_9581	Carbamidomethyl	C	1
PSM812_2_9582	Ammonia-loss	N-term	
PSM812_2_9582	Carbamidomethyl	C	1
PSM812_2_9627	Carbamidomethyl	C	9
PSM812_2_9628	Carbamidomethyl	C	9
PSM812_2_9629	Carbamidomethyl	C	9
PSM812_2_9630	Carbamidomethyl	C	9
PSM812_2_9631	Carbamidomethyl	C	23
PSM812_2_9632	Carbamidomethyl	C	23
PSM812_2_9633	Carbamidomethyl	C	23
PSM812_2_9634	Carbamidomethyl	C	23
PSM812_2_9637	Carbamidomethyl	C	11
PSM812_2_9638	Carbamidomethyl	C	11
PSM812_2_9645	Carbamidomethyl	C	2
PSM812_2_9646	Carbamidomethyl	C	2
PSM812_2_9647	Carbamidomethyl	C	2
PSM812_2_9648	Carbamidomethyl	C	2
PSM812_2_9650	Carbamidomethyl	C	13
PSM812_2_9652	Carbamidomethyl	C	2
PSM812_2_9652	Carbamidomethyl	C	7
PSM812_2_9662	Carbamidomethyl	C	3
PSM812_2_9663	Carbamidomethyl	C	3
PSM812_2_9667	Carbamidomethyl	C	18
PSM812_2_9668	Carbamidomethyl	C	18
PSM812_2_9669	Carbamidomethyl	C	18
PSM812_2_9670	Carbamidomethyl	C	18
PSM812_2_9671	Carbamidomethyl	C	18
PSM812_2_9672	Carbamidomethyl	C	18
PSM812_2_9680	Acetyl	N-term	
PSM812_2_9681	Acetyl	N-term	
PSM812_2_9682	Acetyl	N-term	
PSM812_2_9683	Ammonia-loss	N-term	
PSM812_2_9683	Carbamidomethyl	C	1
PSM812_2_9683	Carbamidomethyl	C	21
PSM812_2_9691	Carbamidomethyl	C	4
PSM812_2_9692	Carbamidomethyl	C	4
PSM812_2_9693	Carbamidomethyl	C	14
PSM812_2_9694	Carbamidomethyl	C	14
PSM812_2_9695	Carbamidomethyl	C	14
PSM812_2_9700	Carbamidomethyl	C	17
PSM812_2_9701	Carbamidomethyl	C	17
PSM812_2_9702	Carbamidomethyl	C	17
PSM812_2_9703	Carbamidomethyl	C	17
PSM812_2_9704	Carbamidomethyl	C	17
PSM812_2_9705	Carbamidomethyl	C	17
PSM812_2_9706	Carbamidomethyl	C	17
PSM812_2_9707	Carbamidomethyl	C	17
PSM812_2_9708	Carbamidomethyl	C	17
PSM812_2_9709	Carbamidomethyl	C	17
PSM812_2_9710	Carbamidomethyl	C	17
PSM812_2_9711	Carbamidomethyl	C	17
PSM812_2_9714	Carbamidomethyl	C	4
PSM812_2_9715	Carbamidomethyl	C	4
PSM812_2_9719	Carbamidomethyl	C	4
PSM812_2_9720	Carbamidomethyl	C	4
PSM812_2_9721	Carbamidomethyl	C	4
PSM812_2_9722	Carbamidomethyl	C	4
PSM812_2_9737	Carbamidomethyl	C	10
PSM812_2_9738	Carbamidomethyl	C	10
PSM812_2_9755	Carbamidomethyl	C	2
PSM812_2_9755	Carbamidomethyl	C	11
PSM812_2_9756	Carbamidomethyl	C	2
PSM812_2_9756	Carbamidomethyl	C	11
PSM812_2_9757	Carbamidomethyl	C	2
PSM812_2_9757	Carbamidomethyl	C	11
PSM812_2_9758	Carbamidomethyl	C	2
PSM812_2_9758	Carbamidomethyl	C	11
PSM812_2_9774	Carbamidomethyl	C	22
PSM812_2_9780	Carbamidomethyl	C	10
PSM812_2_9793	Carbamidomethyl	C	15
PSM812_2_9794	Carbamidomethyl	C	15
PSM812_2_9796	Carbamidomethyl	C	22
PSM812_2_980	Carbamidomethyl	C	29
PSM812_2_9804	Carbamidomethyl	C	6
PSM812_2_9804	Carbamidomethyl	C	17
PSM812_2_9805	Carbamidomethyl	C	6
PSM812_2_9805	Carbamidomethyl	C	17
PSM812_2_981	Carbamidomethyl	C	29
PSM812_2_9810	Carbamidomethyl	C	11
PSM812_2_9811	Carbamidomethyl	C	11
PSM812_2_982	Carbamidomethyl	C	29
PSM812_2_9825	Carbamidomethyl	C	7
PSM812_2_9826	Carbamidomethyl	C	7
PSM812_2_9827	Carbamidomethyl	C	7
PSM812_2_9828	Carbamidomethyl	C	7
PSM812_2_9829	Carbamidomethyl	C	7
PSM812_2_983	Carbamidomethyl	C	29
PSM812_2_984	Carbamidomethyl	C	29
PSM812_2_985	Carbamidomethyl	C	29
PSM812_2_9856	Carbamidomethyl	C	18
PSM812_2_9856	Carbamidomethyl	C	19
PSM812_2_9857	Carbamidomethyl	C	18
PSM812_2_9857	Carbamidomethyl	C	19
PSM812_2_986	Carbamidomethyl	C	29
PSM812_2_987	Carbamidomethyl	C	29
PSM812_2_9874	Carbamidomethyl	C	7
PSM812_2_9874	Carbamidomethyl	C	8
PSM812_2_9874	Carbamidomethyl	C	11
PSM812_2_9875	Carbamidomethyl	C	11
PSM812_2_9876	Carbamidomethyl	C	11
PSM812_2_9877	Carbamidomethyl	C	11
PSM812_2_9878	Carbamidomethyl	C	11
PSM812_2_9879	Carbamidomethyl	C	11
PSM812_2_988	Carbamidomethyl	C	29
PSM812_2_9880	Carbamidomethyl	C	11
PSM812_2_9881	Carbamidomethyl	C	11
PSM812_2_989	Carbamidomethyl	C	29
PSM812_2_9903	Carbamidomethyl	C	9
PSM812_2_9904	Carbamidomethyl	C	9
PSM812_2_9905	Carbamidomethyl	C	9
PSM812_2_9908	Carbamidomethyl	C	20
PSM812_2_9909	Carbamidomethyl	C	20
PSM812_2_9910	Carbamidomethyl	C	20
PSM812_2_9923	Carbamidomethyl	C	11
PSM812_2_9924	Carbamidomethyl	C	11
PSM812_2_9925	Carbamidomethyl	C	11
PSM812_2_9926	Carbamidomethyl	C	11
PSM812_2_9951	Carbamidomethyl	C	8
PSM812_2_9976	Carbamidomethyl	C	14
PSM812_2_9977	Carbamidomethyl	C	14
PSM812_2_9978	Carbamidomethyl	C	14
PSM812_2_9979	Carbamidomethyl	C	14
PSM812_2_9980	Carbamidomethyl	C	14
PSM812_2_9981	Carbamidomethyl	C	14
PSM812_2_9982	Carbamidomethyl	C	14
PSM812_2_9983	Carbamidomethyl	C	14
PSM812_2_9984	Carbamidomethyl	C	14
PSM812_2_9985	Carbamidomethyl	C	14
PSM812_2_9986	Carbamidomethyl	C	14
PSM812_2_9987	Carbamidomethyl	C	14
PSM812_2_9988	Carbamidomethyl	C	14
PSM812_2_9989	Carbamidomethyl	C	14
PSM812_2_9990	Carbamidomethyl	C	14
PSM812_2_9991	Carbamidomethyl	C	14
PSM812_2_9992	Carbamidomethyl	C	6
PSM812_2_9993	Carbamidomethyl	C	6
